550 750 55 108
1 16
2 15
2 19
2 20
3 20
4 12
5 13
5 17
6 20
7 16
8 14
8 18
9 11
10 19
11 21
12 22
13 23
14 24
15 25
16 24
17 21
17 27
18 26
18 28
19 23
19 29
20 30
21 33
21 31
22 34
22 36
23 38
24 38
24 39
25 37
26 34
27 38
27 40
28 31
29 37
30 32
30 35
31 47
32 41
32 46
32 48
32 50
33 43
33 49
34 46
35 47
36 45
36 47
37 43
38 48
39 46
40 42
40 44
41 52
41 53
42 59
43 56
44 60
45 60
46 54
47 54
47 55
48 51
48 58
49 57
50 51
51 66
51 62
52 61
53 65
54 64
54 65
55 63
56 70
57 68
58 68
59 67
59 69
60 63
61 75
62 71
63 73
64 78
64 79
65 80
66 73
67 72
67 76
67 77
68 74
69 80
70 75
71 84
71 86
72 83
73 89
74 83
75 87
76 85
77 84
77 90
78 81
78 82
78 85
79 82
80 88
81 93
82 91
83 91
84 98
85 96
85 100
86 92
86 95
87 99
87 94
88 91
89 94
90 97
91 105
92 101
93 104
94 109
95 105
96 101
96 106
97 105
98 108
98 110
99 103
100 102
100 107
100 109
101 115
102 112
103 117
104 111
104 119
105 113
105 114
106 111
107 116
108 118
109 118
109 120
110 115
111 122
112 127
113 128
113 124
114 123
115 129
115 130
116 126
117 122
118 121
118 125
119 121
120 123
121 135
121 139
122 136
123 139
124 131
125 132
126 136
127 137
127 138
128 133
128 136
129 140
130 132
130 134
131 146
132 146
133 147
134 148
134 149
135 144
136 143
136 146
137 150
138 141
138 145
139 146
140 142
141 151
141 154
142 156
142 159
143 157
143 159
144 160
145 153
146 151
147 158
148 151
148 152
149 153
149 155
150 159
151 165
152 165
153 169
154 163
155 167
156 168
157 170
158 161
159 162
159 164
160 166
160 170
161 172
161 176
162 174
163 171
163 177
164 178
165 175
165 179
166 174
167 180
168 174
169 173
169 178
170 176
171 187
172 181
173 182
174 183
175 181
175 185
175 190
176 189
176 190
177 181
178 186
178 190
179 182
179 188
180 184
181 199
182 191
183 193
183 196
184 191
185 198
186 195
187 200
188 197
189 194
189 191
190 192
191 206
192 202
192 205
193 206
194 203
195 210
196 205
197 204
198 206
199 209
200 201
200 207
200 208
201 214
201 219
202 216
203 211
204 215
204 218
205 216
206 212
206 213
206 217
207 211
208 216
209 212
210 220
211 221
212 224
212 227
212 222
213 229
213 230
214 225
215 226
216 228
217 230
217 223
218 225
219 230
220 221
221 236
222 237
223 237
224 238
224 239
225 240
226 232
227 231
227 237
228 233
228 234
228 235
229 236
230 239
231 247
231 250
232 244
232 249
233 246
234 243
234 245
235 248
236 245
237 242
237 246
238 246
239 241
240 247
241 254
242 259
243 256
243 253
244 254
245 254
246 258
246 251
247 259
247 255
248 257
248 260
249 251
249 252
250 251
251 264
252 261
252 268
253 263
253 268
253 270
254 266
254 267
255 265
256 264
257 262
257 265
257 269
258 268
259 270
260 270
261 271
261 273
262 280
263 275
264 275
265 272
266 278
267 278
267 279
268 274
268 275
269 275
269 277
270 276
271 285
272 284
272 286
273 285
274 288
274 282
274 287
275 290
276 285
277 289
277 284
278 284
279 281
279 283
280 284
281 292
282 294
282 298
283 293
283 295
284 292
285 299
286 298
287 296
288 291
288 300
289 297
290 292
291 309
292 303
293 303
294 301
295 302
295 306
295 307
296 306
296 310
297 308
298 308
299 308
300 304
300 305
301 320
302 320
303 314
304 311
304 312
305 318
306 316
307 315
307 316
308 316
309 319
310 313
310 314
310 317
311 326
312 324
313 322
313 323
313 324
314 330
315 324
315 327
315 328
316 329
317 324
318 321
319 321
320 321
320 324
320 325
320 329
321 337
322 340
323 336
324 333
324 338
325 335
326 337
327 333
328 331
328 332
329 339
330 334
330 336
331 350
332 348
333 341
334 342
334 346
335 348
336 347
337 347
338 343
339 343
339 344
339 349
339 350
340 345
340 347
341 360
342 356
342 359
343 355
344 360
345 353
346 358
347 352
347 355
348 357
348 351
349 358
350 354
351 368
352 361
352 364
352 366
353 367
354 369
355 365
355 370
356 368
357 363
358 367
359 366
360 362
361 380
362 377
363 376
363 378
364 376
365 373
365 374
365 376
366 379
366 380
367 372
367 376
368 371
368 375
368 377
369 377
370 375
371 387
372 389
373 382
374 390
375 387
375 390
375 381
376 384
377 385
377 386
377 383
378 383
379 389
380 388
381 393
381 399
382 398
383 394
384 398
385 395
386 398
387 398
388 394
389 396
389 400
390 391
390 392
390 397
391 409
392 408
393 401
394 405
395 403
396 402
397 409
398 403
398 407
398 410
399 403
400 404
400 406
400 408
401 419
402 414
403 417
403 418
403 419
403 415
404 411
405 416
405 412
405 414
406 416
406 413
407 419
408 420
409 415
410 411
411 421
412 423
412 424
413 423
413 425
414 423
414 430
415 427
416 423
417 423
417 426
418 429
419 422
420 422
420 428
421 440
422 436
423 438
424 432
425 433
425 435
426 439
427 431
428 432
428 437
429 434
430 432
431 442
432 444
432 445
433 445
434 448
435 441
436 446
437 443
437 447
438 449
439 450
440 447
441 452
442 456
442 457
443 455
444 457
445 455
446 451
446 454
447 454
447 459
448 458
449 460
450 453
451 464
451 466
451 470
452 461
453 462
453 463
454 465
455 470
456 467
456 468
457 465
458 461
459 470
460 468
460 469
461 474
461 479
462 475
463 472
463 477
464 472
465 479
466 476
467 478
468 472
469 480
469 471
470 473
471 487
472 482
473 486
474 485
475 490
476 483
477 481
477 486
478 488
478 490
479 484
480 489
480 490
481 498
482 494
482 500
483 498
484 494
484 495
485 493
486 496
487 499
488 492
489 493
489 497
490 491
491 508
492 501
493 506
494 505
495 510
496 508
497 507
498 509
499 504
499 507
499 509
500 502
500 503
501 514
502 515
503 518
503 519
504 512
505 515
506 518
507 515
508 513
508 520
509 517
509 511
510 513
510 516
511 521
512 521
513 527
514 530
515 521
515 524
515 526
516 523
517 528
518 522
518 527
519 529
520 521
520 525
521 532
521 536
521 538
522 540
523 535
523 537
524 531
525 532
526 534
527 533
528 535
529 535
529 539
530 531
531 547
531 541
532 542
533 545
533 546
534 548
535 544
536 544
537 545
537 549
538 550
538 542
539 543
540 545
1 2 3 4 5 6 7 8 9 10 
11 12 13 14 15 16 17 18 19 20 
21 22 23 24 25 26 27 28 29 30 
31 32 33 34 35 36 37 38 39 40 
41 42 43 44 45 46 47 48 49 50 
51 52 53 54 55 56 57 58 59 60 
61 62 63 64 65 66 67 68 69 70 
71 72 73 74 75 76 77 78 79 80 
81 82 83 84 85 86 87 88 89 90 
91 92 93 94 95 96 97 98 99 100 
101 102 103 104 105 106 107 108 109 110 
111 112 113 114 115 116 117 118 119 120 
121 122 123 124 125 126 127 128 129 130 
131 132 133 134 135 136 137 138 139 140 
141 142 143 144 145 146 147 148 149 150 
151 152 153 154 155 156 157 158 159 160 
161 162 163 164 165 166 167 168 169 170 
171 172 173 174 175 176 177 178 179 180 
181 182 183 184 185 186 187 188 189 190 
191 192 193 194 195 196 197 198 199 200 
201 202 203 204 205 206 207 208 209 210 
211 212 213 214 215 216 217 218 219 220 
221 222 223 224 225 226 227 228 229 230 
231 232 233 234 235 236 237 238 239 240 
241 242 243 244 245 246 247 248 249 250 
251 252 253 254 255 256 257 258 259 260 
261 262 263 264 265 266 267 268 269 270 
271 272 273 274 275 276 277 278 279 280 
281 282 283 284 285 286 287 288 289 290 
291 292 293 294 295 296 297 298 299 300 
301 302 303 304 305 306 307 308 309 310 
311 312 313 314 315 316 317 318 319 320 
321 322 323 324 325 326 327 328 329 330 
331 332 333 334 335 336 337 338 339 340 
341 342 343 344 345 346 347 348 349 350 
351 352 353 354 355 356 357 358 359 360 
361 362 363 364 365 366 367 368 369 370 
371 372 373 374 375 376 377 378 379 380 
381 382 383 384 385 386 387 388 389 390 
391 392 393 394 395 396 397 398 399 400 
401 402 403 404 405 406 407 408 409 410 
411 412 413 414 415 416 417 418 419 420 
421 422 423 424 425 426 427 428 429 430 
431 432 433 434 435 436 437 438 439 440 
441 442 443 444 445 446 447 448 449 450 
451 452 453 454 455 456 457 458 459 460 
461 462 463 464 465 466 467 468 469 470 
471 472 473 474 475 476 477 478 479 480 
481 482 483 484 485 486 487 488 489 490 
491 492 493 494 495 496 497 498 499 500 
501 502 503 504 505 506 507 508 509 510 
511 512 513 514 515 516 517 518 519 520 
521 522 523 524 525 526 527 528 529 530 
531 532 533 534 535 536 537 538 539 540 
541 542 543 544 545 546 547 548 549 550 
381 393 401 419 
171 187 200 
78 81 93 104 
8 14 24 
107 116 126 136 
124 131 146 
189 194 203 211 
315 327 333 
237 242 259 
373 382 398 
247 255 265 
484 495 510 
515 526 534 548 
90 97 105 
261 271 285 
279 281 292 
352 364 376 
232 244 254 
118 125 132 
213 229 236 
160 166 174 
520 525 532 
466 476 483 498 
99 103 117 122 
514 530 531 
137 150 159 
178 186 195 210 220 221 
462 475 490 
432 444 457 
411 421 440 447 
355 370 375 
148 152 165 
486 496 508 
175 185 198 206 
109 120 123 
461 474 485 493 
188 197 204 
19 29 37 
49 57 68 
86 92 101 
320 325 335 348 
43 56 70 75 
518 522 540 545 
4 12 22 
415 427 431 442 
503 519 529 
324 338 343 
342 359 366 
422 436 446 
291 309 319 321 
425 433 445 
224 238 246 
339 344 360 
133 147 158 161 
396 402 414 
59 69 80 
390 397 409 
129 140 142 
73 89 94 
437 443 455 
489 497 507 
64 79 82 
199 209 212 
417 426 439 450 453 
274 287 296 
243 256 264 
183 196 205 
257 262 280 284 
149 155 167 180 184 191 
504 512 521 
438 449 460 
41 53 65 
367 372 389 
163 177 181 
98 110 115 
469 471 487 499 
9 11 21 
354 369 377 
201 214 225 
509 517 528 535 
36 45 60 
100 102 112 127 
368 371 387 
456 467 478 
253 263 275 
96 106 111 
311 326 337 
380 388 394 
67 72 83 
328 331 350 
169 173 182 
228 235 248 
51 62 71 
18 26 34 
289 297 308 
313 323 336 
47 55 63 
143 157 170 
138 145 153 
283 293 303 
5 13 23 
451 464 472 
363 378 383 
272 286 298 
231 250 251 
385 395 403 
192 202 216 
334 346 358 
