572 753 52 103
1 16
2 13
3 14
4 15
4 22
5 21
6 17
6 19
7 14
8 18
8 20
9 12
10 22
11 18
12 31
13 29
13 30
14 31
15 26
16 23
17 31
18 33
19 32
19 27
20 24
21 28
22 25
22 27
23 42
24 39
25 38
26 35
27 34
28 36
28 43
28 44
29 41
30 35
31 40
32 37
33 38
34 50
35 45
36 55
37 49
37 51
38 45
39 52
40 46
41 54
42 47
43 48
43 53
44 46
45 58
45 61
46 56
47 56
48 56
49 62
50 57
51 64
51 57
51 60
51 63
52 65
53 62
54 66
55 59
56 70
56 72
57 71
57 76
57 77
58 69
59 71
60 71
61 68
61 73
62 74
62 75
63 75
64 67
64 69
65 68
66 76
67 81
67 84
68 85
68 88
69 79
69 82
70 79
70 80
71 78
71 81
71 83
71 87
72 86
73 79
74 88
75 88
76 87
77 87
78 92
79 99
80 97
81 93
82 97
83 93
84 98
84 95
85 91
86 89
87 90
87 94
88 96
89 107
90 109
91 102
92 110
93 102
94 104
94 105
95 100
95 108
96 103
97 108
98 106
99 101
99 110
100 121
101 111
102 119
103 114
104 121
105 115
106 113
106 117
107 112
107 116
108 120
109 121
110 114
110 118
111 129
111 126
112 126
113 127
114 123
115 130
116 126
117 132
118 123
118 125
119 128
119 123
119 124
120 122
121 131
121 122
122 142
123 142
124 134
124 138
125 136
125 139
126 136
126 140
126 142
127 143
128 135
129 135
130 137
130 141
131 136
132 133
132 143
133 146
133 151
134 144
134 147
135 149
135 152
135 153
136 145
136 148
136 150
136 153
137 149
138 153
139 151
140 154
141 148
142 154
143 153
144 161
144 155
144 158
145 157
146 157
147 164
148 164
149 159
150 160
150 159
151 162
151 163
152 165
153 156
153 157
154 164
155 166
155 170
156 170
157 168
157 170
158 167
159 176
160 171
160 174
161 174
162 169
163 172
164 173
165 175
166 184
167 177
168 183
169 182
169 185
170 185
171 179
172 187
173 186
174 180
174 186
175 181
176 178
177 192
178 191
179 197
179 190
180 196
181 191
182 197
183 194
183 188
184 195
185 198
186 193
187 196
187 189
188 200
189 207
190 207
191 205
191 207
192 206
193 201
194 201
194 204
195 208
196 202
196 208
197 199
197 206
197 209
198 203
199 215
199 218
199 220
200 218
201 214
202 219
203 219
204 216
205 216
206 211
207 210
207 218
208 212
208 213
209 217
209 219
210 226
211 223
212 229
212 231
213 227
214 222
215 231
215 221
216 224
217 228
218 228
219 227
220 225
220 230
221 235
221 242
222 232
223 238
224 233
224 237
225 242
226 234
226 238
227 233
228 239
229 236
230 238
231 240
231 241
232 249
233 246
233 251
233 252
234 253
235 248
236 244
237 245
238 250
239 243
239 244
240 252
241 244
241 247
242 244
243 263
244 256
244 254
245 258
245 261
245 264
246 257
246 263
247 260
247 264
248 259
249 255
250 261
251 256
252 262
253 256
254 269
255 265
255 273
256 274
257 270
258 268
258 272
258 275
259 271
259 274
260 266
260 269
261 270
262 270
263 267
264 274
265 278
266 286
267 277
267 282
268 282
269 279
270 281
270 283
271 282
272 280
273 276
274 285
275 281
275 284
276 294
276 297
277 292
278 289
279 287
280 290
280 296
281 289
282 293
283 287
284 288
285 291
286 295
287 307
288 305
289 300
289 307
290 306
291 304
292 308
293 299
294 301
295 299
296 298
296 299
297 302
297 303
298 311
298 314
299 318
300 313
301 310
301 318
302 309
303 312
304 312
305 315
306 318
307 317
307 319
308 316
309 320
310 327
311 328
312 323
313 328
314 329
315 324
315 330
316 330
317 326
318 321
318 325
319 322
319 326
320 337
321 340
322 337
323 332
323 333
324 331
324 341
325 334
325 335
326 339
327 336
327 338
328 339
329 337
330 337
331 351
332 344
333 348
333 350
334 350
335 349
336 342
337 347
338 345
339 352
339 346
339 347
340 343
340 346
341 346
342 355
343 354
343 360
344 359
345 361
346 362
347 363
348 363
349 357
349 358
350 354
351 353
352 356
353 370
354 373
355 374
356 372
357 368
357 371
358 366
358 367
359 374
360 369
360 374
361 365
361 374
362 364
363 370
364 384
364 379
365 385
366 375
367 378
367 383
368 376
369 377
370 375
370 382
371 381
372 380
373 381
374 375
375 387
375 393
376 391
377 388
378 390
379 386
379 394
379 395
380 388
381 386
382 392
382 395
383 396
384 395
385 389
386 398
386 400
387 403
388 404
389 406
390 402
391 406
392 401
393 404
394 398
394 403
394 407
395 397
395 405
396 399
397 409
398 413
399 410
399 414
400 415
401 418
402 408
403 417
404 418
405 418
405 410
405 412
406 416
406 418
406 409
407 418
407 411
408 419
409 420
409 429
410 424
411 425
412 422
413 427
413 428
414 427
415 421
415 424
415 426
416 426
417 419
418 423
419 435
420 433
420 439
421 430
422 431
422 435
423 435
424 435
424 440
425 434
426 438
427 436
428 437
429 432
430 443
430 445
431 450
432 446
432 447
433 445
434 451
435 448
435 441
435 444
436 442
437 449
438 444
439 444
440 449
441 455
441 459
442 452
442 457
443 461
443 462
444 455
444 460
445 454
445 455
446 457
447 456
448 457
449 453
450 457
451 458
452 473
453 464
453 469
454 468
455 466
455 472
456 465
456 470
457 463
458 468
459 469
460 463
460 467
461 463
462 471
463 474
463 477
464 480
464 479
465 478
466 483
467 483
468 475
468 476
469 481
470 484
471 478
472 479
473 482
473 478
474 485
475 487
475 489
475 495
476 489
477 492
478 490
478 493
479 493
480 491
481 494
482 486
483 488
484 492
485 505
486 498
486 506
487 501
488 497
489 499
489 502
490 497
491 498
492 496
492 504
492 505
493 497
494 500
495 503
496 512
496 516
497 515
498 507
498 510
499 509
500 511
501 513
501 517
501 508
502 514
503 511
504 509
505 509
506 511
507 522
507 527
508 519
509 524
510 524
511 526
511 528
512 520
513 523
513 525
514 521
515 528
516 528
517 518
518 537
519 531
519 534
520 530
521 532
521 536
522 529
522 535
523 538
524 538
525 533
526 532
527 539
528 532
529 540
530 545
531 541
532 550
533 547
533 548
534 549
535 542
536 540
537 544
537 543
538 543
539 546
540 554
541 551
541 555
542 559
543 561
544 560
545 557
545 558
546 557
547 552
547 553
548 561
549 556
550 554
551 568
552 564
553 566
554 565
555 569
555 571
556 562
557 562
558 570
559 563
559 564
560 562
560 572
561 567
561 570
1 2 3 4 5 6 7 8 9 10 11 
12 13 14 15 16 17 18 19 20 21 22 
23 24 25 26 27 28 29 30 31 32 33 
34 35 36 37 38 39 40 41 42 43 44 
45 46 47 48 49 50 51 52 53 54 55 
56 57 58 59 60 61 62 63 64 65 66 
67 68 69 70 71 72 73 74 75 76 77 
78 79 80 81 82 83 84 85 86 87 88 
89 90 91 92 93 94 95 96 97 98 99 
100 101 102 103 104 105 106 107 108 109 110 
111 112 113 114 115 116 117 118 119 120 121 
122 123 124 125 126 127 128 129 130 131 132 
133 134 135 136 137 138 139 140 141 142 143 
144 145 146 147 148 149 150 151 152 153 154 
155 156 157 158 159 160 161 162 163 164 165 
166 167 168 169 170 171 172 173 174 175 176 
177 178 179 180 181 182 183 184 185 186 187 
188 189 190 191 192 193 194 195 196 197 198 
199 200 201 202 203 204 205 206 207 208 209 
210 211 212 213 214 215 216 217 218 219 220 
221 222 223 224 225 226 227 228 229 230 231 
232 233 234 235 236 237 238 239 240 241 242 
243 244 245 246 247 248 249 250 251 252 253 
254 255 256 257 258 259 260 261 262 263 264 
265 266 267 268 269 270 271 272 273 274 275 
276 277 278 279 280 281 282 283 284 285 286 
287 288 289 290 291 292 293 294 295 296 297 
298 299 300 301 302 303 304 305 306 307 308 
309 310 311 312 313 314 315 316 317 318 319 
320 321 322 323 324 325 326 327 328 329 330 
331 332 333 334 335 336 337 338 339 340 341 
342 343 344 345 346 347 348 349 350 351 352 
353 354 355 356 357 358 359 360 361 362 363 
364 365 366 367 368 369 370 371 372 373 374 
375 376 377 378 379 380 381 382 383 384 385 
386 387 388 389 390 391 392 393 394 395 396 
397 398 399 400 401 402 403 404 405 406 407 
408 409 410 411 412 413 414 415 416 417 418 
419 420 421 422 423 424 425 426 427 428 429 
430 431 432 433 434 435 436 437 438 439 440 
441 442 443 444 445 446 447 448 449 450 451 
452 453 454 455 456 457 458 459 460 461 462 
463 464 465 466 467 468 469 470 471 472 473 
474 475 476 477 478 479 480 481 482 483 484 
485 486 487 488 489 490 491 492 493 494 495 
496 497 498 499 500 501 502 503 504 505 506 
507 508 509 510 511 512 513 514 515 516 517 
518 519 520 521 522 523 524 525 526 527 528 
529 530 531 532 533 534 535 536 537 538 539 
540 541 542 543 544 545 546 547 548 549 550 
551 552 553 554 555 556 557 558 559 560 561 
562 563 564 565 566 567 568 569 570 571 572 
196 202 219 
68 85 91 102 
99 101 111 
69 82 97 
194 204 216 
364 384 395 
220 230 238 
372 380 388 
475 487 501 
367 383 396 399 
163 172 187 
266 286 295 299 
376 391 406 
169 182 197 
13 29 41 54 66 76 
342 355 374 
15 26 35 
492 504 509 
402 408 419 
382 392 401 418 
520 530 545 
95 100 121 
19 32 37 
489 502 514 521 
9 12 31 
481 494 500 511 
259 271 282 
18 33 38 
158 167 177 192 206 
456 465 478 
425 434 451 458 468 
134 147 164 
426 438 444 
239 243 263 
507 527 539 546 557 
186 193 201 
441 459 469 
351 353 370 
280 290 306 318 
413 428 437 449 
188 200 218 
338 345 361 
43 53 62 
375 393 404 
179 190 207 
130 141 148 
386 400 415 
522 535 542 559 
23 42 47 56 
285 291 304 312 
519 534 549 556 562 
175 181 191 
234 253 256 
473 482 486 
265 278 289 
498 510 524 
533 548 561 
34 50 57 
443 461 463 
455 466 483 
214 222 232 249 255 
354 373 381 
325 334 350 
119 128 135 
88 96 103 114 
309 320 337 
532 550 554 
106 113 127 143 
300 313 328 
224 237 245 
496 516 528 
474 485 505 
267 277 292 308 316 330 
166 184 195 208 
107 112 126 
28 44 46 
209 217 228 
71 83 93 
431 450 457 
136 145 157 
108 120 122 
51 63 75 
420 433 445 
144 161 174 
124 138 153 
284 288 305 315 
270 283 287 
547 552 564 
405 412 422 
61 73 79 
513 523 538 
333 348 363 
307 317 326 
125 139 151 
231 240 252 
212 229 236 244 
324 341 346 
276 294 301 
537 544 560 
427 436 442 
541 551 568 
78 92 110 
409 429 432 
