238 307 17 44
1 21
2 16
3 23
3 24
4 17
4 25
5 18
5 20
6 18
7 15
8 22
9 18
9 26
10 16
11 28
12 16
13 19
13 22
14 27
14 28
15 35
16 29
17 34
17 42
18 34
19 30
19 31
20 35
21 37
21 40
22 33
22 38
23 39
24 36
25 35
26 30
27 34
28 32
28 41
29 51
30 54
31 51
32 46
32 52
32 56
33 49
33 53
34 43
34 44
34 47
35 50
36 51
37 48
38 45
39 45
40 51
41 55
42 53
43 68
44 65
45 69
46 68
46 62
47 60
48 66
48 57
49 58
49 63
50 68
50 59
50 63
51 66
52 70
53 67
54 67
55 64
55 69
56 61
57 72
58 75
58 80
59 74
60 84
61 73
62 76
62 77
63 83
64 72
65 78
66 81
67 74
68 71
68 73
69 79
70 82
71 85
72 89
72 92
73 98
73 90
73 93
73 94
74 97
75 88
76 94
77 91
78 95
79 90
80 87
80 94
81 86
82 96
83 97
84 98
85 107
86 102
86 104
87 107
87 108
88 105
89 107
90 112
91 109
92 107
93 103
93 111
94 106
95 100
95 101
96 106
97 107
98 99
98 104
98 110
99 122
100 117
100 122
101 124
102 116
103 124
104 124
105 113
105 114
106 115
106 124
107 126
108 120
108 123
108 126
109 118
110 121
111 124
112 119
112 124
112 125
113 136
114 133
115 135
116 128
117 140
118 137
119 129
120 130
121 131
121 132
122 138
122 127
123 130
124 139
125 133
126 134
127 153
128 147
128 148
128 149
129 151
130 143
131 151
132 144
132 147
133 148
134 150
135 141
135 145
136 142
136 147
137 146
137 150
138 150
139 154
140 152
141 155
142 161
142 165
142 156
143 165
144 156
145 158
146 160
146 164
147 162
147 167
148 157
149 163
149 166
150 159
151 158
152 157
153 164
154 168
155 178
156 169
156 171
157 173
158 174
158 176
158 181
159 170
160 171
161 182
162 171
163 178
164 175
164 176
165 172
165 180
166 176
166 179
167 177
168 173
169 192
170 188
171 193
171 186
171 189
172 194
172 190
173 196
174 189
175 193
175 183
176 196
177 188
178 185
178 191
179 187
180 195
180 196
180 184
181 187
182 190
183 207
183 209
184 203
185 202
186 209
187 200
188 206
189 198
189 206
190 205
191 203
192 204
192 210
193 208
194 199
195 197
195 208
196 201
197 218
197 219
198 224
199 213
200 214
201 216
202 223
203 214
204 218
204 220
205 221
206 223
207 217
207 222
208 215
209 211
209 221
210 212
211 229
211 233
212 225
212 230
212 232
213 227
213 238
214 235
215 237
216 225
216 234
217 233
218 237
219 235
220 228
221 231
221 236
222 226
223 233
224 231
1 2 3 4 5 6 7 8 9 10 11 12 13 14 
15 16 17 18 19 20 21 22 23 24 25 26 27 28 
29 30 31 32 33 34 35 36 37 38 39 40 41 42 
43 44 45 46 47 48 49 50 51 52 53 54 55 56 
57 58 59 60 61 62 63 64 65 66 67 68 69 70 
71 72 73 74 75 76 77 78 79 80 81 82 83 84 
85 86 87 88 89 90 91 92 93 94 95 96 97 98 
99 100 101 102 103 104 105 106 107 108 109 110 111 112 
113 114 115 116 117 118 119 120 121 122 123 124 125 126 
127 128 129 130 131 132 133 134 135 136 137 138 139 140 
141 142 143 144 145 146 147 148 149 150 151 152 153 154 
155 156 157 158 159 160 161 162 163 164 165 166 167 168 
169 170 171 172 173 174 175 176 177 178 179 180 181 182 
183 184 185 186 187 188 189 190 191 192 193 194 195 196 
197 198 199 200 201 202 203 204 205 206 207 208 209 210 
211 212 213 214 215 216 217 218 219 220 221 222 223 224 
225 226 227 228 229 230 231 232 233 234 235 236 237 238 
34 47 60 84 98 
192 210 212 
147 167 177 188 
16 29 51 
108 123 130 
207 217 233 
126 134 150 
127 153 164 
119 129 151 
91 109 118 137 
93 111 124 
135 141 155 178 
68 71 85 107 
4 25 35 
17 42 53 
66 81 86 
50 59 74 
154 168 173 
70 82 96 106 
158 174 189 
117 140 152 157 
196 201 216 
187 200 214 
105 114 133 
190 205 221 
3 23 39 45 
55 64 72 
9 26 30 
102 116 128 
171 186 209 
204 220 228 
63 83 97 
194 199 213 
56 61 73 
185 202 223 
198 224 231 
197 219 235 
44 65 78 95 
208 215 237 
69 79 90 
180 184 203 
21 37 48 
62 76 94 
132 144 156 
