63 86 9 6
1 8
2 10
2 11
3 10
3 12
4 13
5 9
6 14
7 10
8 17
8 20
8 21
9 19
10 21
11 15
11 17
11 19
12 18
12 19
12 20
13 18
14 16
14 21
15 23
16 27
16 28
17 23
18 22
18 23
19 23
19 24
20 26
20 28
21 25
22 33
22 35
22 31
23 34
23 30
24 30
25 33
25 29
26 32
27 29
28 30
29 36
29 40
30 37
31 37
32 40
33 40
33 42
34 39
35 38
35 39
35 41
36 43
37 48
38 48
38 49
39 44
40 45
40 48
41 47
42 46
43 51
43 53
44 50
45 54
46 52
46 54
47 56
48 50
49 50
49 55
50 63
51 63
52 61
53 61
54 57
54 59
54 62
55 61
56 58
56 60
56 61
1 2 3 4 5 6 7 
8 9 10 11 12 13 14 
15 16 17 18 19 20 21 
22 23 24 25 26 27 28 
29 30 31 32 33 34 35 
36 37 38 39 40 41 42 
43 44 45 46 47 48 49 
50 51 52 53 54 55 56 
57 58 59 60 61 62 63 
26 32 40 
23 34 39 
41 47 56 
22 31 37 
29 36 43 
4 13 18 
