56 70 7 8
1 10
1 12
1 15
1 16
2 13
2 14
3 9
4 10
4 15
5 10
5 14
6 13
7 11
7 15
8 9
9 21
9 22
10 17
11 22
12 22
12 24
13 23
14 20
15 18
15 19
16 22
17 25
18 26
19 29
20 28
21 30
22 32
23 28
24 25
24 27
24 31
25 35
25 40
26 34
27 37
27 38
28 34
29 33
29 36
30 35
31 35
32 38
32 39
33 45
33 47
34 43
35 41
36 43
36 47
36 48
37 46
38 41
38 44
39 43
40 42
41 49
42 51
43 50
43 52
44 55
45 54
46 49
47 50
47 56
48 53
1 2 3 4 5 6 7 8 
9 10 11 12 13 14 15 16 
17 18 19 20 21 22 23 24 
25 26 27 28 29 30 31 32 
33 34 35 36 37 38 39 40 
41 42 43 44 45 46 47 48 
49 50 51 52 53 54 55 56 
33 45 54 
7 11 22 
32 39 43 
13 23 28 
24 31 35 
37 46 49 
40 42 51 
36 48 53 
