200 269 10 35
1 38
2 23
3 28
4 26
4 32
5 27
5 37
6 38
7 21
8 29
8 33
9 23
9 24
9 25
10 34
11 21
11 32
11 39
12 26
13 28
13 36
14 23
14 31
15 26
16 22
17 35
18 27
19 29
19 40
20 30
20 32
20 33
21 52
22 55
23 56
24 41
24 58
25 43
26 41
27 54
27 60
28 51
28 58
29 54
30 42
30 53
30 60
31 44
31 57
32 47
33 48
33 49
34 48
34 59
35 50
36 41
37 45
38 45
38 48
39 41
39 46
40 54
41 76
42 73
43 79
44 70
45 61
45 75
46 80
47 68
48 73
49 78
50 63
50 69
51 72
52 62
52 64
52 71
53 72
54 74
54 75
55 66
56 62
57 79
58 78
59 65
59 77
60 67
61 85
61 90
62 90
63 99
64 83
64 87
65 81
66 89
66 94
67 82
68 99
69 81
69 96
69 100
70 99
71 86
71 92
71 96
72 99
73 84
73 95
73 97
74 91
75 98
76 96
77 83
78 88
79 97
80 93
80 94
81 110
81 115
82 111
83 109
83 112
84 119
85 108
86 120
87 112
88 102
89 104
89 106
90 120
91 116
92 103
92 105
93 118
94 114
95 117
96 105
97 113
97 114
98 102
99 102
99 107
100 101
100 118
101 129
101 136
101 123
102 129
103 138
103 140
104 124
105 140
106 132
106 139
107 125
108 125
109 134
109 125
109 126
110 137
111 135
111 125
112 131
112 132
112 125
113 130
113 122
114 128
114 121
115 124
115 127
116 132
117 133
118 129
118 140
119 132
120 136
121 151
122 154
122 159
123 157
123 160
124 145
125 155
126 160
127 156
128 142
129 144
130 145
131 155
132 150
133 143
133 145
133 146
134 158
135 148
135 150
136 147
137 141
137 150
137 151
137 153
138 155
139 149
139 152
140 160
141 170
141 177
142 177
142 178
143 174
143 176
144 177
145 161
145 170
145 180
146 166
146 172
147 175
148 162
148 169
148 175
149 161
150 164
150 169
151 168
152 164
153 163
153 168
154 171
154 173
155 179
156 175
157 165
157 166
158 173
159 167
159 168
159 170
160 164
160 177
161 187
162 187
163 182
164 187
165 194
166 185
166 192
166 196
167 184
168 189
168 199
169 189
169 198
170 194
171 183
172 183
172 193
173 181
174 185
175 190
176 186
177 188
177 191
178 192
179 200
180 195
180 197
1 2 3 4 5 6 7 8 9 10 11 12 13 14 15 16 17 18 19 20 
21 22 23 24 25 26 27 28 29 30 31 32 33 34 35 36 37 38 39 40 
41 42 43 44 45 46 47 48 49 50 51 52 53 54 55 56 57 58 59 60 
61 62 63 64 65 66 67 68 69 70 71 72 73 74 75 76 77 78 79 80 
81 82 83 84 85 86 87 88 89 90 91 92 93 94 95 96 97 98 99 100 
101 102 103 104 105 106 107 108 109 110 111 112 113 114 115 116 117 118 119 120 
121 122 123 124 125 126 127 128 129 130 131 132 133 134 135 136 137 138 139 140 
141 142 143 144 145 146 147 148 149 150 151 152 153 154 155 156 157 158 159 160 
161 162 163 164 165 166 167 168 169 170 171 172 173 174 175 176 177 178 179 180 
181 182 183 184 185 186 187 188 189 190 191 192 193 194 195 196 197 198 199 200 
99 107 125 
127 156 175 
157 165 194 
23 56 62 
64 87 112 
13 36 41 
134 158 173 
129 144 177 
31 57 79 
59 77 83 
114 121 151 
95 117 133 
154 171 183 
39 46 80 
75 98 102 
17 35 50 
30 53 72 
153 163 182 
81 110 137 
73 84 119 132 
60 67 82 111 
159 167 184 
89 104 124 
139 149 161 
33 49 78 
5 37 45 
22 55 66 
71 86 120 
109 126 160 
142 178 192 
148 162 187 
155 179 200 
113 130 145 
143 174 185 
19 40 54 
