168 220 14 30
1 13
1 14
1 20
2 19
3 14
3 20
3 22
4 20
5 14
6 15
7 17
8 16
9 20
9 24
10 18
11 21
11 23
12 19
13 34
13 36
14 25
15 33
16 27
16 28
17 29
18 26
19 36
20 28
21 30
22 32
22 31
23 28
24 35
25 41
26 47
27 41
28 37
28 43
28 45
29 42
30 42
31 41
31 44
32 40
32 46
33 38
33 48
34 42
35 39
35 46
36 47
37 58
38 58
39 51
40 59
41 50
41 57
42 56
42 58
43 54
43 58
44 57
45 60
46 52
47 53
47 55
48 49
49 65
49 61
50 71
50 61
51 69
51 61
52 70
53 64
53 67
54 70
55 66
55 72
56 70
57 72
58 68
58 63
59 63
60 72
60 62
61 73
62 78
63 76
64 80
64 83
65 79
65 84
66 77
67 74
67 78
68 78
69 77
69 82
70 84
71 75
72 81
72 84
73 85
74 86
75 86
76 90
76 95
77 91
78 89
78 91
79 93
80 88
81 85
82 86
83 87
83 93
84 96
84 92
84 94
85 102
86 108
87 97
87 99
88 98
88 104
89 107
90 106
91 101
92 100
92 103
93 100
94 105
95 101
96 102
97 118
98 115
99 118
100 111
101 119
102 113
103 119
103 120
104 109
105 112
105 113
105 114
105 117
106 116
107 116
108 110
109 132
109 127
110 129
110 131
111 129
112 128
112 129
113 130
113 121
114 126
115 130
116 129
117 124
117 126
118 122
119 122
119 123
120 125
121 141
122 136
122 142
123 134
124 135
124 143
125 133
126 140
127 141
128 137
129 144
130 138
131 139
131 144
132 138
133 151
133 152
134 154
135 148
136 145
136 148
136 153
137 148
138 147
139 154
140 151
141 148
141 149
142 156
143 146
143 150
143 151
144 148
144 155
145 167
146 159
147 158
148 163
148 157
149 162
149 163
149 166
150 161
151 163
151 165
151 168
152 164
153 160
154 159
155 165
156 161
1 2 3 4 5 6 7 8 9 10 11 12 
13 14 15 16 17 18 19 20 21 22 23 24 
25 26 27 28 29 30 31 32 33 34 35 36 
37 38 39 40 41 42 43 44 45 46 47 48 
49 50 51 52 53 54 55 56 57 58 59 60 
61 62 63 64 65 66 67 68 69 70 71 72 
73 74 75 76 77 78 79 80 81 82 83 84 
85 86 87 88 89 90 91 92 93 94 95 96 
97 98 99 100 101 102 103 104 105 106 107 108 
109 110 111 112 113 114 115 116 117 118 119 120 
121 122 123 124 125 126 127 128 129 130 131 132 
133 134 135 136 137 138 139 140 141 142 143 144 
145 146 147 148 149 150 151 152 153 154 155 156 
157 158 159 160 161 162 163 164 165 166 167 168 
123 134 154 
50 71 75 86 
10 18 26 47 
126 140 151 
112 128 137 148 
143 146 159 
103 120 125 133 
84 96 102 
64 80 88 
72 81 85 
13 34 42 
33 38 58 
40 59 63 
55 66 77 
35 39 51 
78 89 107 116 
28 45 60 
136 145 167 
46 52 70 
98 115 130 
109 127 141 
16 27 41 
100 111 129 
31 44 57 
87 99 118 
142 156 161 
65 79 93 
76 95 101 
138 147 158 
144 155 165 
