176 232 16 29
1 14
2 12
2 13
2 15
2 18
3 20
4 14
5 17
6 16
7 22
8 14
9 18
10 19
10 21
11 17
12 31
13 31
14 30
15 27
15 28
16 33
16 23
16 30
17 28
18 28
19 25
20 24
20 26
20 29
21 33
22 32
22 31
23 34
24 42
25 38
26 35
26 44
27 36
28 41
29 43
30 37
30 44
31 36
32 39
32 40
33 36
34 50
35 49
36 51
36 52
37 47
38 49
39 51
39 54
40 46
40 55
41 55
42 48
42 49
43 53
44 45
45 65
45 61
46 62
47 66
47 56
48 58
49 64
50 65
51 64
52 65
52 57
53 65
54 59
54 63
55 60
56 75
57 69
58 77
59 70
59 74
60 68
60 73
61 67
61 72
62 69
63 70
64 75
65 71
65 73
65 75
66 72
66 76
67 78
68 88
69 83
69 85
69 88
70 84
71 78
72 78
73 80
74 81
75 82
76 87
77 79
77 86
77 87
78 97
79 97
80 92
81 90
81 93
81 95
82 98
83 90
84 99
84 94
85 97
85 89
85 91
86 89
87 96
88 94
89 108
90 103
91 101
91 104
92 103
92 107
93 101
94 108
95 103
96 105
96 109
97 101
97 106
97 110
98 102
98 105
99 100
100 117
101 120
102 121
103 113
103 114
104 111
104 113
104 121
105 112
106 121
107 117
108 115
108 118
109 115
109 119
110 116
111 122
111 124
112 129
112 127
113 131
113 132
114 125
115 125
116 127
117 128
118 123
118 126
119 130
119 122
120 128
121 123
122 135
123 142
124 134
125 143
126 139
127 138
127 140
127 141
128 140
129 137
130 136
131 135
132 133
133 147
133 150
133 154
134 144
135 148
136 148
137 144
138 149
139 145
140 151
141 153
142 146
142 152
143 154
144 164
144 155
145 162
145 163
145 158
146 165
147 163
148 164
148 156
149 160
150 159
151 159
152 157
153 157
154 161
154 165
155 168
156 168
156 169
157 174
158 168
158 172
159 176
160 167
160 170
161 173
162 170
163 175
164 166
164 173
165 171
165 174
1 2 3 4 5 6 7 8 9 10 11 
12 13 14 15 16 17 18 19 20 21 22 
23 24 25 26 27 28 29 30 31 32 33 
34 35 36 37 38 39 40 41 42 43 44 
45 46 47 48 49 50 51 52 53 54 55 
56 57 58 59 60 61 62 63 64 65 66 
67 68 69 70 71 72 73 74 75 76 77 
78 79 80 81 82 83 84 85 86 87 88 
89 90 91 92 93 94 95 96 97 98 99 
100 101 102 103 104 105 106 107 108 109 110 
111 112 113 114 115 116 117 118 119 120 121 
122 123 124 125 126 127 128 129 130 131 132 
133 134 135 136 137 138 139 140 141 142 143 
144 145 146 147 148 149 150 151 152 153 154 
155 156 157 158 159 160 161 162 163 164 165 
166 167 168 169 170 171 172 173 174 175 176 
60 68 88 
2 13 31 
154 161 173 
84 99 100 117 
113 131 135 
144 155 168 
47 56 75 
43 53 65 
138 149 160 
127 141 153 157 
103 114 125 
52 57 69 
133 147 163 
66 76 87 
130 136 148 
20 24 42 
97 106 121 
126 139 145 
59 74 81 
61 67 78 
101 120 128 
28 41 55 
10 19 25 38 49 
77 86 89 
142 146 165 
73 80 92 
15 27 36 
54 63 70 
140 151 159 
