143 180 11 25
1 25
2 24
3 17
3 25
3 26
4 25
5 22
6 22
7 21
8 24
9 20
9 23
10 16
10 18
11 21
12 14
13 15
13 19
14 36
15 33
15 28
16 37
16 27
17 36
17 29
18 36
19 32
20 35
21 35
22 30
23 34
23 31
24 38
25 32
26 39
27 48
27 49
27 52
28 46
29 44
30 47
31 51
32 50
33 45
33 49
34 41
34 43
35 44
36 42
37 49
38 49
39 40
39 47
40 56
40 61
41 59
42 65
42 58
43 57
44 53
45 61
46 61
47 60
47 61
48 54
48 63
49 64
49 55
50 61
51 57
52 62
53 70
54 67
54 69
54 73
55 77
56 78
57 74
58 66
58 73
58 77
59 71
59 72
60 75
60 76
61 71
62 68
62 74
63 75
64 74
65 78
66 87
67 88
68 82
69 79
70 91
71 87
72 85
72 89
73 83
74 89
74 90
75 86
76 84
77 81
78 80
78 82
79 96
80 100
81 104
82 97
82 102
82 94
83 92
84 98
84 99
85 99
86 93
87 92
87 95
88 100
89 101
89 103
89 92
90 99
91 104
92 108
93 116
94 112
94 114
95 115
96 108
97 111
98 112
99 106
99 110
100 109
101 113
101 117
102 107
103 105
103 112
104 110
105 120
105 121
106 125
107 124
108 130
108 123
109 126
110 122
111 129
111 119
112 118
112 120
113 126
114 128
114 122
114 127
115 120
116 125
117 126
118 134
119 136
120 137
120 141
121 135
122 133
123 133
124 138
124 139
125 134
126 141
127 135
128 142
128 143
129 135
129 140
130 131
130 132
1 2 3 4 5 6 7 8 9 10 11 12 13 
14 15 16 17 18 19 20 21 22 23 24 25 26 
27 28 29 30 31 32 33 34 35 36 37 38 39 
40 41 42 43 44 45 46 47 48 49 50 51 52 
53 54 55 56 57 58 59 60 61 62 63 64 65 
66 67 68 69 70 71 72 73 74 75 76 77 78 
79 80 81 82 83 84 85 86 87 88 89 90 91 
92 93 94 95 96 97 98 99 100 101 102 103 104 
105 106 107 108 109 110 111 112 113 114 115 116 117 
118 119 120 121 122 123 124 125 126 127 128 129 130 
131 132 133 134 135 136 137 138 139 140 141 142 143 
23 31 51 57 
111 119 136 
3 26 39 
87 95 115 120 
84 98 112 
49 64 74 
108 123 133 
13 19 32 
101 113 126 
17 29 44 
10 18 36 
53 70 91 104 
62 68 82 
54 67 88 100 
22 30 47 
40 56 78 
33 45 61 
102 107 124 
73 83 92 
93 116 125 
9 20 35 
72 85 99 
105 121 135 
34 41 59 
48 63 75 
