204 256 12 38
1 24
2 31
3 34
3 26
4 33
5 19
5 21
6 22
6 23
7 31
8 30
9 32
10 28
11 20
12 28
13 29
14 18
15 28
16 25
17 27
18 44
19 39
20 47
20 50
21 35
22 39
23 40
24 37
24 38
25 43
25 46
26 47
27 39
28 44
29 48
30 51
31 35
31 45
32 41
33 42
34 36
34 49
35 59
35 61
36 58
37 57
38 55
38 57
39 62
40 55
41 66
42 54
42 60
43 64
43 53
44 53
45 55
46 56
47 68
47 60
47 62
48 57
49 66
49 67
49 52
50 65
50 57
50 63
51 66
51 55
52 70
53 69
53 75
54 73
55 82
55 83
56 72
57 70
58 81
58 84
59 76
60 79
61 74
62 77
62 80
63 79
64 83
65 70
65 78
65 79
66 85
67 70
68 71
69 101
70 96
70 95
71 98
71 94
72 89
73 89
74 94
75 97
75 100
76 102
77 92
78 90
78 91
79 92
80 87
81 101
82 86
83 99
84 93
85 88
86 115
87 110
87 118
88 111
89 107
89 112
90 103
90 111
91 115
92 119
93 114
94 109
95 105
96 104
97 116
98 105
99 106
99 117
100 116
101 106
102 108
102 113
103 120
104 121
105 128
105 134
105 122
106 126
107 135
108 126
109 127
110 120
111 122
112 136
112 127
113 130
114 132
114 133
114 125
115 122
116 123
117 131
117 124
118 129
118 122
119 120
120 140
120 144
120 148
121 146
122 141
123 152
124 149
124 151
125 138
126 152
127 137
128 137
129 143
130 145
131 144
132 139
133 143
134 150
135 149
136 142
136 147
136 153
137 170
138 167
138 169
139 167
140 170
140 158
141 159
142 160
142 164
143 154
144 166
145 161
146 163
146 154
147 168
147 154
148 162
148 155
149 156
149 157
150 155
151 170
152 159
153 165
154 187
155 175
155 185
156 172
157 179
158 179
159 179
160 179
161 180
161 187
162 184
163 176
163 181
163 186
164 174
165 173
165 179
166 175
166 183
167 182
168 178
169 171
169 177
169 184
170 187
171 189
172 189
172 191
173 196
173 189
174 197
174 204
174 190
175 198
176 202
177 188
178 198
179 193
179 195
179 199
180 194
180 198
181 201
182 192
183 197
184 200
185 202
186 203
187 204
187 188
1 2 3 4 5 6 7 8 9 10 11 12 13 14 15 16 17 
18 19 20 21 22 23 24 25 26 27 28 29 30 31 32 33 34 
35 36 37 38 39 40 41 42 43 44 45 46 47 48 49 50 51 
52 53 54 55 56 57 58 59 60 61 62 63 64 65 66 67 68 
69 70 71 72 73 74 75 76 77 78 79 80 81 82 83 84 85 
86 87 88 89 90 91 92 93 94 95 96 97 98 99 100 101 102 
103 104 105 106 107 108 109 110 111 112 113 114 115 116 117 118 119 
120 121 122 123 124 125 126 127 128 129 130 131 132 133 134 135 136 
137 138 139 140 141 142 143 144 145 146 147 148 149 150 151 152 153 
154 155 156 157 158 159 160 161 162 163 164 165 166 167 168 169 170 
171 172 173 174 175 176 177 178 179 180 181 182 183 184 185 186 187 
188 189 190 191 192 193 194 195 196 197 198 199 200 201 202 203 204 
169 171 189 
148 162 184 
6 23 40 55 
84 93 114 
87 110 120 
105 134 150 155 
96 104 121 146 
166 183 197 
35 61 74 94 
78 91 115 
49 52 70 
142 164 174 
3 26 47 
53 69 101 
118 129 143 
102 113 130 145 161 
117 131 144 
163 176 202 
14 18 44 
116 123 152 
9 32 41 66 
34 36 58 
124 151 170 
50 63 79 
46 56 72 89 
147 168 178 198 
140 158 179 
8 30 51 
62 77 92 
122 141 159 
136 153 165 
167 182 192 
13 29 48 57 
85 88 111 
43 64 83 
107 135 149 
4 33 42 
5 19 39 
