209 278 19 37
1 14
2 20
3 20
4 19
4 22
5 16
5 18
6 15
6 17
7 13
8 17
9 21
10 17
11 12
12 33
12 30
13 32
13 26
13 27
14 23
14 31
15 32
15 28
16 26
17 24
18 25
19 24
20 30
21 29
22 29
23 44
24 38
24 40
25 34
25 39
26 43
27 39
28 40
28 42
29 40
30 35
30 37
31 37
32 36
33 39
33 41
34 45
34 53
35 50
36 46
37 49
37 54
37 55
38 52
39 50
40 48
41 50
42 49
42 51
43 47
43 49
44 52
45 60
46 62
47 63
48 60
49 64
49 58
50 60
51 61
52 65
53 57
53 62
54 66
54 59
55 56
56 69
57 68
58 70
58 71
58 72
59 68
60 67
61 68
62 76
62 77
63 69
64 74
64 75
65 70
65 73
66 67
67 79
68 88
69 87
70 85
71 88
72 78
72 82
73 86
74 84
75 80
75 81
76 78
76 83
77 85
78 96
78 91
78 93
78 95
79 98
79 89
80 97
81 98
82 93
83 99
84 98
85 96
85 99
85 90
85 94
86 99
87 96
88 96
88 92
89 102
90 107
91 101
91 106
92 108
93 109
94 103
95 105
96 101
96 110
97 108
98 103
99 100
99 104
99 107
100 115
101 113
102 114
102 120
103 112
104 111
104 119
105 117
106 112
107 121
108 113
109 118
110 114
110 115
110 116
111 124
112 129
112 127
113 131
113 126
114 122
115 132
116 123
117 129
118 128
119 124
120 124
121 130
121 125
122 137
123 134
124 135
125 139
126 140
127 139
128 136
128 140
129 133
129 138
129 143
130 141
131 142
132 135
133 154
134 146
134 153
135 144
135 152
136 151
136 154
137 150
138 148
139 147
140 147
141 145
142 152
143 148
143 149
144 155
145 158
146 159
147 160
147 156
148 162
148 159
149 161
149 163
149 165
149 159
150 159
151 157
152 159
153 158
154 164
155 168
156 168
156 173
157 176
158 170
158 174
159 169
159 171
160 175
161 166
161 171
162 172
163 176
164 167
164 174
165 168
166 187
167 185
168 180
169 180
169 181
169 182
170 185
171 177
172 178
173 177
174 179
174 183
174 186
175 185
176 184
177 189
177 190
178 188
179 188
180 194
180 198
181 188
182 194
182 197
183 195
183 196
183 188
184 188
185 192
185 193
186 192
187 191
188 206
189 207
189 209
190 201
190 203
190 208
191 201
192 202
193 199
193 201
194 200
195 208
196 202
196 204
197 205
198 206
1 2 3 4 5 6 7 8 9 10 11 
12 13 14 15 16 17 18 19 20 21 22 
23 24 25 26 27 28 29 30 31 32 33 
34 35 36 37 38 39 40 41 42 43 44 
45 46 47 48 49 50 51 52 53 54 55 
56 57 58 59 60 61 62 63 64 65 66 
67 68 69 70 71 72 73 74 75 76 77 
78 79 80 81 82 83 84 85 86 87 88 
89 90 91 92 93 94 95 96 97 98 99 
100 101 102 103 104 105 106 107 108 109 110 
111 112 113 114 115 116 117 118 119 120 121 
122 123 124 125 126 127 128 129 130 131 132 
133 134 135 136 137 138 139 140 141 142 143 
144 145 146 147 148 149 150 151 152 153 154 
155 156 157 158 159 160 161 162 163 164 165 
166 167 168 169 170 171 172 173 174 175 176 
177 178 179 180 181 182 183 184 185 186 187 
188 189 190 191 192 193 194 195 196 197 198 
199 200 201 202 203 204 205 206 207 208 209 
129 133 154 
58 71 88 
112 127 139 
172 178 188 
9 21 29 
110 116 123 134 
14 23 44 52 
36 46 62 
72 82 93 
149 165 168 
187 191 201 
64 74 84 98 
104 119 124 
136 151 157 176 
37 55 56 69 
130 141 145 158 
114 122 137 150 159 
85 94 103 
75 80 97 108 
113 131 142 152 
53 57 68 
4 19 24 
34 45 60 
183 195 208 
109 118 128 
30 35 50 
65 73 86 99 
5 16 26 
13 27 39 
147 160 175 185 
180 198 206 
156 173 177 
115 132 135 
54 66 67 
79 89 102 
174 186 192 
182 197 205 
