208 271 16 36
1 25
1 26
2 18
3 19
4 20
5 16
5 22
6 20
6 23
7 15
7 17
8 21
9 20
10 14
11 24
12 18
13 14
14 28
15 27
15 28
16 32
16 30
17 28
18 33
18 29
19 34
19 35
20 36
21 37
21 39
21 31
22 30
23 38
24 38
25 36
26 39
27 41
27 50
28 49
29 46
29 48
29 51
30 50
31 43
31 44
32 47
33 40
34 45
34 48
34 52
35 42
36 47
37 42
38 42
39 44
40 62
40 63
41 56
42 55
42 58
43 54
43 55
43 60
44 64
44 61
45 56
46 56
47 57
47 59
47 63
48 65
49 53
50 55
51 63
52 59
53 68
54 67
55 70
55 71
56 69
57 73
58 72
59 66
59 72
60 70
61 75
61 76
61 77
62 74
63 68
64 70
65 68
65 78
66 80
67 83
67 87
68 84
69 80
69 85
69 87
70 86
71 86
71 90
72 79
72 88
73 87
74 80
75 84
75 89
76 82
77 81
78 91
79 95
80 104
81 96
81 103
82 97
83 102
84 93
85 94
86 93
87 99
88 96
89 101
89 102
90 100
90 94
91 98
91 92
92 109
92 110
93 107
94 105
95 117
96 114
97 111
97 116
98 113
99 107
100 115
101 112
102 106
102 108
102 112
103 114
104 107
105 126
106 123
107 127
108 129
109 124
109 126
110 129
111 130
112 130
112 118
113 128
113 120
114 119
114 120
115 121
116 125
116 126
117 122
118 136
119 137
119 138
120 139
121 135
122 132
123 139
124 140
125 134
126 131
126 142
127 132
127 133
127 134
128 135
129 142
130 141
130 143
131 153
132 144
133 146
133 151
134 152
134 156
135 152
136 154
137 145
137 149
138 148
138 154
139 147
140 150
141 155
142 155
143 154
144 157
145 166
146 165
146 166
147 166
147 167
148 162
148 158
149 164
150 160
151 168
151 159
152 166
153 163
154 161
155 157
156 169
157 173
158 180
159 171
159 172
160 176
160 179
161 173
162 178
163 182
164 170
164 174
165 171
166 174
167 182
168 174
168 175
168 177
168 182
169 171
169 181
170 195
171 183
172 191
173 190
174 195
175 192
176 187
177 189
178 193
179 186
180 185
180 188
180 189
181 194
181 184
182 193
183 201
184 198
184 206
185 204
185 208
186 200
187 196
188 202
188 204
188 206
189 197
189 199
189 206
190 203
191 204
192 200
193 203
194 205
195 207
1 2 3 4 5 6 7 8 9 10 11 12 13 
14 15 16 17 18 19 20 21 22 23 24 25 26 
27 28 29 30 31 32 33 34 35 36 37 38 39 
40 41 42 43 44 45 46 47 48 49 50 51 52 
53 54 55 56 57 58 59 60 61 62 63 64 65 
66 67 68 69 70 71 72 73 74 75 76 77 78 
79 80 81 82 83 84 85 86 87 88 89 90 91 
92 93 94 95 96 97 98 99 100 101 102 103 104 
105 106 107 108 109 110 111 112 113 114 115 116 117 
118 119 120 121 122 123 124 125 126 127 128 129 130 
131 132 133 134 135 136 137 138 139 140 141 142 143 
144 145 146 147 148 149 150 151 152 153 154 155 156 
157 158 159 160 161 162 163 164 165 166 167 168 169 
170 171 172 173 174 175 176 177 178 179 180 181 182 
183 184 185 186 187 188 189 190 191 192 193 194 195 
196 197 198 199 200 201 202 203 204 205 206 207 208 
181 194 205 
115 121 135 
153 163 182 
94 105 126 
137 149 164 
44 64 70 
124 140 150 160 
168 175 192 200 
18 33 40 
65 78 91 
102 106 123 139 
1 26 39 
28 49 53 68 
130 141 155 
162 178 193 
171 183 201 
173 190 203 
62 74 80 
29 46 56 
34 52 59 
16 32 47 
42 58 72 
116 125 134 
117 122 132 
57 73 87 
6 23 38 
148 158 180 
76 82 97 
89 101 112 
118 136 154 
176 187 196 
159 172 191 204 
81 103 114 
43 54 67 
5 22 30 
92 110 129 
