132 166 12 23
1 22
2 22
3 13
3 18
3 19
4 15
4 16
5 21
6 21
7 22
8 17
9 12
9 14
9 20
10 18
11 22
12 28
13 24
13 25
14 26
14 29
15 24
16 24
16 27
17 32
18 29
19 29
19 31
20 33
20 30
21 28
22 23
23 37
24 42
25 38
26 36
26 40
27 40
28 42
29 39
29 43
30 42
30 44
31 40
32 34
32 41
33 35
34 47
35 45
35 51
36 46
37 47
37 48
38 54
39 52
40 49
41 47
41 53
42 52
43 51
43 55
44 50
45 58
45 63
46 62
47 64
48 59
49 60
50 57
51 65
52 64
52 66
53 62
54 65
54 61
55 56
55 62
56 75
57 70
57 77
58 76
59 74
60 71
61 72
62 68
63 69
64 67
64 73
65 69
66 72
67 87
68 79
68 84
69 78
70 81
71 82
71 86
72 78
73 85
74 83
75 80
76 83
76 88
77 87
78 93
79 90
80 99
81 96
82 92
83 96
83 91
84 98
84 93
85 97
86 94
87 89
87 94
88 92
88 95
89 103
89 107
90 101
91 108
92 102
93 104
94 105
95 108
95 109
96 102
96 105
96 110
97 106
98 101
99 100
100 112
101 118
102 117
102 120
102 121
103 115
104 118
105 112
105 114
105 120
106 120
107 111
107 116
108 112
109 113
109 119
110 120
111 124
112 132
113 123
114 129
115 132
116 124
117 128
117 122
118 131
119 130
119 125
120 132
121 132
121 126
121 127
1 2 3 4 5 6 7 8 9 10 11 
12 13 14 15 16 17 18 19 20 21 22 
23 24 25 26 27 28 29 30 31 32 33 
34 35 36 37 38 39 40 41 42 43 44 
45 46 47 48 49 50 51 52 53 54 55 
56 57 58 59 60 61 62 63 64 65 66 
67 68 69 70 71 72 73 74 75 76 77 
78 79 80 81 82 83 84 85 86 87 88 
89 90 91 92 93 94 95 96 97 98 99 
100 101 102 103 104 105 106 107 108 109 110 
111 112 113 114 115 116 117 118 119 120 121 
122 123 124 125 126 127 128 129 130 131 132 
71 82 92 
44 50 57 
52 66 72 
73 85 97 106 120 
75 80 99 100 112 
22 23 37 
45 58 76 
93 104 118 
89 103 115 132 
64 67 87 
16 27 40 
48 59 74 83 
107 116 124 
109 113 123 
9 12 28 
41 53 62 
8 17 32 
105 114 129 
70 81 96 
13 25 38 54 
79 90 101 
4 15 24 
20 33 35 
