169 210 13 30
1 19
2 20
3 25
4 15
4 23
5 22
6 18
7 16
8 14
8 17
8 21
8 26
9 18
10 24
11 25
12 21
13 22
14 30
15 35
16 28
17 29
17 30
18 33
19 38
20 38
21 34
21 27
22 36
23 37
23 28
24 32
25 39
26 30
26 31
27 52
28 44
29 43
30 47
31 40
32 49
33 42
33 51
34 45
34 50
35 41
36 41
37 46
37 48
38 47
39 41
40 56
41 65
41 57
42 64
42 58
43 59
44 55
45 54
45 61
46 56
46 63
47 65
48 56
48 62
49 53
50 53
50 60
51 64
52 54
53 69
54 73
55 68
56 72
57 66
57 76
58 66
58 78
59 71
60 66
61 67
62 67
62 77
63 74
64 73
64 75
65 70
66 80
67 87
68 87
69 81
70 88
71 89
71 90
72 82
73 83
73 84
74 86
75 85
75 87
75 88
76 79
77 79
77 91
78 80
79 97
79 92
80 99
80 101
81 95
82 99
82 103
82 93
83 104
84 96
85 99
85 102
86 96
87 98
88 94
89 98
90 100
91 99
92 115
93 112
94 109
94 113
95 108
96 105
96 115
96 116
97 114
98 106
99 107
99 108
99 117
100 109
101 106
102 110
103 108
103 111
104 112
105 127
106 125
107 120
108 129
108 130
109 128
109 119
110 118
110 120
110 123
111 119
112 122
113 129
114 120
114 126
115 127
116 127
117 121
117 124
118 138
119 132
120 140
121 134
121 143
122 143
123 137
124 140
125 142
126 136
127 136
128 131
129 133
130 135
130 139
130 141
131 144
131 146
131 152
132 147
133 148
133 153
134 149
135 145
136 155
137 149
138 154
139 152
140 149
140 150
140 151
141 156
142 154
143 154
144 163
145 164
146 160
147 168
147 157
148 163
149 167
149 157
150 169
151 158
152 162
153 159
154 160
155 161
156 165
156 166
1 2 3 4 5 6 7 8 9 10 11 12 13 
14 15 16 17 18 19 20 21 22 23 24 25 26 
27 28 29 30 31 32 33 34 35 36 37 38 39 
40 41 42 43 44 45 46 47 48 49 50 51 52 
53 54 55 56 57 58 59 60 61 62 63 64 65 
66 67 68 69 70 71 72 73 74 75 76 77 78 
79 80 81 82 83 84 85 86 87 88 89 90 91 
92 93 94 95 96 97 98 99 100 101 102 103 104 
105 106 107 108 109 110 111 112 113 114 115 116 117 
118 119 120 121 122 123 124 125 126 127 128 129 130 
131 132 133 134 135 136 137 138 139 140 141 142 143 
144 145 146 147 148 149 150 151 152 153 154 155 156 
157 158 159 160 161 162 163 164 165 166 167 168 169 
119 132 147 
96 116 127 
112 122 143 
17 29 43 59 71 
50 60 66 
28 44 55 68 87 
45 61 67 
58 78 80 
136 155 161 
140 151 158 
31 40 56 
22 36 41 
135 145 164 
65 70 88 
21 27 52 54 
131 146 160 
121 134 149 
24 32 49 53 
2 20 38 
94 113 129 
133 148 163 
79 97 114 
81 95 108 
130 141 156 
77 91 99 
90 100 109 
106 125 142 154 
85 102 110 
33 51 64 
8 14 30 
