168 215 14 30
1 18
1 24
2 15
2 20
3 13
4 14
4 19
5 15
5 17
6 13
7 19
8 24
9 13
10 16
11 21
11 22
11 23
12 19
13 29
13 31
14 33
14 26
15 29
16 35
17 32
17 36
18 34
18 25
19 34
19 28
20 29
21 34
21 27
21 30
22 30
23 29
24 29
25 40
26 46
27 41
27 42
28 47
29 39
29 45
30 37
30 38
31 40
32 48
33 38
34 44
35 39
36 43
37 50
37 56
38 59
39 49
39 55
40 60
41 54
42 56
42 58
43 54
43 57
44 51
44 52
45 52
46 59
47 53
48 52
49 63
50 70
51 68
51 71
51 72
51 62
52 66
53 72
54 61
55 67
56 64
56 65
57 67
58 67
59 66
60 67
60 69
61 77
61 84
62 73
63 73
64 73
65 80
65 81
66 82
67 78
67 79
68 78
69 76
69 83
70 75
71 81
72 74
72 82
73 90
74 91
75 86
75 87
76 94
77 94
78 96
79 90
80 93
81 85
82 92
82 93
83 95
84 88
84 89
85 103
86 98
86 104
87 106
88 97
88 105
89 106
90 103
90 108
91 106
92 101
93 107
94 99
95 100
96 102
97 113
97 118
98 120
99 109
100 114
101 109
102 119
103 115
104 112
104 119
105 110
105 111
105 116
106 120
107 109
108 117
108 120
109 128
109 129
110 123
110 126
111 125
112 124
113 131
113 132
113 127
114 123
115 131
116 129
117 130
117 131
118 122
119 121
120 132
121 134
121 136
121 138
122 136
123 134
124 135
124 142
124 143
125 141
126 144
127 135
128 140
129 139
130 136
131 133
131 137
132 136
133 156
134 145
134 152
134 154
135 150
136 149
136 152
137 147
137 151
138 156
139 155
140 146
141 147
142 156
143 147
144 148
144 153
145 162
145 166
146 160
147 159
148 158
149 157
150 165
150 158
151 168
152 160
153 161
154 167
155 164
156 163
1 2 3 4 5 6 7 8 9 10 11 12 
13 14 15 16 17 18 19 20 21 22 23 24 
25 26 27 28 29 30 31 32 33 34 35 36 
37 38 39 40 41 42 43 44 45 46 47 48 
49 50 51 52 53 54 55 56 57 58 59 60 
61 62 63 64 65 66 67 68 69 70 71 72 
73 74 75 76 77 78 79 80 81 82 83 84 
85 86 87 88 89 90 91 92 93 94 95 96 
97 98 99 100 101 102 103 104 105 106 107 108 
109 110 111 112 113 114 115 116 117 118 119 120 
121 122 123 124 125 126 127 128 129 130 131 132 
133 134 135 136 137 138 139 140 141 142 143 144 
145 146 147 148 149 150 151 152 153 154 155 156 
157 158 159 160 161 162 163 164 165 166 167 168 
144 148 158 
82 92 101 109 
50 70 75 
84 89 106 
39 49 63 73 
13 31 40 
103 115 131 
51 68 78 
14 26 46 59 
124 142 156 
83 95 100 114 123 
42 58 67 
137 151 168 
11 22 30 
47 53 72 
97 118 122 136 
2 20 29 
65 80 93 
113 127 135 
128 140 146 160 
111 125 141 147 
139 155 164 
96 102 119 
105 116 129 
17 36 43 
32 48 52 
86 98 120 
61 77 94 
134 154 167 
27 41 54 
