250 362 10 33
1 35
2 31
2 36
3 33
4 40
4 44
5 27
5 29
6 27
7 27
8 28
8 32
8 47
9 40
10 45
11 37
12 26
13 27
14 42
15 33
16 26
16 30
17 45
18 39
18 50
19 48
20 38
20 49
21 34
21 43
22 49
23 48
24 33
24 35
24 46
25 41
26 57
26 63
27 63
28 54
29 52
29 66
30 63
31 51
31 65
32 62
32 63
32 64
32 73
33 56
33 70
34 55
35 71
36 63
36 74
37 73
38 51
39 67
40 55
40 58
41 59
41 61
41 71
42 60
42 69
43 60
44 53
44 68
45 57
46 67
46 75
47 56
47 75
48 55
48 60
48 72
49 67
50 73
51 76
52 81
53 99
54 78
54 98
55 100
56 77
56 85
56 100
57 83
57 86
57 96
58 76
59 80
60 79
60 80
61 85
61 90
62 89
62 93
63 78
63 86
63 88
64 95
65 91
65 94
66 80
67 80
67 81
68 100
69 80
70 77
70 87
70 95
71 84
71 92
71 97
72 92
72 96
73 82
73 86
74 76
74 78
75 95
76 110
77 120
78 108
78 112
79 103
80 121
81 122
81 124
82 120
83 102
84 116
85 119
85 123
85 124
86 102
87 115
87 118
88 106
89 114
90 109
91 120
92 101
93 110
94 115
95 105
95 120
96 107
96 113
96 117
97 101
97 104
98 111
99 103
99 120
99 125
100 106
101 138
102 138
102 140
103 131
104 130
104 141
104 143
104 145
104 126
105 130
106 128
106 133
106 142
107 132
108 135
109 132
110 147
111 135
111 136
112 129
113 138
114 134
115 129
116 148
116 127
117 137
117 139
118 134
119 134
119 149
120 147
121 138
122 150
123 144
124 138
125 146
126 156
126 161
127 153
128 152
128 167
128 175
129 155
130 152
130 170
130 173
131 154
131 166
131 175
132 171
133 153
133 165
134 175
135 160
135 172
136 152
136 158
136 163
137 158
137 171
138 154
138 157
139 158
140 163
141 163
141 175
142 154
143 153
143 155
143 164
144 151
144 152
144 170
145 152
145 169
146 167
146 171
147 155
148 158
148 162
148 168
149 156
149 159
149 174
150 160
151 177
152 176
152 181
153 180
154 188
155 187
155 192
155 199
156 195
157 178
157 191
158 177
159 184
160 185
160 197
161 198
162 181
162 194
162 196
163 182
163 183
164 189
164 193
165 188
166 191
167 186
167 191
167 200
168 191
169 190
170 177
171 179
172 186
173 186
174 194
175 194
176 210
177 208
178 203
178 204
179 217
180 224
180 225
181 203
181 220
181 222
182 209
182 211
182 214
183 206
183 209
184 204
184 213
185 210
185 216
185 222
186 217
186 220
187 208
187 221
188 202
188 223
189 202
190 202
191 224
192 201
192 203
193 212
194 215
194 216
195 205
196 218
196 224
197 207
197 209
198 213
198 217
199 217
199 219
200 210
200 211
201 226
201 227
202 234
203 233
203 238
203 248
204 239
205 235
206 237
207 242
208 230
208 236
208 246
209 232
210 231
210 239
211 242
212 241
212 244
213 231
213 247
214 240
214 243
215 249
216 236
217 228
217 235
218 237
219 249
220 244
221 228
221 245
222 236
223 234
224 229
224 238
225 239
225 250
1 2 3 4 5 6 7 8 9 10 11 12 13 14 15 16 17 18 19 20 21 22 23 24 25 
26 27 28 29 30 31 32 33 34 35 36 37 38 39 40 41 42 43 44 45 46 47 48 49 50 
51 52 53 54 55 56 57 58 59 60 61 62 63 64 65 66 67 68 69 70 71 72 73 74 75 
76 77 78 79 80 81 82 83 84 85 86 87 88 89 90 91 92 93 94 95 96 97 98 99 100 
101 102 103 104 105 106 107 108 109 110 111 112 113 114 115 116 117 118 119 120 121 122 123 124 125 
126 127 128 129 130 131 132 133 134 135 136 137 138 139 140 141 142 143 144 145 146 147 148 149 150 
151 152 153 154 155 156 157 158 159 160 161 162 163 164 165 166 167 168 169 170 171 172 173 174 175 
176 177 178 179 180 181 182 183 184 185 186 187 188 189 190 191 192 193 194 195 196 197 198 199 200 
201 202 203 204 205 206 207 208 209 210 211 212 213 214 215 216 217 218 219 220 221 222 223 224 225 
226 227 228 229 230 231 232 233 234 235 236 237 238 239 240 241 242 243 244 245 246 247 248 249 250 
41 59 80 
57 83 102 
117 139 158 
18 50 73 
116 127 153 
195 205 235 
62 89 114 134 
32 64 95 
65 94 115 
96 113 138 
44 68 100 
61 90 109 132 
164 189 202 
54 98 111 
40 58 76 
63 88 106 
21 43 60 
144 151 177 
78 108 135 
99 125 146 
29 52 81 
197 207 242 
149 159 184 
152 176 210 
131 166 191 
196 218 237 
130 173 186 
199 219 249 
122 150 160 
20 38 51 
171 179 217 
133 165 188 
126 161 198 
