240 318 20 46
1 15
2 18
3 17
3 18
3 20
4 16
5 23
5 24
6 18
7 15
8 14
9 21
10 13
10 16
10 22
11 19
12 22
13 27
14 35
14 28
14 31
15 36
16 31
17 29
17 30
18 32
19 25
20 27
21 25
22 26
22 31
23 34
24 33
25 45
26 45
27 44
28 41
28 42
28 48
29 37
30 47
31 40
32 39
33 38
34 43
34 47
35 37
36 44
36 46
37 55
37 56
37 57
38 51
38 59
39 60
40 60
41 52
42 59
43 54
44 60
45 56
46 49
47 58
48 50
48 53
48 56
49 61
50 67
50 62
51 65
51 70
52 63
53 64
53 71
54 61
55 72
56 64
56 66
56 67
56 70
57 68
58 69
58 70
59 64
60 68
61 74
61 75
62 76
63 80
64 79
64 83
65 81
66 81
67 77
67 79
68 78
69 73
69 81
70 82
71 79
72 78
72 84
73 87
73 93
74 87
74 90
75 96
76 86
76 88
76 89
77 87
78 96
79 95
80 85
80 94
81 88
82 92
83 85
84 91
85 106
86 105
86 108
87 106
88 107
89 99
89 102
90 105
91 107
92 101
93 100
93 103
94 97
95 98
96 97
96 104
97 115
98 109
99 116
100 113
101 120
102 110
102 112
102 113
103 110
104 115
105 116
106 111
107 114
107 117
107 118
108 119
109 121
110 124
111 127
112 123
113 131
113 124
113 125
114 126
115 127
116 123
117 128
117 130
117 122
118 129
119 132
119 121
120 121
121 133
122 141
123 133
124 134
124 135
124 138
125 142
126 144
127 143
128 143
129 135
129 137
129 139
130 135
131 140
131 143
132 136
133 148
133 151
134 155
135 151
136 155
137 151
138 152
139 146
139 149
140 150
140 153
140 156
141 152
141 154
142 145
143 155
144 147
145 165
146 163
146 166
147 160
147 162
148 160
149 164
150 168
151 157
152 160
152 161
153 160
154 157
154 159
155 167
155 158
156 158
157 170
158 180
159 175
159 179
160 174
161 171
161 176
162 169
163 174
164 170
164 178
165 173
165 174
166 172
167 177
167 180
168 172
169 185
170 183
171 184
172 190
173 182
173 191
174 192
175 181
175 190
176 191
177 188
178 187
179 189
179 190
180 186
181 194
181 202
182 196
182 197
182 198
183 194
184 193
184 195
185 203
186 200
187 199
188 201
189 197
190 204
191 203
192 194
193 209
193 210
194 206
194 207
194 212
195 216
196 207
196 211
197 215
198 215
199 205
200 214
201 208
201 213
201 214
202 215
203 206
204 210
205 218
205 220
205 221
206 227
207 217
207 223
208 222
209 225
210 227
211 219
212 219
213 226
213 219
214 221
215 224
215 228
216 225
217 233
218 239
219 234
219 238
220 237
221 232
222 237
223 236
224 229
225 230
226 231
226 233
226 236
227 236
228 235
228 240
1 2 3 4 5 6 7 8 9 10 11 12 
13 14 15 16 17 18 19 20 21 22 23 24 
25 26 27 28 29 30 31 32 33 34 35 36 
37 38 39 40 41 42 43 44 45 46 47 48 
49 50 51 52 53 54 55 56 57 58 59 60 
61 62 63 64 65 66 67 68 69 70 71 72 
73 74 75 76 77 78 79 80 81 82 83 84 
85 86 87 88 89 90 91 92 93 94 95 96 
97 98 99 100 101 102 103 104 105 106 107 108 
109 110 111 112 113 114 115 116 117 118 119 120 
121 122 123 124 125 126 127 128 129 130 131 132 
133 134 135 136 137 138 139 140 141 142 143 144 
145 146 147 148 149 150 151 152 153 154 155 156 
157 158 159 160 161 162 163 164 165 166 167 168 
169 170 171 172 173 174 175 176 177 178 179 180 
181 182 183 184 185 186 187 188 189 190 191 192 
193 194 195 196 197 198 199 200 201 202 203 204 
205 206 207 208 209 210 211 212 213 214 215 216 
217 218 219 220 221 222 223 224 225 226 227 228 
229 230 231 232 233 234 235 236 237 238 239 240 
93 100 113 
36 46 49 61 
102 112 123 
70 82 92 101 120 121 
107 114 126 144 147 
207 223 236 
64 83 85 
24 33 38 
89 99 116 
67 77 87 
196 211 219 
117 128 143 
167 177 188 201 
140 150 168 172 
41 52 63 80 
31 40 60 
50 62 76 
129 137 151 
180 186 200 214 
14 35 37 
96 104 115 
215 224 229 
132 136 155 
184 195 216 225 
179 189 197 
161 176 191 
86 108 119 
170 183 194 
56 66 81 
125 142 145 165 
5 23 34 
53 71 79 
124 138 152 
139 149 164 
205 220 237 
11 19 25 
10 13 27 
28 42 59 
169 185 203 
22 26 45 
133 148 160 
74 90 105 
146 163 174 
17 30 47 
106 111 127 
190 204 210 
