240 317 16 43
1 23
1 24
1 29
2 28
3 30
4 23
5 20
6 21
7 27
7 28
8 16
9 17
9 19
10 18
11 21
11 25
12 26
13 22
14 23
15 21
16 44
17 35
17 31
18 40
19 32
20 33
21 32
22 39
23 33
23 41
23 44
23 45
24 35
24 36
24 38
25 42
26 37
26 43
27 33
28 34
28 40
29 36
30 43
31 50
32 54
33 50
34 49
34 52
35 51
36 51
36 55
36 60
37 60
38 46
38 57
39 49
40 47
41 49
41 56
42 49
42 58
43 48
44 53
45 46
45 59
46 67
46 70
47 65
48 75
49 69
49 72
50 74
51 65
52 74
53 68
53 75
53 62
54 71
54 72
54 73
55 66
56 66
57 66
57 61
58 66
59 70
59 63
60 64
60 65
61 79
61 83
62 78
63 81
63 82
64 80
64 89
65 86
65 89
66 78
66 87
67 85
67 90
68 84
69 88
70 88
71 76
72 88
73 89
74 78
75 77
76 92
77 101
78 97
79 101
80 98
81 104
82 97
82 95
83 99
84 98
85 100
85 93
86 103
86 105
87 93
88 96
89 91
89 94
90 102
91 109
92 111
93 114
94 109
94 116
95 112
96 113
96 118
96 119
97 109
98 108
99 111
100 107
100 115
101 106
101 110
102 110
102 120
103 119
104 112
105 117
106 130
107 123
108 129
108 133
108 134
109 130
109 121
110 122
111 126
112 127
113 128
114 132
115 130
115 125
116 127
117 124
118 135
119 131
120 132
121 137
121 143
122 145
122 150
123 136
124 143
125 140
125 142
126 138
126 148
127 138
128 149
129 140
130 141
131 145
132 136
132 147
133 139
134 146
135 136
135 144
136 158
137 152
138 159
139 160
140 158
141 165
142 160
142 162
142 155
143 154
144 156
145 165
146 161
147 164
147 151
148 157
149 153
150 163
150 158
151 167
151 173
152 171
153 178
154 178
155 168
156 169
156 178
157 175
158 177
159 172
160 168
161 166
161 176
162 167
162 174
162 180
163 178
163 179
164 172
165 170
166 195
166 185
167 190
168 183
169 182
169 191
170 183
171 189
172 182
172 188
173 194
174 195
175 187
176 192
176 181
176 184
177 181
178 193
179 186
180 187
181 204
182 200
183 208
184 203
185 210
186 198
186 202
187 199
188 210
189 199
190 196
190 204
191 201
191 207
192 206
193 199
194 203
195 197
195 203
195 205
195 209
196 213
196 219
196 220
197 214
197 216
198 213
198 215
198 222
199 211
200 224
200 212
201 220
202 216
203 220
204 225
204 217
205 224
206 225
207 223
208 224
208 216
208 218
209 216
210 224
210 221
211 235
212 228
213 232
213 237
214 227
214 237
215 233
215 236
216 229
217 231
218 230
219 228
220 237
221 226
221 234
222 237
223 238
224 229
225 229
225 239
225 240
1 2 3 4 5 6 7 8 9 10 11 12 13 14 15 
16 17 18 19 20 21 22 23 24 25 26 27 28 29 30 
31 32 33 34 35 36 37 38 39 40 41 42 43 44 45 
46 47 48 49 50 51 52 53 54 55 56 57 58 59 60 
61 62 63 64 65 66 67 68 69 70 71 72 73 74 75 
76 77 78 79 80 81 82 83 84 85 86 87 88 89 90 
91 92 93 94 95 96 97 98 99 100 101 102 103 104 105 
106 107 108 109 110 111 112 113 114 115 116 117 118 119 120 
121 122 123 124 125 126 127 128 129 130 131 132 133 134 135 
136 137 138 139 140 141 142 143 144 145 146 147 148 149 150 
151 152 153 154 155 156 157 158 159 160 161 162 163 164 165 
166 167 168 169 170 171 172 173 174 175 176 177 178 179 180 
181 182 183 184 185 186 187 188 189 190 191 192 193 194 195 
196 197 198 199 200 201 202 203 204 205 206 207 208 209 210 
211 212 213 214 215 216 217 218 219 220 221 222 223 224 225 
226 227 228 229 230 231 232 233 234 235 236 237 238 239 240 
176 184 203 
172 188 210 
83 99 111 
135 144 156 
53 62 78 
13 22 39 49 
133 139 160 
108 134 146 161 
93 114 132 
199 211 235 
148 157 175 187 
207 223 238 
64 80 98 
17 31 50 
162 174 195 
100 107 123 136 
42 58 66 
81 104 112 
200 212 228 
96 113 128 149 153 178 
54 73 89 
142 155 168 
67 90 102 
10 18 40 
101 106 130 
5 20 33 
208 218 230 
198 222 237 
8 16 44 
86 103 119 
163 179 186 
94 116 127 
192 206 225 
26 37 60 
105 117 124 143 
165 170 183 
3 30 43 
158 177 181 
191 201 220 
1 29 36 
34 52 74 
9 19 32 
204 217 231 
