220 294 10 31
1 30
2 25
2 42
3 23
4 23
5 29
5 40
6 23
6 44
7 28
7 36
8 31
9 41
10 30
11 23
12 32
12 43
13 35
14 28
15 26
16 39
17 24
18 38
19 37
20 32
20 33
21 34
22 27
23 45
23 62
24 50
24 51
25 58
26 53
26 55
27 66
28 45
28 46
28 50
29 49
29 51
29 59
30 47
30 52
31 48
32 58
33 63
33 64
34 58
35 56
35 62
36 63
36 65
37 51
37 54
38 48
39 49
39 61
39 62
40 52
41 58
42 58
42 63
43 51
43 59
43 60
44 57
45 85
46 73
47 76
48 67
48 71
48 80
49 83
49 84
50 75
51 88
52 78
52 85
53 72
54 80
55 85
55 87
56 81
57 68
58 68
59 74
59 79
59 82
60 69
61 75
62 84
63 86
64 77
65 88
66 70
67 98
68 93
68 110
69 89
69 106
70 92
71 99
72 107
73 90
73 106
74 97
75 95
76 97
77 108
78 91
79 104
79 105
80 94
80 109
81 100
82 97
83 96
83 98
84 98
84 101
85 99
85 102
86 93
87 91
88 103
89 120
89 125
90 114
90 127
91 132
92 121
93 118
94 120
95 131
95 117
96 128
96 130
96 117
97 114
98 129
98 112
99 113
99 117
99 122
100 130
101 123
102 112
102 116
103 117
104 111
104 124
105 114
106 126
107 112
108 112
109 114
109 119
110 115
111 136
111 153
112 154
113 150
114 151
115 153
116 137
116 144
117 142
117 146
118 139
118 145
119 134
120 153
121 135
121 147
122 150
123 153
124 143
124 153
125 133
126 150
126 152
127 140
127 154
128 151
129 138
130 141
130 144
131 134
132 148
132 149
132 150
133 163
134 157
134 175
135 156
135 157
136 161
137 174
138 155
138 169
139 159
139 162
139 165
140 156
140 163
141 156
141 166
142 160
142 164
143 173
144 162
144 172
145 167
146 168
146 170
147 163
148 158
149 168
149 171
150 162
151 167
152 174
152 176
153 163
153 167
154 164
155 189
155 192
156 182
157 188
158 179
158 184
159 197
160 180
160 190
161 195
162 181
162 182
162 186
163 198
164 185
164 187
164 189
165 187
165 195
166 177
166 182
166 191
167 191
168 191
169 194
170 195
171 188
171 190
172 181
173 188
174 180
174 183
174 193
175 196
176 178
176 191
177 207
177 213
178 204
179 202
180 211
181 217
182 213
183 212
183 215
184 220
185 199
185 200
185 210
186 206
186 219
187 217
188 203
189 205
189 208
189 213
190 200
190 209
191 201
192 220
193 211
194 214
194 216
195 218
196 203
197 201
198 205
1 2 3 4 5 6 7 8 9 10 11 12 13 14 15 16 17 18 19 20 21 22 
23 24 25 26 27 28 29 30 31 32 33 34 35 36 37 38 39 40 41 42 43 44 
45 46 47 48 49 50 51 52 53 54 55 56 57 58 59 60 61 62 63 64 65 66 
67 68 69 70 71 72 73 74 75 76 77 78 79 80 81 82 83 84 85 86 87 88 
89 90 91 92 93 94 95 96 97 98 99 100 101 102 103 104 105 106 107 108 109 110 
111 112 113 114 115 116 117 118 119 120 121 122 123 124 125 126 127 128 129 130 131 132 
133 134 135 136 137 138 139 140 141 142 143 144 145 146 147 148 149 150 151 152 153 154 
155 156 157 158 159 160 161 162 163 164 165 166 167 168 169 170 171 172 173 174 175 176 
177 178 179 180 181 182 183 184 185 186 187 188 189 190 191 192 193 194 195 196 197 198 
199 200 201 202 203 204 205 206 207 208 209 210 211 212 213 214 215 216 217 218 219 220 
143 173 188 
8 31 48 
96 128 151 
146 170 195 
55 87 91 
53 72 107 112 
88 103 117 
66 70 92 121 
132 148 158 
84 101 123 153 
118 145 167 
81 100 130 
5 40 52 
79 105 114 
125 133 163 
59 82 97 
98 129 138 
134 175 196 203 
155 192 220 
43 60 69 
2 25 58 
80 94 120 
39 61 75 
159 197 201 
6 44 57 68 
28 46 73 
174 193 211 
99 113 150 
176 178 204 
144 172 181 
63 86 93 
