160 198 10 29
1 18
1 22
1 25
2 27
3 26
4 28
5 27
6 19
6 28
6 29
7 32
7 23
8 26
8 31
9 28
10 20
11 32
12 21
12 25
13 18
14 30
15 17
15 30
16 24
17 40
18 35
18 36
19 46
19 47
20 48
21 44
21 46
22 38
23 34
24 43
24 45
25 40
26 36
27 34
28 39
28 41
29 33
30 37
30 40
31 42
31 48
32 34
33 53
33 63
34 54
35 52
35 55
36 58
37 64
38 57
39 53
40 50
41 50
42 51
42 62
43 59
43 60
44 56
45 59
46 56
46 61
47 49
48 53
49 69
50 72
51 75
52 71
52 74
53 66
54 68
54 73
55 67
56 76
57 65
58 77
59 66
60 68
60 70
61 78
61 79
62 65
63 66
63 78
63 80
64 74
65 94
66 81
67 89
68 96
68 82
68 86
69 86
70 88
71 96
71 83
71 86
72 81
73 87
73 95
74 90
75 89
76 93
77 84
77 92
78 85
79 91
80 85
81 102
82 104
83 112
84 104
85 100
86 109
87 103
87 107
88 99
88 106
89 110
90 101
91 103
92 109
93 97
94 102
95 98
95 99
95 103
95 105
95 108
96 111
97 117
98 118
98 126
99 115
99 123
100 121
101 120
102 119
103 119
104 119
104 125
104 127
105 116
106 128
107 117
108 119
109 117
109 122
110 114
111 113
111 119
111 124
112 113
113 132
114 130
115 141
116 139
117 135
118 144
119 144
120 141
121 138
121 143
122 129
122 131
122 136
122 142
123 134
124 144
125 133
126 135
127 130
127 137
128 140
129 152
130 159
131 157
131 158
132 145
133 145
134 160
134 148
135 147
136 152
137 146
137 151
138 149
139 154
140 153
140 156
141 150
142 151
143 159
144 155
1 2 3 4 5 6 7 8 9 10 11 12 13 14 15 16 
17 18 19 20 21 22 23 24 25 26 27 28 29 30 31 32 
33 34 35 36 37 38 39 40 41 42 43 44 45 46 47 48 
49 50 51 52 53 54 55 56 57 58 59 60 61 62 63 64 
65 66 67 68 69 70 71 72 73 74 75 76 77 78 79 80 
81 82 83 84 85 86 87 88 89 90 91 92 93 94 95 96 
97 98 99 100 101 102 103 104 105 106 107 108 109 110 111 112 
113 114 115 116 117 118 119 120 121 122 123 124 125 126 127 128 
129 130 131 132 133 134 135 136 137 138 139 140 141 142 143 144 
145 146 147 148 149 150 151 152 153 154 155 156 157 158 159 160 
99 123 134 
36 58 77 
76 93 97 117 
116 139 154 
88 106 128 140 
111 124 144 
38 57 65 
35 55 67 89 
30 37 64 74 
79 91 103 
122 129 152 
15 17 40 
19 47 49 69 86 
50 72 81 
95 108 119 
101 120 141 
21 44 56 
71 83 112 113 
121 138 149 
125 133 145 
98 126 135 
110 114 130 
68 82 104 
7 23 34 
24 45 59 
6 29 33 
63 80 85 
28 39 53 
10 20 48 
