228 289 12 38
1 25
2 29
3 23
3 37
4 25
4 31
4 38
5 33
6 36
7 28
7 34
8 35
9 30
10 24
10 27
11 26
12 33
13 22
13 32
14 22
15 36
16 36
17 21
18 22
19 20
20 45
20 47
21 55
22 43
23 44
24 56
25 47
26 41
27 57
28 41
28 53
29 46
29 47
29 57
30 48
30 51
31 54
31 57
32 39
32 50
32 52
33 43
34 42
34 56
35 40
36 57
37 49
38 50
39 65
39 70
39 73
40 62
41 64
42 70
43 75
44 58
44 71
45 62
46 69
47 75
48 63
48 72
49 68
49 71
50 64
51 76
52 63
52 74
53 59
53 66
54 67
55 61
55 70
56 59
56 60
57 67
58 77
58 87
58 91
59 88
60 84
61 79
62 88
63 93
63 94
64 82
64 86
65 88
66 78
66 82
67 95
68 89
69 77
70 90
71 81
72 84
73 80
74 92
74 95
75 83
75 85
76 95
77 110
78 101
78 107
79 105
79 109
80 96
81 96
82 96
82 103
83 110
84 98
84 106
84 108
85 100
85 112
86 97
87 104
88 111
89 102
89 110
90 114
91 99
92 114
93 97
94 113
95 109
96 132
97 125
98 118
99 120
100 115
101 130
102 133
102 117
102 119
102 126
103 121
103 123
104 116
105 129
105 130
106 127
107 127
108 128
109 132
110 124
111 131
112 117
113 132
114 128
114 122
115 139
116 143
117 137
117 151
118 150
119 136
120 144
120 147
121 138
122 146
122 152
123 148
124 136
125 142
126 141
126 143
127 145
128 134
129 150
130 135
130 145
131 140
132 149
133 140
134 168
135 160
135 166
136 159
137 155
138 164
139 161
140 171
141 153
141 158
142 155
142 170
143 159
144 165
145 154
146 155
146 167
146 169
147 171
148 157
149 156
150 162
151 163
152 171
153 181
154 189
155 176
155 179
156 190
157 173
158 176
158 184
159 178
160 190
161 175
162 182
162 183
163 186
164 172
165 172
165 180
165 188
166 175
167 185
167 186
168 187
169 174
169 181
169 187
170 177
170 178
170 188
171 187
172 209
173 192
174 194
174 201
174 203
175 193
175 202
176 208
177 206
178 198
178 199
179 203
180 199
181 196
182 202
182 205
183 195
184 191
184 208
185 197
185 203
186 192
187 207
188 200
188 204
189 200
190 192
191 214
191 217
191 224
192 210
193 212
194 221
194 225
195 228
196 211
196 226
197 220
197 224
198 216
198 223
199 228
200 228
201 218
201 219
201 227
202 215
203 216
204 211
205 222
206 215
207 217
208 213
209 217
1 2 3 4 5 6 7 8 9 10 11 12 13 14 15 16 17 18 19 
20 21 22 23 24 25 26 27 28 29 30 31 32 33 34 35 36 37 38 
39 40 41 42 43 44 45 46 47 48 49 50 51 52 53 54 55 56 57 
58 59 60 61 62 63 64 65 66 67 68 69 70 71 72 73 74 75 76 
77 78 79 80 81 82 83 84 85 86 87 88 89 90 91 92 93 94 95 
96 97 98 99 100 101 102 103 104 105 106 107 108 109 110 111 112 113 114 
115 116 117 118 119 120 121 122 123 124 125 126 127 128 129 130 131 132 133 
134 135 136 137 138 139 140 141 142 143 144 145 146 147 148 149 150 151 152 
153 154 155 156 157 158 159 160 161 162 163 164 165 166 167 168 169 170 171 
172 173 174 175 176 177 178 179 180 181 182 183 184 185 186 187 188 189 190 
191 192 193 194 195 196 197 198 199 200 201 202 203 204 205 206 207 208 209 
210 211 212 213 214 215 216 217 218 219 220 221 222 223 224 225 226 227 228 
48 72 84 
64 86 97 
39 65 88 
17 21 55 
58 91 99 120 
102 119 136 
10 27 57 
3 37 49 
141 153 181 
170 177 206 215 
138 164 172 
187 207 217 
148 157 173 192 
122 152 171 
117 137 155 
154 189 200 
71 81 96 
78 107 127 
75 83 110 
29 46 69 77 
98 118 150 
100 115 139 161 175 
34 42 70 
51 76 95 
182 205 222 
165 180 199 
149 156 190 
104 116 143 
31 54 67 
63 94 113 132 
162 183 195 228 
4 38 50 
151 163 186 
8 35 40 62 
11 26 41 
188 204 211 
74 92 114 
111 131 140 
