168 216 14 33
1 16
1 17
2 15
3 24
4 21
5 20
5 23
6 18
7 15
7 19
8 15
9 13
9 18
10 14
11 22
12 15
13 36
13 29
14 34
15 34
16 25
17 30
18 31
19 35
19 28
20 33
21 32
21 27
22 26
22 28
23 25
24 30
25 43
25 48
26 39
27 39
28 44
28 45
28 47
29 46
30 38
31 39
31 41
32 46
33 39
34 46
35 42
36 37
36 40
37 50
37 54
38 59
39 49
40 51
40 57
41 60
42 56
43 52
43 53
44 56
44 58
45 51
45 55
46 51
47 49
48 60
49 65
50 66
51 68
52 65
52 63
53 64
54 72
55 67
56 68
56 69
57 72
57 61
57 62
58 70
59 62
60 71
61 78
62 80
62 82
63 81
64 77
65 75
66 83
67 78
68 73
68 84
69 78
70 74
71 76
71 83
72 79
72 81
73 86
74 92
75 95
76 85
76 89
77 90
78 90
78 93
79 91
80 86
81 96
81 88
82 96
82 85
82 94
83 92
84 87
85 106
86 97
87 103
87 105
88 97
88 107
89 104
90 106
91 106
92 98
93 97
93 108
94 101
94 102
94 106
95 100
96 99
96 102
96 103
97 113
98 118
99 115
100 112
100 113
101 114
102 111
103 109
103 114
104 114
104 119
105 110
105 116
106 120
107 117
107 118
108 111
109 132
110 130
111 125
112 130
113 129
113 126
114 123
115 125
116 122
117 123
118 131
118 124
119 128
119 121
120 122
120 127
121 137
121 144
122 136
123 142
124 139
125 141
126 136
127 133
128 143
129 135
129 140
130 139
131 134
131 138
132 136
133 151
134 147
135 152
136 154
137 148
138 149
139 145
139 152
140 146
141 153
142 150
142 151
143 153
143 155
144 151
144 156
145 162
145 157
146 159
147 160
148 160
149 167
149 159
150 161
150 164
151 159
152 160
152 168
153 158
154 163
154 166
154 158
155 165
156 157
1 2 3 4 5 6 7 8 9 10 11 12 
13 14 15 16 17 18 19 20 21 22 23 24 
25 26 27 28 29 30 31 32 33 34 35 36 
37 38 39 40 41 42 43 44 45 46 47 48 
49 50 51 52 53 54 55 56 57 58 59 60 
61 62 63 64 65 66 67 68 69 70 71 72 
73 74 75 76 77 78 79 80 81 82 83 84 
85 86 87 88 89 90 91 92 93 94 95 96 
97 98 99 100 101 102 103 104 105 106 107 108 
109 110 111 112 113 114 115 116 117 118 119 120 
121 122 123 124 125 126 127 128 129 130 131 132 
133 134 135 136 137 138 139 140 141 142 143 144 
145 146 147 148 149 150 151 152 153 154 155 156 
157 158 159 160 161 162 163 164 165 166 167 168 
144 156 157 
22 26 39 
31 41 60 
35 42 56 
75 95 100 
105 110 130 
79 91 106 
38 59 62 
55 67 78 
1 16 25 
119 128 143 
113 126 136 
70 74 92 
120 127 133 151 
3 24 30 
121 137 148 160 
68 73 86 
28 47 49 
10 14 34 
13 29 46 
125 141 153 
37 54 72 
76 89 104 
118 124 139 
131 138 149 
107 117 123 
94 101 114 
140 146 159 
43 53 64 77 90 
129 135 152 
52 63 81 
93 108 111 
50 66 83 
