132 162 12 25
1 18
2 21
3 19
4 12
5 22
6 16
6 17
7 18
8 13
8 14
8 19
9 15
10 20
11 14
12 25
13 32
14 32
14 23
14 30
14 31
15 32
16 25
17 23
18 33
19 25
19 28
20 25
21 24
21 26
21 29
22 25
22 27
23 34
24 35
24 40
25 39
26 42
27 38
28 34
29 37
29 41
30 36
31 43
32 44
33 38
34 45
34 46
35 54
36 47
36 48
36 51
37 50
37 53
38 46
39 54
40 50
41 55
42 46
43 49
44 50
44 52
45 58
46 61
47 64
47 61
48 58
49 56
49 59
50 57
51 60
52 62
53 66
53 57
54 61
55 65
55 63
56 75
57 74
58 76
59 67
59 75
60 71
60 75
61 73
62 77
63 72
64 72
65 68
65 70
66 69
67 79
68 78
68 87
69 78
70 88
71 82
71 84
72 83
73 80
73 86
74 81
75 80
76 85
77 85
78 97
79 98
79 94
80 89
81 97
82 93
83 91
84 96
84 92
85 98
86 89
87 99
87 92
88 90
88 95
89 102
90 109
91 101
91 103
92 102
93 105
94 100
95 105
96 110
97 106
98 104
98 107
99 108
100 116
100 121
101 113
102 111
102 118
103 112
103 120
104 119
105 112
105 117
106 119
107 115
108 114
109 116
110 114
111 123
112 129
113 132
113 122
114 128
114 126
115 124
116 126
117 130
117 131
118 126
119 123
120 123
120 127
121 125
1 2 3 4 5 6 7 8 9 10 11 
12 13 14 15 16 17 18 19 20 21 22 
23 24 25 26 27 28 29 30 31 32 33 
34 35 36 37 38 39 40 41 42 43 44 
45 46 47 48 49 50 51 52 53 54 55 
56 57 58 59 60 61 62 63 64 65 66 
67 68 69 70 71 72 73 74 75 76 77 
78 79 80 81 82 83 84 85 86 87 88 
89 90 91 92 93 94 95 96 97 98 99 
100 101 102 103 104 105 106 107 108 109 110 
111 112 113 114 115 116 117 118 119 120 121 
122 123 124 125 126 127 128 129 130 131 132 
59 67 79 
36 51 60 
107 115 124 
24 40 50 
9 15 32 
6 17 23 
100 121 125 
34 45 58 
90 109 116 
57 74 81 97 
53 66 69 78 
29 41 55 
91 101 113 
18 33 38 
87 99 108 114 
26 42 46 
102 111 123 
49 56 75 
52 62 77 85 
25 39 54 
98 104 119 
71 82 93 105 
47 64 72 
65 70 88 
73 86 89 
