210 272 14 36
1 29
2 24
2 25
3 17
4 20
5 16
5 28
6 19
7 21
7 29
8 18
9 23
9 29
10 27
11 20
12 16
13 22
13 26
14 29
15 30
16 32
17 33
18 34
19 39
19 43
20 35
21 45
22 31
23 43
24 42
25 44
26 37
26 40
26 42
27 36
27 38
27 41
28 43
29 43
30 40
31 58
32 49
33 49
34 60
35 56
36 51
37 50
38 57
39 46
39 48
40 54
41 52
42 50
42 59
43 46
43 55
44 47
45 53
46 67
47 64
47 63
48 66
49 65
50 67
50 72
51 63
52 73
52 61
53 75
54 62
55 67
55 70
56 69
56 63
57 68
58 68
59 74
59 62
60 71
61 88
62 76
62 80
63 89
64 84
64 88
64 89
65 83
66 82
67 89
68 88
69 85
69 89
70 77
70 78
71 81
71 87
71 90
72 76
72 79
72 86
73 89
74 86
75 87
76 100
77 98
78 97
78 98
78 93
79 97
79 100
79 94
80 104
80 95
81 103
81 91
82 102
82 92
83 105
84 101
85 103
86 98
87 99
88 95
89 96
90 100
91 111
92 111
93 114
94 110
95 107
95 113
95 115
95 119
96 108
97 109
97 116
98 106
98 118
99 117
100 117
101 112
101 120
102 116
103 115
104 116
105 117
106 122
106 123
107 124
108 121
109 134
109 124
110 124
111 129
112 126
112 127
113 133
113 127
114 124
115 135
116 128
117 130
118 131
119 128
119 125
120 132
120 127
121 137
122 146
123 139
123 142
123 146
124 141
125 136
125 138
126 138
126 150
127 140
128 143
128 147
129 137
130 145
130 149
131 143
132 148
133 137
134 137
134 144
135 139
136 152
137 161
138 151
139 162
139 153
139 154
140 152
140 155
141 163
142 165
142 156
142 157
143 151
144 158
145 156
146 164
147 154
148 156
149 160
150 159
151 179
152 166
152 169
152 173
153 170
154 167
154 171
155 179
156 168
156 174
157 175
157 180
158 174
158 177
159 175
160 172
161 173
162 174
162 176
163 172
164 166
164 178
165 179
166 185
167 182
168 181
168 188
168 189
169 184
170 194
171 187
172 195
173 181
174 195
175 192
175 184
175 191
176 183
176 186
176 190
177 193
178 193
179 195
180 181
181 208
182 197
183 196
183 209
184 198
185 198
185 204
186 203
187 199
188 210
189 208
190 201
191 202
191 207
192 200
192 205
193 196
194 206
195 198
1 2 3 4 5 6 7 8 9 10 11 12 13 14 15 
16 17 18 19 20 21 22 23 24 25 26 27 28 29 30 
31 32 33 34 35 36 37 38 39 40 41 42 43 44 45 
46 47 48 49 50 51 52 53 54 55 56 57 58 59 60 
61 62 63 64 65 66 67 68 69 70 71 72 73 74 75 
76 77 78 79 80 81 82 83 84 85 86 87 88 89 90 
91 92 93 94 95 96 97 98 99 100 101 102 103 104 105 
106 107 108 109 110 111 112 113 114 115 116 117 118 119 120 
121 122 123 124 125 126 127 128 129 130 131 132 133 134 135 
136 137 138 139 140 141 142 143 144 145 146 147 148 149 150 
151 152 153 154 155 156 157 158 159 160 161 162 163 164 165 
166 167 168 169 170 171 172 173 174 175 176 177 178 179 180 
181 182 183 184 185 186 187 188 189 190 191 192 193 194 195 
196 197 198 199 200 201 202 203 204 205 206 207 208 209 210 
17 33 49 
120 132 148 156 
158 177 193 
108 121 137 
80 104 116 
94 110 124 
150 159 175 
26 37 50 
15 30 40 
20 35 56 
8 18 34 60 71 
81 91 111 
5 28 43 
152 169 184 
139 153 170 194 206 
176 186 203 
27 38 57 68 
130 149 160 172 
53 75 87 
59 74 86 
2 24 42 
168 189 208 
118 131 143 
171 187 199 
70 77 98 
69 85 103 
36 51 63 
154 167 182 197 
48 66 82 
142 165 179 
64 84 101 
52 61 88 
25 44 47 
157 180 181 
65 83 105 117 
106 122 146 
