169 220 13 32
1 14
2 17
3 20
4 19
5 15
6 25
6 26
7 19
7 24
8 21
9 16
10 17
10 18
10 21
11 14
11 23
12 14
13 19
13 22
14 32
14 37
15 27
16 32
17 32
17 39
18 32
18 28
19 34
20 38
20 31
21 27
22 34
22 29
23 34
24 36
24 27
25 30
26 33
26 35
27 43
27 44
28 40
29 45
29 47
30 52
31 41
32 42
33 51
34 41
35 46
35 50
36 40
37 51
38 40
38 48
38 49
39 48
40 62
41 57
42 57
43 57
43 58
44 64
44 60
45 55
46 65
46 62
47 56
48 53
48 59
49 61
50 54
50 61
51 63
52 57
53 77
54 70
54 73
55 75
56 67
57 77
58 75
59 68
59 72
60 67
60 78
61 74
62 74
63 69
63 71
64 70
64 76
65 66
65 67
66 80
67 89
68 91
69 84
69 85
69 87
70 81
71 81
71 90
72 81
73 79
73 86
74 88
75 89
76 82
77 83
78 84
79 97
79 98
79 104
80 101
80 95
81 100
81 102
82 94
83 99
84 103
84 92
85 96
85 102
86 98
87 93
88 98
89 98
90 103
91 102
92 109
93 113
94 113
95 108
96 108
96 110
97 105
98 116
99 111
100 112
100 117
101 107
102 106
102 115
103 116
104 111
104 114
105 128
105 126
106 127
107 129
108 118
109 123
110 124
111 120
111 125
112 119
113 126
114 129
115 121
115 122
116 130
116 126
117 127
118 137
119 137
120 131
120 133
120 141
121 138
122 141
123 136
123 140
124 137
125 135
125 136
125 141
126 134
126 143
127 137
128 142
129 132
130 139
130 142
131 144
132 149
133 146
134 152
135 154
136 145
136 149
137 146
137 148
138 150
139 147
140 147
140 151
141 154
142 153
143 152
143 155
143 156
144 157
145 168
146 166
146 157
147 162
148 163
148 165
149 159
150 160
151 169
152 159
153 168
154 160
155 158
156 161
156 164
156 167
156 159
1 2 3 4 5 6 7 8 9 10 11 12 13 
14 15 16 17 18 19 20 21 22 23 24 25 26 
27 28 29 30 31 32 33 34 35 36 37 38 39 
40 41 42 43 44 45 46 47 48 49 50 51 52 
53 54 55 56 57 58 59 60 61 62 63 64 65 
66 67 68 69 70 71 72 73 74 75 76 77 78 
79 80 81 82 83 84 85 86 87 88 89 90 91 
92 93 94 95 96 97 98 99 100 101 102 103 104 
105 106 107 108 109 110 111 112 113 114 115 116 117 
118 119 120 121 122 123 124 125 126 127 128 129 130 
131 132 133 134 135 136 137 138 139 140 141 142 143 
144 145 146 147 148 149 150 151 152 153 154 155 156 
157 158 159 160 161 162 163 164 165 166 167 168 169 
92 109 123 
60 78 84 
14 37 51 
138 150 160 
38 49 61 
129 132 149 
71 90 103 
100 112 119 137 
20 31 41 
74 88 98 
24 36 40 
105 128 142 
125 135 154 
11 23 34 
59 68 91 102 
65 66 80 
17 39 48 
25 30 52 57 
45 55 75 
76 82 94 113 
131 144 157 
29 47 56 67 
9 16 32 
115 122 141 
5 15 27 
120 133 146 
77 83 99 111 
126 134 152 
143 155 158 
140 151 169 
130 139 147 
136 145 168 
