247 327 19 45
1 21
1 26
2 15
2 24
3 19
3 25
4 19
5 15
6 17
7 15
8 23
9 20
9 22
10 23
11 16
11 18
12 17
13 14
13 17
14 39
15 37
16 34
17 36
17 28
18 29
19 33
19 30
20 31
21 32
22 32
23 35
24 39
25 27
26 38
26 39
27 41
28 48
29 48
30 44
30 46
31 40
32 41
33 40
33 43
33 49
33 52
34 40
34 45
35 51
36 50
37 44
37 47
38 42
38 44
39 50
40 60
40 61
41 54
42 56
43 59
44 62
45 64
46 54
46 57
47 53
48 55
49 53
50 54
51 65
51 55
51 63
52 58
53 68
53 75
54 73
55 69
56 69
57 72
58 74
59 70
60 66
60 77
60 78
61 76
62 71
63 77
64 67
65 70
66 80
67 86
68 82
68 84
69 82
70 83
71 89
72 85
73 88
74 83
75 88
76 79
76 87
76 91
77 90
78 81
79 101
80 102
81 94
82 96
82 97
82 99
82 93
83 104
83 95
84 97
84 92
85 103
86 100
87 97
87 98
88 97
89 97
90 102
91 102
92 111
92 116
93 105
94 107
95 113
96 107
97 115
98 110
99 105
100 107
101 108
101 109
101 112
102 111
102 117
103 114
104 106
105 126
106 126
107 130
107 120
108 126
109 124
109 127
110 118
110 122
111 118
112 129
112 123
113 128
113 119
114 121
114 125
115 121
116 123
117 118
118 138
119 137
119 138
120 142
121 135
121 136
122 136
122 139
123 133
124 132
124 138
125 136
126 134
126 140
127 143
128 143
129 131
129 141
130 141
131 144
131 145
132 146
132 147
132 153
133 149
134 144
135 152
135 155
136 151
137 156
138 148
138 149
138 150
139 146
140 154
141 149
142 151
143 155
144 158
145 158
146 163
146 167
147 158
148 162
148 164
148 169
149 160
149 168
150 163
151 157
152 168
153 168
154 166
154 168
154 159
155 163
155 165
155 168
156 161
156 159
157 170
158 177
159 180
160 181
161 176
162 171
162 178
162 182
163 174
164 173
165 173
165 175
165 179
166 172
167 173
168 171
169 171
170 185
171 189
172 194
173 184
173 188
174 187
174 191
175 190
176 190
177 186
177 190
178 195
179 192
179 184
180 193
181 183
181 187
182 187
183 199
184 201
184 204
185 197
185 200
186 196
187 205
187 208
188 198
189 196
190 200
191 202
191 203
191 208
192 199
193 198
194 207
195 196
195 206
195 207
196 219
197 214
197 215
197 218
198 210
199 213
199 214
199 216
200 220
201 214
202 211
203 210
204 213
205 209
206 217
206 219
207 214
207 221
208 212
209 227
210 233
211 225
212 227
213 231
214 224
215 226
216 222
217 228
217 223
218 230
219 229
220 230
220 234
221 226
221 232
222 247
223 240
224 236
224 238
225 243
225 247
226 244
227 239
227 240
228 247
229 238
230 235
230 237
230 245
231 246
232 242
233 242
234 241
1 2 3 4 5 6 7 8 9 10 11 12 13 
14 15 16 17 18 19 20 21 22 23 24 25 26 
27 28 29 30 31 32 33 34 35 36 37 38 39 
40 41 42 43 44 45 46 47 48 49 50 51 52 
53 54 55 56 57 58 59 60 61 62 63 64 65 
66 67 68 69 70 71 72 73 74 75 76 77 78 
79 80 81 82 83 84 85 86 87 88 89 90 91 
92 93 94 95 96 97 98 99 100 101 102 103 104 
105 106 107 108 109 110 111 112 113 114 115 116 117 
118 119 120 121 122 123 124 125 126 127 128 129 130 
131 132 133 134 135 136 137 138 139 140 141 142 143 
144 145 146 147 148 149 150 151 152 153 154 155 156 
157 158 159 160 161 162 163 164 165 166 167 168 169 
170 171 172 173 174 175 176 177 178 179 180 181 182 
183 184 185 186 187 188 189 190 191 192 193 194 195 
196 197 198 199 200 201 202 203 204 205 206 207 208 
209 210 211 212 213 214 215 216 217 218 219 220 221 
222 223 224 225 226 227 228 229 230 231 232 233 234 
235 236 237 238 239 240 241 242 243 244 245 246 247 
113 128 143 
162 178 195 
205 209 227 
120 142 151 
33 49 53 
51 63 77 
71 89 97 
220 234 241 
119 137 156 
132 147 158 
92 116 123 
87 98 110 
135 152 168 
210 233 242 
197 218 230 
146 167 173 
64 67 86 100 107 
184 204 213 
177 186 196 
82 93 105 
148 169 171 
11 16 34 
2 24 39 
161 176 190 
104 106 126 
18 29 48 
217 228 247 
46 57 72 85 103 114 
66 80 102 
1 21 32 
138 150 163 
149 160 181 
54 73 88 
172 194 207 
52 58 74 83 
40 61 76 
43 59 70 
42 56 69 
180 193 198 
3 25 27 41 
179 192 199 
191 202 211 225 
17 36 50 
157 170 185 
219 229 238 
