160 202 16 31
1 12
1 18
2 11
2 16
3 20
4 17
5 14
5 15
6 19
7 17
8 13
9 18
10 16
11 28
11 29
12 28
13 27
14 23
14 27
15 21
15 25
16 30
17 24
18 21
19 26
20 22
21 33
22 39
22 40
23 32
24 34
25 36
26 36
27 37
27 38
28 33
29 35
29 31
30 38
31 44
31 47
31 50
32 41
32 45
33 43
34 46
35 42
36 47
37 46
38 44
38 48
39 49
40 47
41 56
42 53
42 57
43 53
44 51
45 56
46 54
47 58
48 54
49 52
49 55
50 59
50 60
51 65
52 69
53 70
54 67
55 66
55 68
56 65
57 62
58 70
59 64
59 67
59 63
60 61
61 77
61 79
62 75
63 80
64 73
64 74
65 71
66 71
67 76
68 72
68 78
69 72
70 76
71 88
71 89
72 84
73 86
73 90
74 82
74 85
75 83
76 81
77 85
78 85
79 84
80 87
81 92
82 91
83 95
84 97
84 93
85 99
86 91
86 94
87 96
88 92
89 98
89 100
90 97
91 103
92 107
93 107
94 110
95 104
95 107
96 106
96 108
96 109
97 107
98 105
99 101
99 102
99 103
100 109
101 111
101 113
101 117
102 114
103 116
104 120
105 114
106 112
106 115
107 118
108 120
109 118
110 116
110 119
111 125
112 129
113 125
114 125
115 130
115 123
115 126
116 121
116 123
117 122
117 123
118 123
119 128
119 129
120 124
120 127
121 131
122 133
123 131
123 135
124 140
125 138
126 134
126 137
127 131
128 132
128 134
129 136
130 139
131 146
132 142
133 143
133 144
134 150
135 149
135 150
136 148
137 146
138 147
139 141
140 145
141 153
141 158
142 160
143 154
143 155
143 159
144 152
145 156
146 155
147 158
148 156
149 157
149 159
150 151
1 2 3 4 5 6 7 8 9 10 
11 12 13 14 15 16 17 18 19 20 
21 22 23 24 25 26 27 28 29 30 
31 32 33 34 35 36 37 38 39 40 
41 42 43 44 45 46 47 48 49 50 
51 52 53 54 55 56 57 58 59 60 
61 62 63 64 65 66 67 68 69 70 
71 72 73 74 75 76 77 78 79 80 
81 82 83 84 85 86 87 88 89 90 
91 92 93 94 95 96 97 98 99 100 
101 102 103 104 105 106 107 108 109 110 
111 112 113 114 115 116 117 118 119 120 
121 122 123 124 125 126 127 128 129 130 
131 132 133 134 135 136 137 138 139 140 
141 142 143 144 145 146 147 148 149 150 
151 152 153 154 155 156 157 158 159 160 
101 111 125 
130 139 141 
14 23 32 
63 80 87 96 
17 24 34 46 
89 100 109 
1 12 28 
74 82 91 
126 137 146 
49 52 69 72 
132 142 160 
84 93 107 
8 13 27 
19 26 36 
86 94 110 
57 62 75 83 95 
16 30 38 
120 124 140 145 156 
76 81 92 
133 144 152 
22 40 47 
61 77 85 
98 105 114 
44 51 65 
106 112 129 
29 35 42 
55 66 71 
73 90 97 
33 43 53 
116 121 131 
138 147 158 
