240 321 16 42
1 25
1 30
2 21
2 27
3 20
4 18
5 22
6 26
7 24
8 17
9 27
9 29
10 17
10 22
10 28
11 23
12 22
13 20
14 16
14 19
15 27
16 44
17 31
18 42
19 37
19 38
19 41
20 35
21 39
22 36
22 39
23 34
24 38
25 38
25 40
25 43
26 32
27 35
28 32
29 32
29 33
30 45
31 47
32 50
33 54
34 46
34 57
35 46
36 47
36 53
37 60
38 49
39 54
39 56
40 49
41 58
41 60
42 55
43 49
43 52
44 51
44 55
45 48
45 59
46 68
47 65
47 66
48 72
49 66
50 64
50 71
51 63
52 62
53 75
54 67
55 69
55 73
56 67
57 75
58 67
58 70
59 66
60 74
60 61
61 80
61 84
61 87
62 76
62 88
63 87
64 81
64 89
65 79
65 85
66 78
66 83
67 81
68 82
68 90
69 83
70 77
71 87
72 86
73 76
74 85
75 87
76 101
76 102
77 93
78 100
78 91
78 92
78 94
79 98
80 96
80 105
81 103
82 92
83 92
84 93
85 92
86 95
87 104
87 91
88 92
89 98
90 97
90 99
91 118
92 110
92 117
93 119
94 112
95 108
95 113
95 120
96 112
97 115
98 110
99 107
100 114
101 111
101 115
102 106
103 113
104 115
105 109
105 116
106 134
106 126
107 130
107 131
107 132
108 128
108 132
109 133
110 126
111 124
112 124
113 126
114 125
115 127
116 121
117 133
118 125
119 135
119 122
120 129
120 133
120 123
120 126
121 150
122 145
123 149
124 137
125 148
126 138
126 142
127 139
128 140
128 146
129 136
129 141
129 143
129 150
130 138
131 138
132 143
133 147
134 144
135 139
136 161
136 152
137 154
138 158
139 164
140 165
140 153
141 163
141 159
142 162
143 153
144 154
145 162
146 151
146 154
146 157
147 153
148 160
148 155
149 154
150 156
150 159
151 176
152 178
153 170
153 173
153 175
154 178
155 166
156 171
156 174
157 175
158 168
159 180
160 177
160 180
161 169
162 167
162 169
163 169
163 172
164 180
165 168
165 179
166 190
167 192
167 193
167 181
168 192
168 194
169 191
170 184
171 191
172 182
173 183
173 186
173 187
174 195
174 185
175 190
176 187
177 189
178 193
179 188
180 193
181 198
181 201
181 203
182 200
183 201
184 201
185 204
186 196
186 197
187 200
187 208
188 199
188 205
189 201
189 207
190 210
191 201
192 199
193 200
193 206
194 202
194 210
195 199
195 209
196 215
196 216
197 211
198 218
198 223
199 221
200 214
201 217
202 221
203 213
203 214
203 220
204 215
205 222
206 224
206 212
207 219
208 221
209 225
209 218
210 221
211 240
212 234
212 237
213 229
214 227
215 240
216 230
217 226
217 232
217 236
218 239
219 232
220 228
220 237
221 233
222 231
223 230
224 226
225 235
225 238
1 2 3 4 5 6 7 8 9 10 11 12 13 14 15 
16 17 18 19 20 21 22 23 24 25 26 27 28 29 30 
31 32 33 34 35 36 37 38 39 40 41 42 43 44 45 
46 47 48 49 50 51 52 53 54 55 56 57 58 59 60 
61 62 63 64 65 66 67 68 69 70 71 72 73 74 75 
76 77 78 79 80 81 82 83 84 85 86 87 88 89 90 
91 92 93 94 95 96 97 98 99 100 101 102 103 104 105 
106 107 108 109 110 111 112 113 114 115 116 117 118 119 120 
121 122 123 124 125 126 127 128 129 130 131 132 133 134 135 
136 137 138 139 140 141 142 143 144 145 146 147 148 149 150 
151 152 153 154 155 156 157 158 159 160 161 162 163 164 165 
166 167 168 169 170 171 172 173 174 175 176 177 178 179 180 
181 182 183 184 185 186 187 188 189 190 191 192 193 194 195 
196 197 198 199 200 201 202 203 204 205 206 207 208 209 210 
211 212 213 214 215 216 217 218 219 220 221 222 223 224 225 
226 227 228 229 230 231 232 233 234 235 236 237 238 239 240 
72 86 95 
185 204 215 
55 69 83 
51 63 87 
91 118 125 
189 207 219 232 
136 152 178 
90 97 115 
6 26 32 
188 205 222 231 
34 57 75 
1 30 45 
61 84 93 
170 184 201 
119 122 145 162 
43 52 62 
105 109 133 
124 137 154 
206 224 226 
186 197 211 240 
60 74 85 
155 166 190 
163 172 182 200 
107 131 138 
81 103 113 
194 202 221 
203 213 229 
198 223 230 
146 151 176 187 
17 31 47 
156 171 191 
80 96 112 
65 79 98 
139 164 180 
29 33 54 
116 121 150 
76 102 106 
68 82 92 
7 24 38 
14 16 44 
25 40 49 
2 21 39 
