247 327 19 47
1 20
1 21
2 15
2 16
3 19
3 26
4 18
4 25
5 23
6 22
7 22
8 16
9 17
10 23
10 24
11 14
11 22
12 17
13 16
14 34
14 38
15 36
16 30
17 37
18 33
19 27
20 35
21 39
21 27
21 31
22 32
23 29
24 32
25 36
26 28
27 52
28 40
28 49
28 50
29 43
29 51
30 42
30 48
30 52
31 46
32 43
33 40
34 52
35 46
36 41
36 44
37 47
38 43
38 45
39 41
40 64
40 55
40 63
41 56
42 65
43 57
43 58
44 60
45 61
46 56
47 64
48 54
49 60
50 65
51 53
51 62
52 59
53 78
54 73
55 74
56 77
57 71
57 75
58 67
59 67
60 67
61 76
62 66
62 72
63 78
64 69
65 68
65 70
66 84
66 86
67 82
67 83
67 87
68 79
68 89
69 80
70 91
71 82
72 88
73 81
73 82
74 80
75 83
76 90
77 85
78 82
79 97
80 94
81 102
82 94
83 98
83 104
84 95
85 95
86 99
87 93
88 96
88 100
89 96
89 101
90 99
91 103
91 92
92 114
93 105
93 107
94 115
95 111
96 112
97 108
98 109
99 114
100 108
101 108
101 117
102 105
102 106
103 108
103 110
104 113
104 116
105 122
106 129
107 126
108 130
108 127
109 121
109 123
110 126
111 126
112 122
113 128
113 118
114 120
115 128
116 119
117 124
117 125
118 133
118 142
119 135
120 131
121 136
121 141
122 136
122 137
123 135
124 135
124 138
125 134
126 135
127 139
128 139
129 134
129 143
130 132
130 140
131 155
132 149
132 153
132 154
133 145
133 148
134 146
135 154
136 144
136 156
137 155
138 147
138 153
139 146
139 152
139 156
140 155
141 146
142 151
143 150
143 151
144 160
144 168
144 157
145 168
146 159
147 158
148 166
149 162
149 163
150 168
151 168
152 165
152 169
153 164
154 169
155 164
156 161
156 167
156 168
157 175
157 181
158 179
159 172
159 174
159 182
160 174
161 181
162 173
163 178
164 174
165 177
166 170
167 176
167 180
168 171
168 173
169 181
170 188
171 184
172 192
173 186
173 190
174 193
174 183
174 186
175 187
176 195
176 191
177 189
178 185
179 192
180 187
181 194
181 188
182 184
183 205
183 208
184 198
184 203
185 200
186 206
187 206
187 207
188 206
189 199
189 201
190 197
191 196
191 202
192 197
193 205
194 204
195 197
196 215
197 216
197 221
198 209
199 210
199 213
200 217
201 216
202 216
203 214
203 217
204 213
205 211
205 218
205 220
206 212
207 213
208 212
208 219
209 234
210 234
211 222
212 233
212 234
213 226
213 228
214 227
214 232
215 225
216 234
217 224
218 224
218 223
219 232
220 230
220 234
221 229
221 231
222 247
223 243
224 235
225 240
225 241
225 247
226 246
227 236
228 236
229 244
230 239
231 235
231 245
232 237
232 242
233 237
233 238
234 235
1 2 3 4 5 6 7 8 9 10 11 12 13 
14 15 16 17 18 19 20 21 22 23 24 25 26 
27 28 29 30 31 32 33 34 35 36 37 38 39 
40 41 42 43 44 45 46 47 48 49 50 51 52 
53 54 55 56 57 58 59 60 61 62 63 64 65 
66 67 68 69 70 71 72 73 74 75 76 77 78 
79 80 81 82 83 84 85 86 87 88 89 90 91 
92 93 94 95 96 97 98 99 100 101 102 103 104 
105 106 107 108 109 110 111 112 113 114 115 116 117 
118 119 120 121 122 123 124 125 126 127 128 129 130 
131 132 133 134 135 136 137 138 139 140 141 142 143 
144 145 146 147 148 149 150 151 152 153 154 155 156 
157 158 159 160 161 162 163 164 165 166 167 168 169 
170 171 172 173 174 175 176 177 178 179 180 181 182 
183 184 185 186 187 188 189 190 191 192 193 194 195 
196 197 198 199 200 201 202 203 204 205 206 207 208 
209 210 211 212 213 214 215 216 217 218 219 220 221 
222 223 224 225 226 227 228 229 230 231 232 233 234 
235 236 237 238 239 240 241 242 243 244 245 246 247 
10 24 32 
1 20 35 46 
221 229 244 
174 193 205 
214 227 236 
17 37 47 64 
198 209 234 
30 48 54 73 
149 163 178 185 200 217 
158 179 192 
157 175 187 
208 219 232 
52 59 67 
79 97 108 
66 86 99 
133 145 168 
91 92 114 
3 19 27 
36 44 60 
165 177 189 
159 182 184 
55 74 80 
94 115 128 
173 190 197 
83 98 109 
104 116 119 135 
96 112 122 
51 53 78 
213 226 246 
18 33 40 
57 71 82 
120 131 155 
117 125 134 
21 39 41 
62 72 88 
166 170 188 
102 106 129 
191 196 215 225 
218 223 243 
56 77 85 95 
211 222 247 
121 141 146 
103 110 126 
118 142 151 
28 50 65 
220 230 239 
156 161 181 
