209 274 11 35
1 33
1 38
2 27
3 30
4 24
5 25
6 22
7 27
8 26
9 24
10 25
11 37
12 20
13 35
13 36
14 30
15 30
16 21
17 23
17 31
17 32
18 28
18 34
19 27
19 29
20 48
21 46
21 49
22 45
22 52
22 53
23 42
23 44
24 55
25 48
26 40
27 46
28 48
29 44
30 55
31 50
32 39
32 41
33 51
33 54
34 43
34 47
35 56
36 41
37 54
37 57
38 40
39 68
39 72
40 67
41 62
42 66
43 59
43 66
44 64
44 73
45 65
45 74
46 73
47 70
48 60
48 61
49 73
50 71
51 76
52 63
52 66
52 69
53 63
54 62
55 70
56 63
57 58
57 75
58 81
58 88
59 92
59 95
60 83
61 85
61 91
62 85
63 78
63 87
64 88
64 93
64 94
65 83
66 87
67 78
68 79
68 84
69 83
69 88
70 86
70 90
71 77
71 89
72 87
72 92
73 87
74 80
75 82
75 85
76 88
76 89
77 98
77 110
77 113
78 96
78 111
79 106
79 109
80 97
81 105
81 112
82 96
83 99
83 102
84 112
85 99
86 104
87 100
88 103
89 100
89 101
90 108
90 111
91 100
92 108
93 107
93 110
94 110
94 112
95 99
95 114
96 132
96 116
97 123
98 133
98 118
99 120
100 125
101 119
102 131
103 121
104 130
104 126
105 129
106 115
107 123
108 122
109 127
110 124
110 127
111 119
112 117
112 127
113 128
114 120
115 135
116 146
117 142
118 138
119 138
120 145
120 149
121 137
122 137
123 134
123 144
123 147
124 142
124 152
125 134
125 150
126 142
127 136
128 140
128 141
129 143
129 151
130 141
131 148
132 139
133 141
134 160
134 171
135 163
135 166
136 160
137 158
138 160
139 159
139 170
140 164
140 165
140 169
141 162
142 153
143 153
143 157
143 168
144 160
144 161
145 158
145 167
146 168
147 169
148 153
148 155
149 170
150 154
150 165
151 156
152 169
153 187
153 188
154 175
154 181
155 179
155 184
156 173
157 186
157 189
158 178
158 180
159 179
160 173
161 174
162 190
163 172
163 177
164 186
165 174
166 176
167 185
168 173
168 182
169 179
170 176
171 180
171 183
172 199
172 203
173 201
174 192
174 207
175 203
176 196
177 191
177 208
178 206
179 198
180 198
181 198
182 195
183 191
183 205
184 193
184 204
185 209
186 192
187 194
187 197
188 198
188 200
189 191
190 202
1 2 3 4 5 6 7 8 9 10 11 12 13 14 15 16 17 18 19 
20 21 22 23 24 25 26 27 28 29 30 31 32 33 34 35 36 37 38 
39 40 41 42 43 44 45 46 47 48 49 50 51 52 53 54 55 56 57 
58 59 60 61 62 63 64 65 66 67 68 69 70 71 72 73 74 75 76 
77 78 79 80 81 82 83 84 85 86 87 88 89 90 91 92 93 94 95 
96 97 98 99 100 101 102 103 104 105 106 107 108 109 110 111 112 113 114 
115 116 117 118 119 120 121 122 123 124 125 126 127 128 129 130 131 132 133 
134 135 136 137 138 139 140 141 142 143 144 145 146 147 148 149 150 151 152 
153 154 155 156 157 158 159 160 161 162 163 164 165 166 167 168 169 170 171 
172 173 174 175 176 177 178 179 180 181 182 183 184 185 186 187 188 189 190 
191 192 193 194 195 196 197 198 199 200 201 202 203 204 205 206 207 208 209 
127 136 160 
104 126 142 
19 29 44 
45 74 80 97 123 
68 84 112 
144 161 174 
77 113 128 
1 38 40 
167 185 209 
88 103 121 137 
81 105 129 
102 131 148 
31 50 71 
35 56 63 
158 178 206 
98 133 141 
33 51 76 
18 28 48 
75 82 96 
61 91 100 
21 49 73 
140 164 186 
13 36 41 
34 47 70 
154 175 203 
95 114 120 
168 182 195 
89 101 119 
106 115 135 
151 156 173 
139 159 179 
124 152 169 
157 189 191 
162 190 202 
23 42 66 
