210 275 15 35
1 27
2 17
3 17
4 28
5 15
5 20
6 20
7 19
7 21
7 22
8 18
8 19
8 28
9 28
10 23
11 22
12 16
12 28
13 24
14 23
14 25
14 26
15 41
16 30
16 31
17 33
17 34
18 40
19 38
19 39
20 29
21 42
22 34
22 36
23 34
24 29
25 32
25 35
26 41
27 34
28 32
28 37
29 48
30 48
31 47
31 51
32 47
32 49
33 46
33 47
33 55
34 53
35 54
36 44
37 53
38 44
39 44
39 56
40 50
41 43
41 52
42 45
42 53
43 59
44 70
45 67
46 68
47 63
48 64
48 70
48 59
49 61
50 69
51 66
51 60
52 67
52 61
52 62
53 57
53 58
54 70
55 68
56 65
56 66
57 76
58 80
59 82
59 84
60 75
60 81
61 79
61 83
62 78
63 72
63 76
64 77
65 71
65 73
66 80
67 71
68 74
68 77
69 76
70 71
71 98
72 85
72 95
73 92
74 97
75 98
75 94
76 89
76 93
77 86
77 90
78 91
79 85
80 96
81 87
82 88
83 97
84 91
85 104
86 109
87 110
88 102
89 100
90 101
90 103
90 111
91 101
92 99
93 100
94 112
95 104
96 108
97 106
97 107
98 105
99 115
99 116
100 124
101 116
102 117
103 125
103 126
104 116
104 122
105 114
106 116
107 120
108 117
109 118
109 119
109 123
110 113
111 121
112 121
113 128
114 140
115 134
116 134
117 134
118 129
119 128
119 135
119 138
120 130
120 132
121 137
122 136
122 139
123 127
124 132
125 133
125 140
126 131
126 138
127 145
128 151
129 149
130 145
131 143
131 147
132 154
133 153
134 152
134 154
135 151
136 148
137 141
138 146
139 154
140 142
140 144
140 150
141 158
141 159
142 166
143 164
144 161
145 155
146 155
147 168
148 157
149 165
150 162
150 163
150 167
150 156
151 165
152 168
153 160
153 162
154 166
155 182
156 170
156 174
156 179
157 169
157 181
158 170
159 175
160 171
160 173
161 182
162 173
162 177
163 172
163 178
164 174
165 174
166 170
167 176
168 180
169 192
169 191
170 184
170 188
171 195
172 195
173 191
174 196
175 196
175 189
176 186
177 193
177 195
177 187
178 183
179 190
180 194
181 196
182 185
182 190
183 210
184 208
185 199
186 205
186 206
187 197
187 201
188 200
188 202
189 209
190 199
191 203
191 210
192 199
192 204
193 207
194 208
195 198
195 210
196 201
1 2 3 4 5 6 7 8 9 10 11 12 13 14 
15 16 17 18 19 20 21 22 23 24 25 26 27 28 
29 30 31 32 33 34 35 36 37 38 39 40 41 42 
43 44 45 46 47 48 49 50 51 52 53 54 55 56 
57 58 59 60 61 62 63 64 65 66 67 68 69 70 
71 72 73 74 75 76 77 78 79 80 81 82 83 84 
85 86 87 88 89 90 91 92 93 94 95 96 97 98 
99 100 101 102 103 104 105 106 107 108 109 110 111 112 
113 114 115 116 117 118 119 120 121 122 123 124 125 126 
127 128 129 130 131 132 133 134 135 136 137 138 139 140 
141 142 143 144 145 146 147 148 149 150 151 152 153 154 
155 156 157 158 159 160 161 162 163 164 165 166 167 168 
169 170 171 172 173 174 175 176 177 178 179 180 181 182 
183 184 185 186 187 188 189 190 191 192 193 194 195 196 
197 198 199 200 201 202 203 204 205 206 207 208 209 210 
168 180 194 208 
81 87 110 113 128 
122 136 148 157 
141 159 175 
76 93 100 
96 108 117 
167 176 186 
97 106 116 
14 26 41 
182 185 199 
1 27 34 
7 21 42 
125 133 153 
120 130 145 
160 171 195 
156 179 190 
75 94 112 121 
163 178 183 210 
131 143 164 174 
138 146 155 
77 86 109 
32 49 61 
19 38 44 
33 55 68 
98 105 114 140 
65 73 92 99 
177 193 207 
35 54 70 
59 84 91 
28 37 53 
16 30 48 
118 129 149 165 
119 135 151 
72 95 104 
13 24 29 
