228 300 12 42
1 30
2 28
3 30
4 34
5 20
5 24
5 34
6 23
6 29
7 29
8 25
8 36
9 25
9 31
10 35
11 26
12 22
12 31
13 37
13 38
14 32
14 36
15 33
16 26
17 21
18 27
19 30
20 39
20 42
20 45
20 51
21 51
22 50
22 52
23 49
24 39
25 40
26 54
27 48
28 40
29 47
30 50
31 46
32 48
32 57
33 49
34 41
34 44
34 55
35 43
35 56
36 49
37 53
38 41
39 58
40 74
41 58
42 71
43 59
43 76
44 67
45 62
45 69
46 61
46 65
46 68
47 58
48 66
48 75
49 72
50 73
51 62
52 60
53 58
53 60
54 62
55 70
55 73
56 63
56 64
57 60
58 77
59 92
60 94
61 89
62 92
63 87
64 83
65 78
65 91
66 95
67 88
68 94
69 87
70 82
70 84
71 80
71 94
72 79
72 83
73 85
73 91
74 93
75 86
76 81
76 90
76 93
77 101
78 99
78 100
79 114
80 113
81 113
82 103
82 111
83 102
83 107
84 109
85 98
86 96
87 97
88 108
89 106
90 104
90 110
91 108
92 113
93 112
93 114
94 105
95 99
96 127
97 131
98 130
98 127
99 128
99 132
100 133
101 120
101 121
102 115
103 124
103 126
104 118
104 119
104 122
105 123
106 129
107 123
108 117
109 118
110 116
111 125
112 116
113 121
114 127
115 140
115 143
116 134
117 149
117 151
118 141
118 143
119 145
120 139
121 151
122 152
123 147
124 143
124 148
125 136
126 134
127 134
127 142
127 149
128 138
128 152
129 143
130 135
130 144
130 149
131 137
131 144
131 150
132 143
133 146
134 164
135 164
136 156
136 165
137 162
137 169
138 167
139 153
140 153
140 157
141 154
142 164
143 161
144 153
144 155
145 163
145 166
145 168
146 159
147 158
148 153
148 169
148 171
149 159
150 160
150 161
150 166
151 156
152 170
153 172
154 183
154 188
155 179
156 182
157 173
158 187
159 176
159 178
159 186
159 187
160 175
160 189
161 189
162 177
163 181
164 174
164 181
165 172
166 173
167 190
168 184
169 172
170 180
170 185
171 183
172 193
173 193
174 192
175 206
176 194
176 195
177 205
178 196
179 209
180 191
181 203
182 191
182 197
182 201
182 208
183 200
184 195
185 208
186 205
187 198
187 199
188 193
189 202
189 207
190 204
191 222
191 223
191 227
192 214
193 215
193 220
194 222
195 210
195 217
195 221
196 215
197 218
198 225
199 211
199 213
200 219
201 212
201 214
201 217
202 214
202 222
203 214
203 215
203 226
204 217
204 224
205 222
205 228
206 216
207 218
207 220
208 220
209 218
209 225
1 2 3 4 5 6 7 8 9 10 11 12 13 14 15 16 17 18 19 
20 21 22 23 24 25 26 27 28 29 30 31 32 33 34 35 36 37 38 
39 40 41 42 43 44 45 46 47 48 49 50 51 52 53 54 55 56 57 
58 59 60 61 62 63 64 65 66 67 68 69 70 71 72 73 74 75 76 
77 78 79 80 81 82 83 84 85 86 87 88 89 90 91 92 93 94 95 
96 97 98 99 100 101 102 103 104 105 106 107 108 109 110 111 112 113 114 
115 116 117 118 119 120 121 122 123 124 125 126 127 128 129 130 131 132 133 
134 135 136 137 138 139 140 141 142 143 144 145 146 147 148 149 150 151 152 
153 154 155 156 157 158 159 160 161 162 163 164 165 166 167 168 169 170 171 
172 173 174 175 176 177 178 179 180 181 182 183 184 185 186 187 188 189 190 
191 192 193 194 195 196 197 198 199 200 201 202 203 204 205 206 207 208 209 
210 211 212 213 214 215 216 217 218 219 220 221 222 223 224 225 226 227 228 
182 197 218 
162 177 205 
83 107 123 
99 132 143 
87 97 131 
145 163 181 
133 146 159 
5 24 39 
140 157 173 
160 175 206 216 
34 44 67 88 108 
130 135 164 
93 112 116 
170 180 191 
155 179 209 
71 80 113 
101 120 139 153 
75 86 96 127 
174 192 214 
154 188 193 
167 190 204 
26 54 62 
178 196 215 
6 23 49 
13 37 53 
73 85 98 
82 111 125 136 
104 122 152 
32 57 60 
29 47 58 
84 109 118 
2 28 40 
147 158 187 
72 79 114 
103 126 134 
17 21 51 
168 184 195 
46 68 94 
43 59 92 
183 200 219 
176 194 222 
18 27 48 
