234 306 18 48
1 19
2 18
3 23
4 22
5 16
5 24
6 17
6 19
6 20
7 15
8 14
8 21
8 26
9 25
10 21
11 18
12 14
13 15
14 35
14 28
15 29
16 32
17 37
18 34
18 30
19 27
20 33
21 28
22 39
23 31
24 38
24 27
25 36
25 29
26 28
27 46
28 46
29 43
30 48
30 52
31 41
31 44
32 49
32 50
33 45
34 51
35 42
36 42
37 48
38 47
39 40
40 54
40 59
41 60
42 58
43 54
44 53
44 57
45 57
46 62
47 64
47 56
47 58
48 65
49 55
50 58
50 61
51 63
52 57
53 72
53 76
54 77
55 67
56 70
57 75
58 66
59 72
59 74
60 68
60 78
61 68
61 73
62 66
63 70
64 66
64 69
64 71
65 70
66 79
67 80
67 82
67 86
67 90
68 79
69 83
70 83
71 91
72 81
72 91
73 87
74 79
75 79
75 88
76 83
76 85
77 79
77 89
78 84
78 87
79 103
80 98
80 104
81 94
82 102
82 93
83 96
84 95
85 100
86 103
86 92
87 98
88 94
89 101
90 97
90 101
91 99
92 111
93 113
94 116
95 111
96 105
96 115
97 114
98 107
98 110
99 117
100 109
101 114
102 111
102 112
103 106
103 108
104 117
105 121
106 128
107 125
108 119
108 124
109 124
110 128
110 130
110 120
111 129
111 122
112 125
113 126
114 125
115 126
116 118
117 123
117 127
118 133
118 136
118 141
119 142
120 143
121 139
122 135
122 139
123 143
124 131
124 132
125 138
125 140
126 138
127 141
128 139
129 134
129 137
130 132
131 151
132 153
132 154
133 148
134 150
135 154
136 145
137 152
138 144
139 156
140 146
140 149
140 150
141 155
142 147
143 145
144 158
145 165
145 169
146 169
147 162
147 164
148 163
148 157
149 160
150 157
151 161
151 167
152 161
152 168
153 159
154 166
155 162
156 160
157 175
157 177
157 178
158 173
158 180
159 171
160 170
161 171
162 172
162 174
163 181
164 173
165 171
165 179
165 182
166 175
167 172
168 176
169 173
170 185
170 189
170 190
171 194
171 191
172 193
172 185
173 195
173 184
174 184
175 183
175 187
176 186
177 188
178 187
179 191
180 192
181 192
182 191
183 199
183 202
184 206
185 197
186 196
186 200
186 203
187 208
188 196
189 202
190 207
191 196
191 204
192 202
192 205
193 201
194 198
194 206
195 208
196 221
197 209
198 214
199 216
200 216
201 221
202 209
202 213
203 221
204 211
204 218
204 220
205 215
205 217
206 210
206 212
207 217
208 219
209 228
210 229
211 226
212 227
213 225
213 233
214 224
215 226
215 230
216 231
216 222
216 223
217 234
218 227
219 232
220 225
221 229
1 2 3 4 5 6 7 8 9 10 11 12 13 
14 15 16 17 18 19 20 21 22 23 24 25 26 
27 28 29 30 31 32 33 34 35 36 37 38 39 
40 41 42 43 44 45 46 47 48 49 50 51 52 
53 54 55 56 57 58 59 60 61 62 63 64 65 
66 67 68 69 70 71 72 73 74 75 76 77 78 
79 80 81 82 83 84 85 86 87 88 89 90 91 
92 93 94 95 96 97 98 99 100 101 102 103 104 
105 106 107 108 109 110 111 112 113 114 115 116 117 
118 119 120 121 122 123 124 125 126 127 128 129 130 
131 132 133 134 135 136 137 138 139 140 141 142 143 
144 145 146 147 148 149 150 151 152 153 154 155 156 
157 158 159 160 161 162 163 164 165 166 167 168 169 
170 171 172 173 174 175 176 177 178 179 180 181 182 
183 184 185 186 187 188 189 190 191 192 193 194 195 
196 197 198 199 200 201 202 203 204 205 206 207 208 
209 210 211 212 213 214 215 216 217 218 219 220 221 
222 223 224 225 226 227 228 229 230 231 232 233 234 
18 34 51 63 70 
118 136 145 
3 23 31 
93 113 126 
80 104 117 
84 95 111 
165 179 191 
157 177 188 196 
153 159 171 
102 112 125 
77 89 101 
59 74 79 
22 39 40 
30 52 57 
139 156 160 
147 164 173 
64 71 91 
185 197 209 
190 207 217 
25 36 42 
122 135 154 
204 218 227 
151 167 172 
162 174 184 
100 109 124 
90 97 114 
152 168 176 186 
138 144 158 
75 88 94 
206 210 229 
49 55 67 
8 26 28 
61 73 87 
5 16 32 
198 214 224 
148 163 181 192 
6 17 37 48 
103 106 128 
208 219 232 
140 146 169 
129 134 150 
24 38 47 
170 189 202 
110 120 143 
29 43 54 
46 62 66 
193 201 221 
183 199 216 
