247 324 13 42
1 28
2 24
2 38
3 21
3 34
4 38
5 28
5 32
6 28
7 22
8 30
8 35
9 33
10 30
11 20
11 37
12 29
12 31
13 27
13 36
14 22
14 25
14 37
15 26
15 29
16 22
17 38
18 26
19 23
20 48
21 39
22 54
23 46
23 54
24 50
25 42
25 55
26 49
27 47
27 57
28 41
28 55
29 53
30 50
31 44
32 45
33 56
34 51
35 40
35 43
35 52
36 45
37 50
38 39
39 59
39 67
40 59
41 72
42 69
42 71
42 75
43 66
44 71
45 62
45 76
46 58
46 73
47 60
47 61
48 61
48 63
49 68
50 71
51 59
51 74
52 65
53 68
54 61
55 72
56 64
56 70
57 61
58 84
58 86
59 82
59 87
60 85
60 91
61 88
62 78
62 89
63 77
63 81
64 87
65 85
66 93
67 88
68 90
69 80
70 95
71 83
72 92
72 94
73 93
74 79
75 78
76 87
77 98
77 104
78 109
79 96
79 100
79 102
80 99
81 112
82 96
83 111
84 105
84 113
85 114
86 98
87 98
87 101
88 110
89 108
90 96
91 103
91 107
91 114
92 113
93 97
93 106
94 110
95 107
95 114
96 132
97 117
98 117
99 122
100 129
100 124
101 132
101 123
101 125
102 119
103 117
103 126
104 127
105 120
106 128
106 122
107 133
108 115
108 118
109 131
110 130
111 129
112 116
112 118
113 122
114 121
114 127
115 134
116 146
117 137
117 141
118 147
118 149
119 143
120 148
120 150
120 151
121 134
122 135
123 139
123 145
124 140
125 147
126 138
127 152
128 136
128 140
129 134
130 135
131 144
132 142
133 141
134 154
135 167
136 155
137 171
138 171
139 153
140 165
141 166
142 154
142 168
143 161
144 153
144 157
144 160
144 169
145 155
146 158
146 164
147 158
148 161
148 170
149 156
149 159
150 154
150 163
151 171
152 162
152 165
153 180
153 188
154 188
155 185
156 188
157 175
157 190
158 183
159 174
159 176
160 172
161 184
162 187
163 187
164 181
164 189
165 187
166 175
166 182
167 186
167 188
168 187
169 177
169 179
170 188
171 173
171 178
171 188
172 208
173 197
174 209
175 205
176 197
177 203
177 206
177 207
178 199
179 193
180 194
180 200
181 192
182 196
182 204
183 191
183 193
183 198
184 195
185 191
186 205
187 196
187 202
188 192
189 197
189 201
190 205
191 217
191 220
192 222
193 227
194 219
195 215
196 212
196 218
196 223
197 221
198 215
199 215
200 225
200 228
201 226
202 224
203 216
203 228
204 214
205 210
206 224
207 217
208 226
209 211
209 213
210 233
211 231
211 242
212 230
213 244
214 231
214 236
214 238
215 233
216 237
217 244
218 229
218 234
218 245
219 232
219 239
220 236
221 240
222 237
223 231
223 236
223 247
224 235
224 243
225 244
226 236
227 236
228 241
228 246
1 2 3 4 5 6 7 8 9 10 11 12 13 14 15 16 17 18 19 
20 21 22 23 24 25 26 27 28 29 30 31 32 33 34 35 36 37 38 
39 40 41 42 43 44 45 46 47 48 49 50 51 52 53 54 55 56 57 
58 59 60 61 62 63 64 65 66 67 68 69 70 71 72 73 74 75 76 
77 78 79 80 81 82 83 84 85 86 87 88 89 90 91 92 93 94 95 
96 97 98 99 100 101 102 103 104 105 106 107 108 109 110 111 112 113 114 
115 116 117 118 119 120 121 122 123 124 125 126 127 128 129 130 131 132 133 
134 135 136 137 138 139 140 141 142 143 144 145 146 147 148 149 150 151 152 
153 154 155 156 157 158 159 160 161 162 163 164 165 166 167 168 169 170 171 
172 173 174 175 176 177 178 179 180 181 182 183 184 185 186 187 188 189 190 
191 192 193 194 195 196 197 198 199 200 201 202 203 204 205 206 207 208 209 
210 211 212 213 214 215 216 217 218 219 220 221 222 223 224 225 226 227 228 
229 230 231 232 233 234 235 236 237 238 239 240 241 242 243 244 245 246 247 
187 202 224 
149 156 188 
189 201 226 
46 73 93 
171 178 199 215 
59 82 96 
164 181 192 
72 94 110 
5 32 45 
12 31 44 71 
155 185 191 
84 105 120 
107 133 141 
11 20 48 
209 213 244 
56 70 95 
69 80 99 122 
157 190 205 
196 212 230 
58 86 98 
159 176 197 
52 65 85 
78 109 131 144 
123 139 153 
83 111 129 
77 104 127 
203 216 237 
101 125 147 
3 34 51 
169 179 193 
62 89 108 
182 204 214 
102 119 143 161 
2 24 50 
112 116 146 
27 57 61 
114 121 134 
29 53 68 
180 194 219 
177 207 217 
100 124 140 
39 67 88 
