230 291 10 36
1 41
1 44
2 37
3 24
4 33
5 40
5 46
6 43
7 34
8 25
9 25
10 25
11 29
11 30
12 27
12 28
13 38
14 32
15 38
16 33
17 31
18 24
18 39
19 36
20 26
20 32
20 42
21 35
22 35
23 45
24 69
25 57
26 50
26 58
27 49
28 53
29 65
29 66
30 62
31 58
32 64
33 51
34 56
34 67
35 53
36 59
36 68
37 63
38 60
38 62
39 62
40 47
40 52
41 48
41 63
42 61
43 55
43 67
44 61
45 62
46 54
47 70
48 81
49 83
50 82
51 75
51 92
52 90
53 87
54 86
55 80
56 78
56 85
57 71
58 71
58 89
59 72
60 70
61 91
62 77
63 91
64 76
65 83
66 70
66 73
67 86
68 74
68 84
69 79
69 88
70 107
71 93
71 103
72 99
72 105
73 107
74 96
74 102
75 98
76 108
77 115
78 112
79 101
79 114
80 95
81 96
82 107
82 109
83 104
84 94
85 115
86 107
86 110
86 113
87 95
88 108
89 111
89 112
90 100
90 101
91 97
92 106
93 133
94 126
95 127
96 136
97 128
97 123
98 132
98 118
99 138
100 133
101 121
102 137
103 119
104 130
105 128
106 119
107 117
108 124
109 134
110 132
110 122
111 120
112 135
112 116
113 136
114 117
115 129
115 131
115 125
116 140
117 151
118 142
119 151
120 145
121 139
122 144
122 154
123 146
124 145
125 161
126 146
127 147
127 152
127 159
128 141
128 151
129 153
130 140
130 156
131 158
132 148
132 157
132 160
133 143
133 154
134 155
135 158
136 145
136 147
136 149
137 147
138 146
138 150
138 161
139 167
139 175
140 184
141 180
141 184
142 180
143 170
144 163
144 177
145 165
146 164
146 174
147 171
148 176
148 178
148 181
149 162
150 163
150 173
151 167
151 178
152 162
152 167
153 163
153 173
154 171
154 182
155 168
155 172
156 183
157 164
157 169
158 166
159 168
160 179
161 170
162 189
162 196
162 199
163 192
163 204
164 191
164 194
164 206
165 194
165 201
166 195
166 199
166 207
167 193
167 194
167 203
168 187
169 198
170 199
170 207
171 205
172 190
173 188
173 202
174 187
175 197
176 187
177 188
177 200
178 189
179 202
180 191
180 207
181 186
182 203
183 185
183 196
184 189
185 213
186 213
187 221
187 223
188 211
188 219
188 230
189 222
190 228
191 216
191 220
192 215
193 222
193 227
194 217
194 225
195 212
195 218
196 219
197 213
198 210
199 223
200 209
201 208
201 224
202 214
203 226
204 228
205 225
206 229
207 211
1 2 3 4 5 6 7 8 9 10 11 12 13 14 15 16 17 18 19 20 21 22 23 
24 25 26 27 28 29 30 31 32 33 34 35 36 37 38 39 40 41 42 43 44 45 46 
47 48 49 50 51 52 53 54 55 56 57 58 59 60 61 62 63 64 65 66 67 68 69 
70 71 72 73 74 75 76 77 78 79 80 81 82 83 84 85 86 87 88 89 90 91 92 
93 94 95 96 97 98 99 100 101 102 103 104 105 106 107 108 109 110 111 112 113 114 115 
116 117 118 119 120 121 122 123 124 125 126 127 128 129 130 131 132 133 134 135 136 137 138 
139 140 141 142 143 144 145 146 147 148 149 150 151 152 153 154 155 156 157 158 159 160 161 
162 163 164 165 166 167 168 169 170 171 172 173 174 175 176 177 178 179 180 181 182 183 184 
185 186 187 188 189 190 191 192 193 194 195 196 197 198 199 200 201 202 203 204 205 206 207 
208 209 210 211 212 213 214 215 216 217 218 219 220 221 222 223 224 225 226 227 228 229 230 
84 94 126 146 
20 42 61 
115 129 153 
109 134 155 
43 55 80 95 
26 50 82 
139 175 197 213 
51 92 106 119 
136 149 162 
66 73 107 
163 192 215 
72 105 128 
40 47 70 
108 124 145 
160 179 202 
79 114 117 
177 200 209 
74 102 137 147 
25 57 71 
90 100 133 
83 104 130 
48 81 96 
2 37 63 
127 159 168 
112 116 140 
46 54 86 
118 142 180 
23 45 62 
172 190 228 
171 205 225 
154 182 203 
12 28 53 
157 169 198 210 
148 176 187 
17 31 58 
164 206 229 
