247 320 19 50
1 14
2 20
3 15
3 25
4 18
5 16
5 19
6 20
7 15
8 21
9 18
10 18
11 17
11 26
12 22
13 23
13 24
14 33
14 35
15 35
16 34
16 28
17 35
17 27
18 38
19 29
20 37
20 30
21 36
22 36
23 29
23 31
24 35
24 39
25 38
26 32
27 42
28 43
28 48
28 50
29 47
30 43
30 52
31 41
31 46
32 44
33 50
34 40
35 50
36 45
36 50
37 51
38 51
39 44
39 49
40 55
40 63
41 56
42 62
43 56
44 65
45 64
45 61
46 57
46 60
47 56
48 56
49 65
49 53
50 54
50 59
51 58
52 65
53 75
53 77
54 72
54 76
55 73
56 66
57 78
58 69
59 71
59 74
60 67
61 68
62 70
63 67
64 75
65 71
66 91
67 81
67 84
68 80
69 82
70 82
70 86
71 85
71 90
72 79
73 90
74 88
75 83
75 91
76 89
77 79
77 87
78 79
79 93
80 97
80 92
81 104
82 98
82 101
83 93
84 104
85 96
85 95
86 99
86 102
87 103
88 97
89 95
90 97
91 100
91 94
92 108
92 115
93 108
94 105
94 111
95 116
96 116
97 114
98 110
99 107
99 109
100 108
101 117
102 113
103 112
104 106
104 110
105 121
106 129
106 123
106 126
107 124
108 124
109 128
110 119
110 120
111 129
112 122
113 122
113 125
114 127
115 124
116 118
116 127
117 130
118 132
118 138
119 141
119 142
120 137
121 131
122 135
122 136
123 132
124 143
125 133
126 140
127 142
128 134
129 132
130 134
130 139
131 144
131 149
131 152
132 147
133 151
134 146
134 153
135 151
136 153
137 148
137 156
138 150
139 154
139 155
140 150
141 147
142 147
143 145
144 167
145 164
146 164
146 169
147 158
148 168
149 160
150 162
151 166
152 166
153 158
154 163
155 161
155 157
156 160
156 165
156 159
157 176
157 182
158 170
159 171
160 171
160 172
161 173
162 179
162 180
163 178
164 181
165 174
165 178
166 177
167 175
168 173
169 173
170 192
171 183
172 192
173 194
173 190
174 185
175 188
175 191
176 195
177 187
177 189
178 191
179 183
180 195
181 193
181 186
182 184
183 206
183 207
184 197
184 203
184 207
185 201
185 208
186 198
187 199
188 202
189 207
190 205
191 205
192 207
193 196
193 201
194 200
195 204
196 217
197 213
198 213
199 215
199 221
200 211
200 218
201 217
201 218
201 220
202 214
202 219
203 216
203 218
204 218
205 217
206 212
206 213
207 209
208 210
208 218
209 223
210 225
210 231
211 224
211 222
212 226
212 232
212 233
213 230
214 228
215 228
216 234
217 234
218 223
219 234
220 229
221 227
222 238
223 236
223 246
224 243
225 239
225 244
226 238
227 237
227 238
228 239
229 241
230 235
231 245
232 238
232 247
233 242
234 240
234 245
1 2 3 4 5 6 7 8 9 10 11 12 13 
14 15 16 17 18 19 20 21 22 23 24 25 26 
27 28 29 30 31 32 33 34 35 36 37 38 39 
40 41 42 43 44 45 46 47 48 49 50 51 52 
53 54 55 56 57 58 59 60 61 62 63 64 65 
66 67 68 69 70 71 72 73 74 75 76 77 78 
79 80 81 82 83 84 85 86 87 88 89 90 91 
92 93 94 95 96 97 98 99 100 101 102 103 104 
105 106 107 108 109 110 111 112 113 114 115 116 117 
118 119 120 121 122 123 124 125 126 127 128 129 130 
131 132 133 134 135 136 137 138 139 140 141 142 143 
144 145 146 147 148 149 150 151 152 153 154 155 156 
157 158 159 160 161 162 163 164 165 166 167 168 169 
170 171 172 173 174 175 176 177 178 179 180 181 182 
183 184 185 186 187 188 189 190 191 192 193 194 195 
196 197 198 199 200 201 202 203 204 205 206 207 208 
209 210 211 212 213 214 215 216 217 218 219 220 221 
222 223 224 225 226 227 228 229 230 231 232 233 234 
235 236 237 238 239 240 241 242 243 244 245 246 247 
76 89 95 
165 174 185 
11 26 32 44 
157 182 184 
131 149 160 
20 37 51 
213 230 235 
58 69 82 
207 209 223 
110 120 137 
55 73 90 
173 194 200 
97 114 127 
46 60 67 
91 100 108 
177 187 199 
3 25 38 
29 47 56 
14 33 50 
201 220 229 241 
77 87 103 112 122 
54 72 79 
162 179 183 
203 216 234 
45 64 75 
42 62 70 
143 145 164 
99 107 124 
106 123 132 
156 159 171 
118 138 150 
30 52 65 
16 34 40 
211 222 238 
175 188 202 
210 231 245 
193 196 217 
101 117 130 
212 233 242 
12 22 36 
125 133 151 
158 170 192 
94 111 129 
109 128 134 
61 68 80 
139 154 163 178 
85 96 116 
195 204 218 
119 141 147 
86 102 113 
