221 290 13 39
1 19
1 20
2 18
2 26
3 28
4 34
5 20
5 25
6 32
7 21
8 26
9 21
10 27
11 20
11 31
12 22
13 24
14 28
15 24
15 29
16 33
16 23
17 30
18 41
18 44
19 39
20 48
21 37
22 35
23 48
24 40
25 47
26 38
26 51
27 35
27 50
28 49
29 36
29 49
30 39
30 43
31 35
32 40
33 46
34 42
34 45
35 59
36 65
36 58
37 54
37 57
37 60
38 68
39 64
40 54
41 53
41 63
42 55
42 61
43 56
44 66
45 67
46 56
47 54
48 62
49 63
50 52
51 54
52 69
52 78
52 84
53 76
54 85
55 85
56 76
57 81
58 69
58 83
59 80
59 82
60 80
61 70
62 77
63 70
64 69
64 75
65 73
66 72
66 84
67 74
68 71
68 79
68 85
69 96
69 90
70 87
70 89
70 90
71 100
71 95
72 100
73 98
73 102
74 97
75 102
75 92
76 97
76 94
77 90
78 97
78 101
79 88
79 91
80 93
81 102
82 99
82 86
83 99
83 93
84 89
85 96
85 100
86 107
87 118
88 105
88 111
88 117
89 108
89 119
90 110
90 115
91 110
92 111
93 111
93 114
94 116
95 106
96 104
96 110
97 103
97 112
98 119
99 110
99 113
100 116
101 110
102 109
102 119
103 120
104 132
105 127
106 134
106 135
107 120
107 123
108 130
109 133
109 125
110 124
111 126
112 135
112 136
113 131
113 122
114 131
115 129
115 131
115 120
116 130
117 132
118 128
118 121
119 126
120 138
120 147
120 152
121 144
122 151
123 147
124 142
124 143
124 146
125 146
126 151
127 147
128 137
128 138
128 147
129 145
129 148
129 153
130 150
131 150
132 139
132 149
133 141
134 140
135 153
136 148
137 158
137 159
138 156
139 157
140 166
140 155
141 167
141 154
141 156
142 159
143 165
143 169
144 161
145 162
146 159
147 161
148 164
149 161
150 163
150 159
151 169
152 168
152 170
153 160
153 156
154 176
155 181
156 171
157 172
157 174
158 175
159 179
160 183
161 178
161 180
162 177
162 184
163 182
163 187
164 184
165 173
166 184
167 185
167 186
168 173
169 182
170 180
171 189
172 189
173 192
174 193
175 201
176 194
177 190
177 191
178 193
178 203
179 191
180 188
181 191
182 198
182 200
183 193
184 188
185 196
185 197
185 199
186 201
187 195
187 202
187 204
188 217
189 211
190 219
191 211
192 208
193 212
194 205
195 216
196 218
197 214
198 215
199 214
200 209
200 210
201 217
202 206
202 221
203 207
203 220
204 213
1 2 3 4 5 6 7 8 9 10 11 12 13 14 15 16 17 
18 19 20 21 22 23 24 25 26 27 28 29 30 31 32 33 34 
35 36 37 38 39 40 41 42 43 44 45 46 47 48 49 50 51 
52 53 54 55 56 57 58 59 60 61 62 63 64 65 66 67 68 
69 70 71 72 73 74 75 76 77 78 79 80 81 82 83 84 85 
86 87 88 89 90 91 92 93 94 95 96 97 98 99 100 101 102 
103 104 105 106 107 108 109 110 111 112 113 114 115 116 117 118 119 
120 121 122 123 124 125 126 127 128 129 130 131 132 133 134 135 136 
137 138 139 140 141 142 143 144 145 146 147 148 149 150 151 152 153 
154 155 156 157 158 159 160 161 162 163 164 165 166 167 168 169 170 
171 172 173 174 175 176 177 178 179 180 181 182 183 184 185 186 187 
188 189 190 191 192 193 194 195 196 197 198 199 200 201 202 203 204 
205 206 207 208 209 210 211 212 213 214 215 216 217 218 219 220 221 
76 94 116 
132 139 157 
154 176 194 205 
185 199 214 
26 51 54 
167 186 201 
118 121 144 161 
66 72 100 
93 114 131 
37 60 80 
79 91 110 
109 133 141 
160 183 193 
159 179 191 
16 23 48 
105 127 147 
187 204 213 
62 77 90 
148 164 184 
97 103 120 
89 108 130 
42 61 70 
182 198 215 
11 31 35 
1 19 39 
6 32 40 
143 165 173 
106 134 140 
30 43 56 
73 98 119 
27 50 52 
152 170 180 
156 171 189 
57 81 102 
177 190 219 
113 122 151 
75 92 111 
129 145 162 
82 86 107 
