140 180 14 26
1 11
1 15
2 16
3 18
4 17
5 20
6 13
6 17
6 19
7 16
8 12
9 14
10 15
11 28
12 22
12 27
13 24
14 23
15 24
16 23
17 29
17 30
18 30
19 21
19 26
19 30
20 25
21 33
22 37
23 31
24 37
24 38
25 36
25 39
26 34
26 31
27 35
28 33
29 40
30 32
31 43
31 45
31 47
32 49
33 42
33 48
34 41
34 49
35 50
36 46
36 49
37 45
38 44
38 49
39 45
40 50
41 51
42 53
42 55
43 51
44 53
45 56
45 58
46 57
46 60
47 54
47 58
48 52
49 59
50 51
51 65
51 67
51 61
52 64
52 68
53 64
53 63
54 64
55 66
56 62
57 69
57 70
58 61
59 62
60 62
61 71
61 74
61 77
62 73
63 79
64 79
65 73
66 75
66 77
67 76
68 73
68 78
69 72
69 80
70 77
71 89
72 83
73 82
73 84
74 85
74 90
75 81
76 81
77 86
78 81
79 88
80 87
81 96
82 91
83 97
83 95
84 97
85 97
86 96
86 100
86 93
87 98
87 94
88 96
89 92
90 99
91 101
91 109
92 110
93 101
93 103
94 106
95 105
96 104
96 105
97 106
98 102
98 105
99 108
100 107
101 120
102 115
102 119
103 112
103 118
103 120
104 112
105 114
106 113
107 117
108 111
109 116
110 120
111 130
111 127
112 124
112 125
112 126
113 129
113 121
114 126
115 130
116 128
116 126
117 123
118 126
119 122
120 125
121 134
122 135
123 138
124 139
125 133
125 140
126 132
127 137
128 131
129 135
130 131
130 136
1 2 3 4 5 6 7 8 9 10 
11 12 13 14 15 16 17 18 19 20 
21 22 23 24 25 26 27 28 29 30 
31 32 33 34 35 36 37 38 39 40 
41 42 43 44 45 46 47 48 49 50 
51 52 53 54 55 56 57 58 59 60 
61 62 63 64 65 66 67 68 69 70 
71 72 73 74 75 76 77 78 79 80 
81 82 83 84 85 86 87 88 89 90 
91 92 93 94 95 96 97 98 99 100 
101 102 103 104 105 106 107 108 109 110 
111 112 113 114 115 116 117 118 119 120 
121 122 123 124 125 126 127 128 129 130 
131 132 133 134 135 136 137 138 139 140 
79 88 96 
27 35 50 
67 76 81 
103 118 126 
12 22 37 
61 71 89 92 110 120 
90 99 108 111 
91 109 116 
69 80 87 
73 84 97 
30 32 49 
9 14 23 
102 115 130 
45 56 62 
6 13 24 
100 107 117 123 138 
11 28 33 
31 43 51 
57 70 77 
113 129 135 
112 124 139 
5 20 25 
38 44 53 
83 95 105 
47 54 64 
42 55 66 
