187 241 17 36
1 19
2 15
2 20
2 21
3 16
4 13
5 21
6 17
6 22
7 21
8 22
9 18
10 18
11 12
11 14
12 23
12 26
13 32
14 25
15 25
16 26
16 30
17 33
18 26
18 27
19 25
19 29
19 31
20 31
21 24
21 28
22 33
23 40
23 41
24 34
25 36
26 35
26 43
27 39
28 40
29 34
30 39
31 37
31 42
32 38
33 44
34 46
35 55
36 55
37 51
38 47
38 53
39 50
40 52
40 54
41 50
42 45
42 50
43 49
43 51
44 47
44 48
45 62
46 65
46 58
47 56
48 66
49 63
50 60
51 64
51 58
51 59
52 63
53 62
54 64
54 57
54 61
55 62
56 74
57 75
58 71
59 73
60 72
60 76
60 77
61 72
62 75
63 75
64 69
65 67
66 68
66 70
67 78
68 88
69 83
70 80
71 81
71 85
71 86
72 79
73 81
73 84
74 78
74 82
74 88
75 83
76 81
77 87
78 91
79 97
79 94
80 99
81 99
81 93
82 97
82 89
83 99
84 92
85 96
86 90
86 95
87 91
88 98
89 104
90 110
91 103
91 109
92 100
92 108
93 106
93 107
94 106
95 110
96 102
97 109
98 105
98 110
99 100
99 101
100 112
100 117
100 119
101 117
102 115
102 116
103 115
104 121
105 118
106 114
107 120
108 119
109 113
110 111
110 114
111 131
112 128
113 123
113 126
113 127
114 130
115 132
116 124
116 127
117 132
118 129
118 122
119 131
120 132
121 122
121 125
122 134
122 138
123 135
124 143
125 140
126 136
127 142
128 134
129 133
129 143
130 139
131 142
132 137
132 141
133 154
134 154
135 146
136 146
136 152
137 154
138 148
139 145
140 147
140 149
141 144
142 150
142 151
143 153
144 160
144 163
145 164
146 156
147 161
148 159
149 162
150 161
151 160
151 157
152 158
153 155
154 165
155 176
156 170
157 170
158 176
159 169
160 167
160 174
161 174
162 172
162 173
163 175
163 176
164 166
164 168
165 171
166 179
167 178
168 181
168 182
169 178
170 180
170 183
171 182
171 185
172 184
172 186
173 177
174 184
175 177
176 187
1 2 3 4 5 6 7 8 9 10 11 
12 13 14 15 16 17 18 19 20 21 22 
23 24 25 26 27 28 29 30 31 32 33 
34 35 36 37 38 39 40 41 42 43 44 
45 46 47 48 49 50 51 52 53 54 55 
56 57 58 59 60 61 62 63 64 65 66 
67 68 69 70 71 72 73 74 75 76 77 
78 79 80 81 82 83 84 85 86 87 88 
89 90 91 92 93 94 95 96 97 98 99 
100 101 102 103 104 105 106 107 108 109 110 
111 112 113 114 115 116 117 118 119 120 121 
122 123 124 125 126 127 128 129 130 131 132 
133 134 135 136 137 138 139 140 141 142 143 
144 145 146 147 148 149 150 151 152 153 154 
155 156 157 158 159 160 161 162 163 164 165 
166 167 168 169 170 171 172 173 174 175 176 
177 178 179 180 181 182 183 184 185 186 187 
146 156 170 
16 30 39 
107 120 132 
160 167 178 
40 52 63 
163 175 177 
77 87 91 
89 104 121 
19 29 34 
44 48 66 
60 76 81 
11 14 25 
70 80 99 
85 96 102 
2 20 31 
110 111 131 
6 17 33 
152 158 176 
139 145 164 
98 105 118 
100 112 128 134 
65 67 78 
79 94 106 
113 126 136 
23 41 50 
38 53 62 
51 59 73 
54 61 72 
142 150 161 
129 133 154 
64 69 83 
116 124 143 
47 56 74 
92 108 119 
140 149 162 
26 35 55 
