182 238 13 29
1 26
1 27
2 22
3 21
4 18
4 20
4 24
5 25
6 18
7 18
8 16
9 28
10 22
11 15
11 19
11 25
12 16
12 17
12 23
13 27
14 22
15 42
16 33
17 32
18 30
19 35
20 41
21 41
22 36
23 31
24 38
24 40
25 37
26 41
27 34
27 39
28 38
28 29
29 55
30 55
31 47
32 45
32 52
33 56
34 46
35 46
35 48
36 50
36 55
37 49
38 53
39 43
39 44
40 44
40 54
41 45
42 51
42 55
43 68
43 69
44 57
45 58
46 67
47 59
48 67
49 57
50 64
50 69
51 70
51 58
51 62
52 66
52 67
53 59
54 65
55 57
55 60
55 61
55 63
56 58
57 73
57 74
57 83
58 74
59 76
60 82
61 78
62 77
63 75
64 82
65 84
66 72
66 79
66 80
67 81
68 81
69 71
69 78
70 73
71 93
72 85
73 96
73 94
74 89
75 92
76 88
77 90
78 98
78 85
78 91
79 86
80 86
81 97
81 87
82 90
83 88
84 95
85 100
85 102
85 110
86 106
86 107
87 104
88 101
89 111
90 108
91 100
92 101
92 105
93 109
94 103
95 101
95 112
96 107
97 109
98 99
98 107
99 119
100 113
100 124
101 122
101 123
102 118
102 123
103 121
104 114
104 126
105 115
106 123
107 124
107 125
108 117
109 116
110 124
111 120
112 114
113 138
114 130
114 135
114 138
115 133
115 139
116 127
117 128
117 137
118 134
119 127
120 137
121 136
121 127
122 131
123 130
123 132
123 134
124 140
125 134
126 129
126 130
127 144
127 145
128 147
128 154
129 142
129 153
130 141
131 151
132 150
133 151
134 146
134 149
135 154
136 143
137 150
138 141
139 143
139 152
140 148
141 167
141 155
141 156
142 164
143 156
144 164
144 156
144 159
145 164
146 157
147 163
148 158
149 165
150 161
150 162
151 166
151 156
152 156
153 160
153 168
153 157
154 163
155 178
155 182
156 173
157 171
158 180
159 174
159 176
159 177
160 175
160 181
161 173
161 179
162 172
163 173
164 182
165 170
166 174
167 169
168 175
1 2 3 4 5 6 7 8 9 10 11 12 13 14 
15 16 17 18 19 20 21 22 23 24 25 26 27 28 
29 30 31 32 33 34 35 36 37 38 39 40 41 42 
43 44 45 46 47 48 49 50 51 52 53 54 55 56 
57 58 59 60 61 62 63 64 65 66 67 68 69 70 
71 72 73 74 75 76 77 78 79 80 81 82 83 84 
85 86 87 88 89 90 91 92 93 94 95 96 97 98 
99 100 101 102 103 104 105 106 107 108 109 110 111 112 
113 114 115 116 117 118 119 120 121 122 123 124 125 126 
127 128 129 130 131 132 133 134 135 136 137 138 139 140 
141 142 143 144 145 146 147 148 149 150 151 152 153 154 
155 156 157 158 159 160 161 162 163 164 165 166 167 168 
169 170 171 172 173 174 175 176 177 178 179 180 181 182 
73 96 107 
35 48 67 
128 147 163 
102 118 134 
81 97 109 
94 103 121 
38 53 59 
66 79 86 
74 89 111 120 137 
150 162 172 
55 60 82 
37 49 57 
85 110 124 
1 26 41 
33 56 58 
139 152 156 
27 34 46 
51 62 77 90 
101 122 131 151 
100 113 138 
127 145 164 
95 112 114 
12 17 32 
63 75 92 
148 158 180 
11 15 42 
153 168 175 
141 167 169 
149 165 170 
