221 281 13 42
1 24
2 34
2 30
3 23
4 18
4 21
5 25
6 28
7 25
7 26
8 22
8 29
9 30
10 28
11 21
12 27
13 19
13 22
14 21
15 32
15 33
16 31
17 20
18 47
18 51
19 35
20 40
20 50
21 37
21 44
22 41
22 48
23 42
24 46
25 45
26 50
27 45
28 38
29 39
29 42
30 36
30 48
30 49
31 44
32 43
33 35
34 44
35 55
35 58
36 61
37 53
38 59
39 61
40 53
41 61
42 52
43 58
44 64
44 63
45 66
45 58
46 67
46 62
47 65
47 54
48 68
49 56
49 57
50 60
50 61
51 52
52 73
52 75
53 78
54 73
55 73
56 74
56 76
57 74
58 83
59 74
60 71
60 83
61 80
62 79
63 70
63 77
64 69
64 84
65 81
65 85
66 72
67 82
68 84
69 86
70 97
70 86
71 102
72 91
73 100
74 96
74 98
75 99
75 89
75 95
76 90
76 94
77 99
78 102
79 92
79 93
80 100
81 95
82 101
83 96
84 87
84 88
85 101
86 112
86 117
87 119
88 106
89 103
89 112
89 118
90 119
91 111
92 104
92 119
93 107
93 113
94 118
95 109
96 108
97 110
98 118
99 114
100 105
100 115
101 116
102 111
103 129
103 125
103 126
104 132
105 124
106 133
106 135
107 131
107 120
108 135
109 131
110 121
111 134
111 127
112 123
113 122
114 131
115 128
116 136
116 122
117 130
118 125
119 132
120 149
121 150
121 153
122 146
123 138
124 137
125 139
125 148
126 141
127 143
128 137
129 140
129 145
130 140
131 144
132 141
133 140
134 152
135 147
136 142
136 151
137 165
137 170
138 166
139 167
140 161
140 159
141 154
142 164
142 156
143 163
144 166
145 154
146 163
147 157
148 159
149 169
150 154
151 162
151 168
152 160
152 154
152 158
153 168
153 169
153 154
153 155
154 187
155 185
156 181
156 187
157 179
158 183
159 174
159 187
160 186
161 182
161 185
162 184
163 172
164 187
165 172
165 178
166 186
167 175
167 177
168 176
168 180
169 173
170 171
171 192
171 202
172 189
173 203
174 193
175 196
176 199
177 194
178 188
178 190
179 204
180 196
181 200
182 195
182 191
183 197
183 199
183 200
184 201
184 202
185 189
186 198
187 189
188 212
189 210
190 208
190 219
191 215
192 207
192 212
193 214
193 217
194 210
194 220
195 211
196 214
197 218
197 221
198 221
199 214
200 212
201 206
201 216
202 205
203 214
204 209
204 213
1 2 3 4 5 6 7 8 9 10 11 12 13 14 15 16 17 
18 19 20 21 22 23 24 25 26 27 28 29 30 31 32 33 34 
35 36 37 38 39 40 41 42 43 44 45 46 47 48 49 50 51 
52 53 54 55 56 57 58 59 60 61 62 63 64 65 66 67 68 
69 70 71 72 73 74 75 76 77 78 79 80 81 82 83 84 85 
86 87 88 89 90 91 92 93 94 95 96 97 98 99 100 101 102 
103 104 105 106 107 108 109 110 111 112 113 114 115 116 117 118 119 
120 121 122 123 124 125 126 127 128 129 130 131 132 133 134 135 136 
137 138 139 140 141 142 143 144 145 146 147 148 149 150 151 152 153 
154 155 156 157 158 159 160 161 162 163 164 165 166 167 168 169 170 
171 172 173 174 175 176 177 178 179 180 181 182 183 184 185 186 187 
188 189 190 191 192 193 194 195 196 197 198 199 200 201 202 203 204 
205 206 207 208 209 210 211 212 213 214 215 216 217 218 219 220 221 
64 69 86 
123 138 166 
15 33 35 
22 41 61 
157 179 204 
28 38 59 74 
45 66 72 91 111 
117 130 140 
70 97 110 121 
84 88 106 
153 155 185 
167 177 194 
186 198 221 
76 90 119 
107 120 149 169 
100 105 124 137 
173 203 214 
178 188 212 
122 146 163 
182 191 215 
32 43 58 
20 40 53 
142 164 187 
2 34 44 
46 62 79 
168 176 199 
159 174 193 
47 54 73 
151 162 184 
129 145 154 
3 23 42 
65 81 95 
7 26 50 
156 181 200 
67 82 101 
60 71 102 
92 104 132 
99 114 131 
152 158 183 
96 108 135 
103 126 141 
18 51 52 
