209 271 11 33
1 36
2 29
3 33
4 27
5 23
6 28
7 21
7 31
8 23
9 36
10 38
11 20
12 22
12 26
12 32
12 34
13 28
13 35
14 33
15 34
16 28
17 30
17 33
18 25
18 37
19 20
19 24
20 54
21 41
21 44
21 55
22 57
23 52
24 52
25 43
26 40
26 42
26 47
27 53
28 42
29 42
30 48
30 50
31 46
31 54
32 43
33 39
34 56
35 39
36 56
37 51
38 45
38 49
39 63
39 64
40 74
41 67
42 60
42 66
42 67
42 74
43 66
44 69
45 67
45 73
46 58
46 62
47 70
48 58
48 65
49 58
49 65
50 59
51 63
52 61
53 70
53 75
54 71
55 69
55 73
56 70
56 72
57 68
57 76
58 79
58 88
59 77
59 84
60 91
61 92
62 91
63 90
64 93
65 91
66 94
67 83
68 77
69 86
70 86
71 80
71 94
72 82
72 85
73 89
73 95
74 86
75 86
76 78
76 81
76 87
77 97
77 112
78 108
79 107
80 109
81 103
82 110
83 96
83 99
83 109
84 113
85 113
86 111
87 104
88 109
89 102
90 113
91 98
91 106
91 114
92 104
92 105
93 101
94 100
95 113
96 129
97 132
98 122
98 123
99 133
100 133
100 116
100 118
101 123
101 126
102 131
102 119
103 115
104 128
105 117
105 125
106 127
107 130
107 123
108 119
109 121
110 132
111 129
112 125
113 124
114 120
114 124
115 151
116 134
117 140
117 142
117 147
118 136
119 137
120 135
121 139
121 141
122 137
123 135
123 145
124 148
124 152
125 150
126 143
126 146
127 146
128 141
128 149
129 138
130 147
131 146
132 141
133 144
133 151
134 154
135 158
135 166
136 156
136 160
137 159
138 158
138 161
139 155
140 153
140 154
141 154
142 168
143 157
143 162
143 169
144 163
145 155
146 171
147 168
148 164
149 167
150 155
151 170
152 165
152 169
153 184
154 183
154 188
155 176
155 177
155 181
156 173
157 173
158 187
159 172
160 175
161 186
162 176
163 175
164 179
164 182
164 185
165 176
166 179
166 180
166 190
167 189
168 175
168 178
169 174
170 179
171 174
172 206
173 198
174 195
175 192
175 196
175 204
176 199
177 207
178 205
179 193
179 195
180 203
180 204
181 200
181 202
181 205
182 201
183 191
183 194
184 207
184 208
185 201
185 207
185 209
186 192
187 199
188 197
189 200
190 200
1 2 3 4 5 6 7 8 9 10 11 12 13 14 15 16 17 18 19 
20 21 22 23 24 25 26 27 28 29 30 31 32 33 34 35 36 37 38 
39 40 41 42 43 44 45 46 47 48 49 50 51 52 53 54 55 56 57 
58 59 60 61 62 63 64 65 66 67 68 69 70 71 72 73 74 75 76 
77 78 79 80 81 82 83 84 85 86 87 88 89 90 91 92 93 94 95 
96 97 98 99 100 101 102 103 104 105 106 107 108 109 110 111 112 113 114 
115 116 117 118 119 120 121 122 123 124 125 126 127 128 129 130 131 132 133 
134 135 136 137 138 139 140 141 142 143 144 145 146 147 148 149 150 151 152 
153 154 155 156 157 158 159 160 161 162 163 164 165 166 167 168 169 170 171 
172 173 174 175 176 177 178 179 180 181 182 183 184 185 186 187 188 189 190 
191 192 193 194 195 196 197 198 199 200 201 202 203 204 205 206 207 208 209 
86 111 129 
168 178 205 
76 81 103 115 151 
143 157 173 
42 60 91 
59 84 113 
82 110 132 
58 79 107 
124 148 164 
73 89 102 
71 80 109 
140 153 184 
161 186 192 
57 68 77 
155 177 207 
114 120 135 
149 167 189 200 
4 27 53 
83 99 133 
137 159 172 206 
52 61 92 
100 118 136 
21 44 69 
154 188 197 
18 37 51 63 
26 40 74 
144 163 175 
106 127 146 
158 187 199 
39 64 93 101 
152 165 176 
78 108 119 
12 32 43 
