195 250 15 36
1 20
2 16
2 17
3 25
4 26
5 24
6 21
7 18
7 26
8 23
9 15
9 20
9 24
10 19
10 21
11 25
12 14
12 25
13 22
13 26
14 34
14 36
15 27
15 31
16 38
17 29
18 33
19 37
20 28
20 29
21 36
22 36
23 39
24 30
25 32
26 32
26 35
27 46
28 44
28 52
29 48
30 52
31 43
31 47
32 42
33 41
34 40
35 51
36 49
36 51
37 45
37 50
38 48
39 45
40 61
41 63
42 61
43 63
44 55
45 62
46 62
47 57
47 58
48 53
48 58
49 54
50 59
50 60
51 64
51 56
52 65
52 58
53 66
53 69
54 70
55 76
56 75
57 77
58 67
59 73
60 72
61 67
62 72
63 74
63 78
64 68
64 70
65 71
65 75
66 82
66 86
67 80
67 87
67 88
68 89
69 79
70 88
71 79
72 91
73 89
74 85
75 81
76 83
76 85
76 90
77 84
78 91
79 93
80 94
81 99
82 97
82 98
82 100
83 104
84 97
85 94
86 97
87 103
87 104
88 96
88 101
89 102
90 95
91 92
92 114
93 110
93 116
94 117
95 105
95 109
96 113
96 115
97 114
98 106
99 111
100 107
101 113
102 112
102 116
103 108
104 111
105 125
106 130
106 123
107 120
107 123
108 121
109 119
110 126
111 119
112 121
113 122
114 128
114 124
114 127
115 126
116 119
117 129
117 118
117 126
118 131
118 135
119 136
119 137
120 133
120 140
120 142
121 134
122 134
123 132
123 141
124 134
125 133
125 138
126 141
127 141
128 134
128 139
129 143
130 131
131 155
132 144
133 148
134 148
135 151
135 153
136 152
136 154
137 146
137 147
138 145
139 150
140 150
140 156
141 150
142 145
143 149
143 152
144 165
145 163
145 166
145 158
146 160
146 158
147 159
148 168
149 169
150 162
151 164
152 161
153 164
154 167
155 157
156 161
157 171
157 173
158 181
159 171
160 176
160 180
161 181
162 170
163 178
164 175
164 177
165 172
166 171
167 182
168 175
169 171
169 174
169 179
170 194
171 189
172 193
172 190
173 195
173 189
174 184
175 189
176 186
177 188
178 192
178 187
179 193
180 185
181 183
181 184
181 191
182 184
1 2 3 4 5 6 7 8 9 10 11 12 13 
14 15 16 17 18 19 20 21 22 23 24 25 26 
27 28 29 30 31 32 33 34 35 36 37 38 39 
40 41 42 43 44 45 46 47 48 49 50 51 52 
53 54 55 56 57 58 59 60 61 62 63 64 65 
66 67 68 69 70 71 72 73 74 75 76 77 78 
79 80 81 82 83 84 85 86 87 88 89 90 91 
92 93 94 95 96 97 98 99 100 101 102 103 104 
105 106 107 108 109 110 111 112 113 114 115 116 117 
118 119 120 121 122 123 124 125 126 127 128 129 130 
131 132 133 134 135 136 137 138 139 140 141 142 143 
144 145 146 147 148 149 150 151 152 153 154 155 156 
157 158 159 160 161 162 163 164 165 166 167 168 169 
170 171 172 173 174 175 176 177 178 179 180 181 182 
183 184 185 186 187 188 189 190 191 192 193 194 195 
44 55 76 
150 162 170 194 
7 18 33 41 63 
49 54 70 
106 130 131 
164 177 188 
169 179 193 
51 56 75 
114 127 141 
57 77 84 97 
95 105 125 
34 40 61 
10 19 37 
145 163 178 
88 101 113 
59 73 89 
16 38 48 
167 182 184 
144 165 172 
102 112 121 
65 71 79 
27 46 62 
96 115 126 
24 30 52 
148 168 175 
160 180 185 
13 22 36 
82 100 107 
117 129 143 
8 23 39 45 
147 159 171 
67 80 94 
140 156 161 
50 60 72 
81 99 111 
2 17 29 
