160 208 10 28
1 23
1 29
2 22
3 17
4 23
4 25
4 26
5 22
6 24
7 27
7 30
8 32
8 19
9 21
9 28
10 18
11 23
12 23
13 22
13 31
14 20
15 24
16 19
17 33
17 42
18 41
19 45
20 37
20 43
21 44
22 34
22 38
23 45
24 44
25 42
26 40
26 47
27 45
28 35
29 47
30 43
31 36
31 39
31 48
32 41
32 46
33 51
33 52
33 55
34 56
35 56
36 57
36 60
37 58
38 49
38 60
39 64
39 53
40 53
40 58
40 62
41 54
41 63
42 60
42 61
43 56
44 50
45 58
46 52
47 57
47 59
48 57
49 77
50 66
50 79
51 80
52 75
52 76
53 69
54 76
55 77
56 78
57 74
58 65
58 72
59 67
59 78
60 73
60 80
61 68
61 70
61 71
62 65
63 77
64 69
65 90
66 84
67 82
68 87
68 92
69 85
69 94
70 81
71 81
72 90
73 94
74 81
75 91
76 93
77 96
77 83
78 88
78 89
79 86
79 95
80 84
81 103
82 98
83 97
83 105
84 108
85 103
85 111
86 108
86 109
87 110
88 97
88 99
89 98
90 108
91 100
92 97
92 102
93 106
94 107
94 112
95 101
95 103
96 104
96 110
97 126
98 128
99 116
100 123
101 123
102 114
102 117
102 127
103 121
104 122
105 126
106 117
106 124
107 123
108 120
108 125
109 113
109 115
109 126
110 121
111 118
111 123
112 128
112 119
113 132
114 138
114 142
115 144
116 129
116 130
117 132
118 140
119 141
120 135
120 142
121 133
122 134
123 137
124 139
125 130
126 136
126 143
126 144
127 131
128 141
129 160
130 146
130 154
131 158
132 146
133 145
133 150
134 148
135 147
136 153
137 157
138 153
138 159
139 148
139 155
140 147
140 156
141 147
141 158
142 158
143 151
144 149
144 152
1 2 3 4 5 6 7 8 9 10 11 12 13 14 15 16 
17 18 19 20 21 22 23 24 25 26 27 28 29 30 31 32 
33 34 35 36 37 38 39 40 41 42 43 44 45 46 47 48 
49 50 51 52 53 54 55 56 57 58 59 60 61 62 63 64 
65 66 67 68 69 70 71 72 73 74 75 76 77 78 79 80 
81 82 83 84 85 86 87 88 89 90 91 92 93 94 95 96 
97 98 99 100 101 102 103 104 105 106 107 108 109 110 111 112 
113 114 115 116 117 118 119 120 121 122 123 124 125 126 127 128 
129 130 131 132 133 134 135 136 137 138 139 140 141 142 143 144 
145 146 147 148 149 150 151 152 153 154 155 156 157 158 159 160 
59 67 82 98 
108 125 130 
109 113 132 
28 35 56 
126 136 153 
57 74 81 
95 101 123 
38 49 77 
39 64 69 
41 54 76 
102 127 131 158 
88 99 116 
96 104 122 134 148 
60 73 94 
58 72 90 
112 119 141 
111 118 140 
9 21 44 
50 66 84 
32 46 52 
40 62 65 
7 30 43 
68 87 110 
4 25 42 
1 29 47 
106 124 139 
120 135 147 
33 51 80 
