228 305 19 42
1 13
2 15
3 13
4 18
4 19
5 13
6 24
7 14
7 20
8 20
9 17
9 22
10 21
10 23
11 16
12 16
13 36
14 33
15 28
16 35
17 34
17 31
18 30
19 26
19 29
20 32
21 28
22 25
22 27
23 30
24 33
25 48
26 47
27 40
28 39
28 47
29 46
30 37
31 44
32 43
33 45
34 38
34 44
34 46
35 41
36 42
36 44
37 58
38 58
38 59
39 53
40 57
41 51
42 53
43 54
44 50
44 51
44 54
44 56
45 60
46 53
47 52
47 55
48 49
49 66
50 62
51 68
52 67
53 67
54 72
54 63
55 70
56 69
56 61
57 64
58 71
59 64
59 65
60 70
61 76
62 76
63 78
64 75
65 82
65 83
66 76
67 73
67 78
68 79
68 80
69 74
69 77
70 84
71 81
72 79
73 91
74 86
75 92
76 87
77 85
77 95
78 86
79 91
79 94
80 89
81 96
81 88
81 89
82 90
83 86
83 93
84 90
85 97
85 102
86 98
86 103
86 104
87 99
87 107
87 108
88 107
89 101
90 98
91 106
92 97
93 97
94 100
94 105
95 107
96 101
97 112
98 111
99 111
100 119
101 110
101 117
102 114
102 115
103 120
104 118
105 111
106 109
107 112
107 113
107 116
108 110
109 127
110 124
111 121
111 123
111 125
112 132
113 128
113 131
114 123
115 130
116 121
117 129
117 126
118 131
119 129
120 122
121 140
122 133
123 136
123 139
124 142
125 139
126 138
127 135
128 134
128 144
129 137
130 141
131 141
131 143
132 133
133 145
134 154
135 145
135 156
136 152
137 149
138 145
139 153
140 151
140 152
141 150
141 153
141 155
142 148
143 146
143 147
144 145
145 159
146 157
147 158
148 164
148 166
149 161
149 162
149 165
149 158
150 160
150 165
150 168
150 158
151 165
152 167
153 167
154 163
154 167
155 168
156 165
157 169
158 172
159 175
160 176
160 178
161 172
161 174
162 172
163 177
164 173
164 175
165 170
165 176
166 180
167 179
168 171
169 184
169 188
170 187
171 185
172 185
173 192
173 182
173 189
174 183
174 186
174 189
174 190
175 189
176 184
177 186
178 184
179 181
180 186
180 191
181 200
182 194
183 195
184 200
185 193
185 200
186 194
186 199
187 197
188 197
188 198
188 204
189 196
189 201
189 202
189 204
190 195
190 203
191 197
192 200
193 210
194 206
194 213
195 210
195 214
196 207
196 208
197 215
197 216
198 205
199 208
200 210
200 211
201 209
201 210
201 212
202 210
203 216
204 213
205 217
206 220
206 222
207 224
208 228
209 225
209 218
209 221
210 224
211 227
212 227
213 225
214 224
214 223
215 219
216 226
216 221
1 2 3 4 5 6 7 8 9 10 11 12 
13 14 15 16 17 18 19 20 21 22 23 24 
25 26 27 28 29 30 31 32 33 34 35 36 
37 38 39 40 41 42 43 44 45 46 47 48 
49 50 51 52 53 54 55 56 57 58 59 60 
61 62 63 64 65 66 67 68 69 70 71 72 
73 74 75 76 77 78 79 80 81 82 83 84 
85 86 87 88 89 90 91 92 93 94 95 96 
97 98 99 100 101 102 103 104 105 106 107 108 
109 110 111 112 113 114 115 116 117 118 119 120 
121 122 123 124 125 126 127 128 129 130 131 132 
133 134 135 136 137 138 139 140 141 142 143 144 
145 146 147 148 149 150 151 152 153 154 155 156 
157 158 159 160 161 162 163 164 165 166 167 168 
169 170 171 172 173 174 175 176 177 178 179 180 
181 182 183 184 185 186 187 188 189 190 191 192 
193 194 195 196 197 198 199 200 201 202 203 204 
205 206 207 208 209 210 211 212 213 214 215 216 
217 218 219 220 221 222 223 224 225 226 227 228 
40 57 64 
124 142 148 
10 23 30 
69 74 86 
189 202 210 
33 45 60 70 
44 50 62 76 
111 125 139 
47 52 67 
163 177 186 
128 134 154 
109 127 135 
94 100 119 129 
198 205 217 
173 182 194 
145 159 175 
54 72 79 
160 178 184 
170 187 197 
107 116 121 
104 118 131 
102 114 123 
103 120 122 133 
190 203 216 
87 108 110 
36 42 53 
16 35 41 51 
179 181 200 
174 183 195 
65 82 90 
143 146 157 169 
68 80 89 
83 93 97 
81 96 101 
115 130 141 
140 151 165 
196 207 224 
2 15 28 
19 29 46 
149 162 172 
168 171 185 
201 212 227 
