220 289 10 32
1 24
2 30
3 34
4 44
5 44
6 23
6 24
7 25
7 41
8 43
9 42
10 36
11 35
12 24
12 31
12 33
13 39
14 37
15 27
16 39
17 38
18 28
19 29
19 32
20 26
21 40
22 30
23 55
24 62
25 50
25 51
26 52
27 59
28 56
29 55
30 49
31 64
32 55
33 61
34 54
34 59
34 64
35 47
35 48
35 52
36 46
36 51
36 57
36 60
37 52
38 45
38 58
38 63
39 64
40 56
41 50
41 57
42 53
42 65
43 55
44 50
44 61
44 66
45 86
46 86
47 72
48 77
49 86
50 73
50 75
50 88
51 68
51 84
52 67
53 67
53 79
54 69
54 80
54 84
55 74
56 71
56 84
57 86
58 70
59 79
59 82
60 79
60 83
61 80
62 72
62 84
63 78
63 86
64 70
64 85
64 87
64 88
65 73
65 81
66 76
66 86
67 97
68 97
69 100
69 106
69 110
70 108
71 104
72 104
73 103
73 105
73 109
74 95
74 108
75 102
75 108
76 99
76 110
77 98
77 107
78 89
79 103
80 110
81 93
81 94
82 92
83 101
84 96
84 103
85 106
86 90
86 91
87 108
88 103
89 128
89 129
89 124
90 126
91 114
92 119
93 132
93 116
94 126
95 125
96 130
97 131
97 112
98 115
98 118
98 120
99 113
99 122
100 117
101 127
102 130
102 111
102 118
103 122
104 129
104 121
105 131
106 125
107 119
108 123
109 116
110 115
111 147
112 138
113 146
114 139
115 154
116 141
117 147
118 136
118 145
119 140
119 148
119 149
120 137
120 152
120 153
121 154
122 133
123 144
123 150
124 154
125 134
126 135
127 145
128 151
129 145
130 138
131 142
132 143
132 149
133 159
133 166
133 167
134 168
135 166
136 162
136 171
137 159
138 161
138 174
139 157
140 168
141 157
141 164
142 165
143 155
143 168
144 164
145 172
146 172
147 159
148 156
148 176
149 166
150 160
150 170
151 169
152 175
153 173
154 158
154 163
155 187
156 179
157 179
157 185
158 178
158 180
158 182
159 181
160 196
161 194
161 196
162 193
163 177
163 187
164 188
164 189
165 183
166 192
167 184
168 190
169 192
170 197
170 198
171 184
172 195
172 197
173 178
174 187
175 191
176 186
177 216
178 202
178 206
179 206
180 213
181 209
181 218
181 220
182 205
182 215
183 199
183 211
184 200
185 208
185 210
186 211
186 219
187 217
188 204
188 216
189 217
190 203
190 216
191 213
192 212
193 207
194 212
195 211
195 214
196 211
197 201
197 206
198 216
1 2 3 4 5 6 7 8 9 10 11 12 13 14 15 16 17 18 19 20 21 22 
23 24 25 26 27 28 29 30 31 32 33 34 35 36 37 38 39 40 41 42 43 44 
45 46 47 48 49 50 51 52 53 54 55 56 57 58 59 60 61 62 63 64 65 66 
67 68 69 70 71 72 73 74 75 76 77 78 79 80 81 82 83 84 85 86 87 88 
89 90 91 92 93 94 95 96 97 98 99 100 101 102 103 104 105 106 107 108 109 110 
111 112 113 114 115 116 117 118 119 120 121 122 123 124 125 126 127 128 129 130 131 132 
133 134 135 136 137 138 139 140 141 142 143 144 145 146 147 148 149 150 151 152 153 154 
155 156 157 158 159 160 161 162 163 164 165 166 167 168 169 170 171 172 173 174 175 176 
177 178 179 180 181 182 183 184 185 186 187 188 189 190 191 192 193 194 195 196 197 198 
199 200 201 202 203 204 205 206 207 208 209 210 211 212 213 214 215 216 217 218 219 220 
73 105 131 
162 193 207 
21 40 56 
86 91 114 139 157 
104 121 154 
158 180 213 
102 111 147 
148 176 186 
60 83 101 127 145 
133 167 184 
82 92 119 
163 177 216 
12 33 61 
84 96 130 
19 32 55 
20 26 52 
161 194 212 
97 112 138 
81 94 126 
123 144 164 
125 134 168 
35 47 72 
151 169 192 
120 153 173 178 
150 160 196 
142 165 183 
63 78 89 
64 85 106 
38 58 70 
99 113 146 172 
15 27 59 
143 155 187 
