150 186 15 23
1 15
2 11
3 16
4 14
4 19
5 12
5 18
6 15
7 16
8 13
8 17
9 20
10 20
11 24
12 22
13 27
14 21
14 30
15 29
16 23
17 26
18 21
19 28
20 21
20 25
21 40
21 31
22 36
23 35
23 39
24 32
24 38
25 37
25 31
26 33
26 34
27 32
28 36
29 34
30 39
31 44
31 50
32 47
33 48
34 49
35 41
36 42
36 46
37 47
38 43
39 46
40 45
41 54
42 55
43 51
43 58
44 59
45 59
46 58
47 53
47 55
48 54
49 55
49 56
50 52
50 57
50 60
51 64
51 62
51 63
52 61
53 68
54 64
55 66
55 67
56 70
57 63
58 65
59 61
60 69
61 72
62 76
62 79
63 77
64 74
64 75
65 77
66 78
67 80
68 71
69 73
69 79
70 77
71 86
71 87
72 87
73 81
74 83
74 85
75 84
76 89
77 88
78 82
79 88
80 90
81 100
82 94
83 93
84 94
85 96
86 97
86 98
86 99
87 99
87 95
88 100
89 91
90 96
90 92
91 101
92 110
93 105
93 106
94 105
95 103
96 108
96 109
97 104
98 107
99 107
100 102
101 114
102 116
102 117
103 114
104 118
105 111
105 114
105 115
106 112
107 120
108 113
109 115
110 119
111 130
111 125
112 124
113 128
114 122
114 126
114 127
115 128
116 123
117 121
118 123
119 123
120 129
121 140
122 137
123 140
124 137
125 131
126 132
126 133
126 138
127 136
128 135
128 139
129 134
130 131
131 144
131 146
131 149
132 150
133 142
133 145
134 141
134 143
135 143
136 147
136 150
137 145
137 148
138 143
139 145
140 144
1 2 3 4 5 6 7 8 9 10 
11 12 13 14 15 16 17 18 19 20 
21 22 23 24 25 26 27 28 29 30 
31 32 33 34 35 36 37 38 39 40 
41 42 43 44 45 46 47 48 49 50 
51 52 53 54 55 56 57 58 59 60 
61 62 63 64 65 66 67 68 69 70 
71 72 73 74 75 76 77 78 79 80 
81 82 83 84 85 86 87 88 89 90 
91 92 93 94 95 96 97 98 99 100 
101 102 103 104 105 106 107 108 109 110 
111 112 113 114 115 116 117 118 119 120 
121 122 123 124 125 126 127 128 129 130 
131 132 133 134 135 136 137 138 139 140 
141 142 143 144 145 146 147 148 149 150 
26 33 48 54 
114 127 136 
96 108 113 128 
55 67 80 90 
93 106 112 124 137 
111 130 131 
102 117 121 140 
40 45 59 
5 12 22 36 
104 118 123 
24 38 43 
47 53 68 71 
69 73 81 100 
15 29 34 
58 65 77 
75 84 94 
126 132 150 
86 98 107 
61 72 87 
13 27 32 
14 30 39 
50 57 63 
120 129 134 
