220 291 20 41
1 13
2 16
3 15
3 20
4 13
5 13
6 14
6 22
7 21
8 12
8 13
8 17
9 19
10 21
11 18
12 30
13 29
14 25
15 27
16 31
17 31
18 32
18 26
19 33
19 24
20 33
21 23
21 28
22 31
23 44
24 36
25 43
26 39
27 37
27 40
27 41
28 41
29 42
30 34
31 44
32 35
32 38
33 39
34 54
35 47
35 55
36 48
36 55
37 46
38 49
38 52
39 45
40 50
41 55
42 51
43 54
44 53
44 55
45 63
46 59
47 58
48 56
49 64
49 61
50 60
51 65
51 66
51 60
52 59
53 63
54 57
54 62
55 57
56 68
57 74
58 71
59 67
59 69
59 76
60 74
61 72
61 73
62 70
63 69
64 77
65 76
66 75
67 83
68 85
68 88
69 86
70 79
71 81
72 78
72 83
73 81
73 84
74 80
75 87
76 82
77 86
78 99
79 98
80 92
81 96
81 92
82 89
82 91
83 92
84 95
85 97
85 92
86 90
87 89
87 90
87 93
88 94
89 104
89 107
89 109
90 110
91 102
92 103
92 106
93 105
94 109
95 100
95 101
96 108
97 108
98 102
99 110
100 111
100 112
101 113
102 113
103 117
104 118
105 121
106 117
106 119
107 115
108 111
109 116
109 120
110 114
111 122
112 128
112 132
113 130
114 124
115 132
116 124
117 123
118 132
119 122
119 126
120 131
120 127
121 129
121 125
122 141
123 133
124 134
124 136
125 143
126 141
127 139
127 143
128 140
129 135
129 136
129 137
129 138
130 142
131 133
132 133
133 148
133 149
134 151
135 147
135 149
135 154
136 149
137 153
138 146
138 150
138 152
139 145
140 149
141 151
142 144
143 144
144 159
145 156
146 165
146 155
147 164
148 164
149 161
149 162
149 155
150 155
151 163
151 155
151 158
152 164
153 160
153 161
153 157
154 157
155 168
156 166
156 175
157 175
158 170
159 167
159 174
160 168
160 172
161 175
162 167
162 171
163 168
164 173
164 176
165 169
165 170
166 178
167 179
168 184
168 187
169 177
170 186
170 187
171 180
172 183
172 185
173 178
174 178
174 182
175 181
176 178
177 192
177 197
177 191
178 189
179 188
180 192
180 196
181 194
182 191
183 190
184 190
185 195
186 188
187 193
187 198
188 206
188 209
189 208
190 199
190 201
190 204
191 202
192 203
192 209
193 208
194 199
194 200
194 204
195 205
196 199
197 207
198 207
199 213
200 212
200 214
201 210
201 211
201 216
202 218
203 218
204 215
205 216
206 211
206 217
207 219
208 214
208 220
209 213
1 2 3 4 5 6 7 8 9 10 11 
12 13 14 15 16 17 18 19 20 21 22 
23 24 25 26 27 28 29 30 31 32 33 
34 35 36 37 38 39 40 41 42 43 44 
45 46 47 48 49 50 51 52 53 54 55 
56 57 58 59 60 61 62 63 64 65 66 
67 68 69 70 71 72 73 74 75 76 77 
78 79 80 81 82 83 84 85 86 87 88 
89 90 91 92 93 94 95 96 97 98 99 
100 101 102 103 104 105 106 107 108 109 110 
111 112 113 114 115 116 117 118 119 120 121 
122 123 124 125 126 127 128 129 130 131 132 
133 134 135 136 137 138 139 140 141 142 143 
144 145 146 147 148 149 150 151 152 153 154 
155 156 157 158 159 160 161 162 163 164 165 
166 167 168 169 170 171 172 173 174 175 176 
177 178 179 180 181 182 183 184 185 186 187 
188 189 190 191 192 193 194 195 196 197 198 
199 200 201 202 203 204 205 206 207 208 209 
210 211 212 213 214 215 216 217 218 219 220 
138 150 155 
168 184 190 
51 65 76 
25 43 54 
164 176 178 
124 134 151 
120 131 133 
92 103 117 
172 185 195 205 216 
89 107 115 132 
44 53 63 
174 182 191 
130 142 144 
72 78 99 110 
6 22 31 
93 105 121 
187 198 207 
70 79 98 102 
66 75 87 
3 15 27 
88 94 109 
119 126 141 
48 56 68 
129 137 153 
175 181 194 
58 71 81 
127 139 145 156 
59 67 83 
170 186 188 
135 154 157 
21 28 41 
95 101 113 
165 169 177 
40 50 60 
18 26 39 
112 128 140 149 
49 64 77 86 
85 97 108 
162 171 180 
19 24 36 
192 203 218 
