208 281 13 38
1 19
2 24
2 25
3 30
4 26
5 23
5 27
6 31
7 23
8 29
8 30
9 28
10 18
11 23
11 31
12 24
12 31
13 17
14 32
14 30
15 18
15 21
15 22
16 20
16 23
17 33
17 45
17 47
18 47
19 43
20 40
20 41
21 48
22 36
22 37
22 38
23 35
23 46
24 34
24 44
25 39
26 39
27 46
28 38
29 38
30 42
31 48
32 42
33 50
34 52
35 61
36 60
37 54
38 51
38 53
38 58
39 58
40 64
41 54
42 62
43 55
43 58
44 53
45 56
45 57
46 60
47 49
48 59
48 63
49 71
50 67
50 75
50 76
51 68
52 76
53 70
54 65
54 72
55 66
56 73
56 77
57 73
58 78
59 67
59 73
59 79
60 68
61 69
61 74
62 73
63 80
64 70
65 85
66 89
67 83
68 94
69 84
69 94
70 81
70 86
71 93
72 92
73 82
74 87
74 90
75 96
76 91
76 95
77 90
78 88
78 94
79 94
80 96
81 100
82 97
83 101
84 111
85 99
86 105
87 98
87 110
88 106
89 108
90 101
90 105
90 109
91 100
92 102
92 103
92 112
93 105
94 98
95 98
96 103
96 104
96 107
97 120
98 122
99 127
100 126
101 121
101 124
101 125
102 127
103 114
104 117
105 115
105 116
105 119
105 123
106 119
107 126
108 119
109 128
110 125
111 114
112 113
112 118
112 127
113 131
113 139
113 140
114 133
114 141
115 140
116 143
117 135
118 143
119 131
119 134
120 129
120 133
120 136
120 138
121 142
122 133
123 142
123 144
124 137
125 129
125 133
126 132
126 138
126 140
127 130
127 133
127 135
128 138
128 143
129 147
129 157
130 149
130 159
131 145
132 151
132 153
132 156
133 152
134 160
134 158
135 156
136 148
137 145
138 155
139 152
140 146
141 155
142 152
143 150
144 154
145 163
145 169
146 169
147 162
147 164
148 164
148 167
149 172
149 175
150 165
151 169
152 166
152 171
153 161
153 169
154 173
155 172
156 168
157 168
158 168
158 176
159 174
160 165
160 170
161 192
162 179
163 182
163 191
164 187
164 190
165 184
165 186
166 189
167 177
167 181
168 182
169 182
170 182
171 185
171 188
172 192
173 178
174 180
174 183
175 179
176 177
177 195
177 200
177 202
178 207
179 200
180 197
181 203
182 193
182 199
182 207
183 197
183 198
183 207
184 199
184 201
185 196
186 194
186 205
187 197
188 206
189 196
189 208
190 203
191 204
192 199
1 2 3 4 5 6 7 8 9 10 11 12 13 14 15 16 
17 18 19 20 21 22 23 24 25 26 27 28 29 30 31 32 
33 34 35 36 37 38 39 40 41 42 43 44 45 46 47 48 
49 50 51 52 53 54 55 56 57 58 59 60 61 62 63 64 
65 66 67 68 69 70 71 72 73 74 75 76 77 78 79 80 
81 82 83 84 85 86 87 88 89 90 91 92 93 94 95 96 
97 98 99 100 101 102 103 104 105 106 107 108 109 110 111 112 
113 114 115 116 117 118 119 120 121 122 123 124 125 126 127 128 
129 130 131 132 133 134 135 136 137 138 139 140 141 142 143 144 
145 146 147 148 149 150 151 152 153 154 155 156 157 158 159 160 
161 162 163 164 165 166 167 168 169 170 171 172 173 174 175 176 
177 178 179 180 181 182 183 184 185 186 187 188 189 190 191 192 
193 194 195 196 197 198 199 200 201 202 203 204 205 206 207 208 
73 82 97 120 
132 151 169 
15 21 48 
1 19 43 
22 36 60 
88 106 119 
105 115 140 
34 52 76 
90 109 128 
144 154 173 178 207 
87 110 125 
129 157 168 
113 139 152 
54 72 92 
4 26 39 
167 181 203 
114 141 155 
171 185 196 
149 175 179 
67 83 101 
153 161 192 
5 27 46 
23 35 61 
104 117 135 
124 137 145 
14 32 42 
160 170 182 
143 150 165 
70 81 100 
24 44 53 
174 180 197 
50 75 96 
38 51 68 
85 99 127 
98 122 133 
158 176 177 
163 191 204 
59 79 94 
