132 168 12 24
1 13
1 15
2 12
2 16
3 16
4 15
5 16
5 21
6 17
7 20
7 22
8 19
8 20
9 18
10 14
10 17
11 20
12 23
13 32
13 25
14 23
15 27
15 28
16 30
16 31
17 33
17 25
18 24
18 26
18 29
19 31
20 23
21 31
22 27
23 43
24 40
25 40
26 39
27 37
27 42
28 36
28 38
29 41
29 44
30 34
30 35
31 35
32 43
33 42
34 48
35 47
36 47
37 51
37 52
38 46
39 53
40 46
41 55
42 45
42 48
42 50
43 48
43 54
44 49
45 65
45 63
46 61
47 56
48 62
49 64
49 58
50 66
51 59
52 62
53 60
54 59
55 57
55 59
56 67
57 71
57 77
58 74
58 77
59 70
59 75
60 67
61 68
62 72
63 67
63 76
64 73
65 69
66 75
67 82
67 83
68 79
69 82
70 85
71 78
71 85
71 88
72 79
73 81
74 84
75 80
76 86
76 87
77 80
78 93
79 97
79 90
80 92
81 89
82 94
83 98
83 92
84 91
84 95
85 96
86 92
87 90
88 99
89 108
90 108
91 101
91 104
92 110
93 102
93 107
94 101
94 105
95 100
96 109
97 102
97 106
98 103
99 109
100 111
100 115
100 117
101 112
101 116
102 113
103 121
104 114
104 120
104 121
105 113
106 115
107 118
108 119
109 113
110 114
111 128
111 130
112 123
113 122
114 129
115 123
116 131
116 127
117 132
117 127
118 123
119 124
119 127
120 125
121 126
1 2 3 4 5 6 7 8 9 10 11 
12 13 14 15 16 17 18 19 20 21 22 
23 24 25 26 27 28 29 30 31 32 33 
34 35 36 37 38 39 40 41 42 43 44 
45 46 47 48 49 50 51 52 53 54 55 
56 57 58 59 60 61 62 63 64 65 66 
67 68 69 70 71 72 73 74 75 76 77 
78 79 80 81 82 83 84 85 86 87 88 
89 90 91 92 93 94 95 96 97 98 99 
100 101 102 103 104 105 106 107 108 109 110 
111 112 113 114 115 116 117 118 119 120 121 
122 123 124 125 126 127 128 129 130 131 132 
81 89 108 
28 38 46 
58 74 84 
65 69 82 
104 120 125 
42 50 66 75 
76 87 90 
53 60 67 
43 54 59 
10 14 23 
18 24 40 
71 78 93 
101 112 123 
85 96 109 
8 19 31 
29 41 55 
92 110 114 
61 68 79 
97 106 115 
98 103 121 
94 105 113 
30 34 48 
37 52 62 
7 22 27 
