209 284 11 31
1 38
2 27
3 21
3 37
4 21
5 29
5 31
6 26
7 26
7 30
7 33
8 33
9 20
10 35
10 36
11 23
11 32
12 25
12 35
13 22
13 27
14 28
15 33
16 24
17 34
18 25
19 27
19 29
20 39
20 41
20 44
20 51
21 40
22 43
23 45
23 57
24 50
24 53
25 47
26 43
27 43
28 43
29 55
30 57
31 49
32 43
33 42
33 46
33 49
34 42
34 56
35 51
36 49
37 52
37 54
38 48
38 49
39 59
39 71
40 69
40 72
41 59
42 70
43 61
43 65
43 75
44 70
44 71
45 73
46 59
47 60
47 62
48 66
49 64
49 67
49 74
50 59
51 70
52 59
52 71
53 58
53 68
54 67
55 76
56 72
57 58
57 63
58 83
59 78
60 95
61 87
61 93
62 82
62 84
62 90
63 89
64 77
64 83
65 85
65 88
66 81
67 91
67 93
68 92
69 83
69 94
70 80
71 92
72 86
73 80
74 78
75 79
76 80
77 96
78 111
79 98
79 100
80 102
80 111
81 98
82 99
82 112
83 114
84 97
85 97
86 105
86 109
87 105
88 96
88 101
88 110
89 99
89 113
90 103
91 96
92 114
93 106
93 107
94 97
95 103
95 104
95 108
96 118
97 131
97 123
98 118
99 124
100 129
100 132
100 125
101 115
102 126
103 128
104 115
104 122
105 130
106 126
107 117
108 118
108 127
109 123
110 133
110 121
111 128
111 120
112 127
113 116
114 133
114 119
114 124
115 143
116 140
116 152
117 143
117 145
118 139
118 146
119 136
119 151
120 134
120 141
121 151
122 136
123 135
123 138
124 145
125 146
126 147
126 151
127 144
127 145
128 142
128 148
129 137
129 149
130 143
131 147
131 150
132 150
133 136
134 155
134 159
135 154
135 158
135 160
136 171
137 167
138 168
139 164
139 170
140 159
141 168
142 162
142 163
143 158
144 156
144 161
144 165
144 169
145 161
146 153
146 154
147 168
148 165
149 165
150 171
151 156
152 157
152 166
153 188
154 184
155 178
155 190
156 174
156 175
157 172
157 182
157 186
158 173
159 188
160 176
161 178
162 178
163 181
164 188
165 179
165 180
166 173
166 177
167 187
168 185
169 183
169 188
170 174
171 189
172 202
172 209
173 195
173 200
174 207
175 192
176 192
177 192
177 205
178 194
178 208
179 196
179 203
180 203
180 208
181 200
182 191
183 207
184 193
184 198
185 209
186 199
186 204
187 206
188 197
188 205
189 204
190 201
190 208
1 2 3 4 5 6 7 8 9 10 11 12 13 14 15 16 17 18 19 
20 21 22 23 24 25 26 27 28 29 30 31 32 33 34 35 36 37 38 
39 40 41 42 43 44 45 46 47 48 49 50 51 52 53 54 55 56 57 
58 59 60 61 62 63 64 65 66 67 68 69 70 71 72 73 74 75 76 
77 78 79 80 81 82 83 84 85 86 87 88 89 90 91 92 93 94 95 
96 97 98 99 100 101 102 103 104 105 106 107 108 109 110 111 112 113 114 
115 116 117 118 119 120 121 122 123 124 125 126 127 128 129 130 131 132 133 
134 135 136 137 138 139 140 141 142 143 144 145 146 147 148 149 150 151 152 
153 154 155 156 157 158 159 160 161 162 163 164 165 166 167 168 169 170 171 
172 173 174 175 176 177 178 179 180 181 182 183 184 185 186 187 188 189 190 
191 192 193 194 195 196 197 198 199 200 201 202 203 204 205 206 207 208 209 
93 106 126 
139 170 174 
123 138 168 
82 112 127 
34 56 72 
5 31 49 
11 32 43 
135 160 176 192 
53 68 92 
38 48 66 81 98 
110 121 151 
57 63 89 
65 85 97 
163 181 200 
129 137 167 187 206 
88 101 115 
157 182 191 
67 91 96 
100 132 150 
55 76 80 
20 41 59 
171 189 204 
62 90 103 
169 183 207 
146 153 188 
104 122 136 
105 130 143 
142 162 178 
116 140 159 
47 60 95 
128 148 165 
