190 259 19 37
1 14
2 16
3 13
4 17
4 18
5 15
5 20
6 11
7 18
8 14
9 12
9 18
10 19
11 26
12 21
13 21
14 21
14 25
15 27
16 24
16 30
17 29
18 22
18 29
19 28
20 23
20 26
21 39
21 31
22 37
22 40
23 35
24 35
25 35
26 35
27 38
28 32
28 34
29 33
29 36
30 38
31 48
32 43
33 42
33 44
33 47
34 45
35 48
36 41
37 41
38 49
39 48
39 50
40 46
40 47
41 54
41 59
42 52
42 56
43 54
44 51
45 56
46 53
46 57
47 57
48 54
49 51
49 56
49 58
50 51
50 55
50 60
51 65
52 64
53 67
54 66
54 61
55 66
56 70
57 69
57 63
58 67
59 67
60 68
60 62
61 71
61 77
61 79
62 74
63 75
64 76
64 77
65 77
66 75
66 77
66 80
67 77
68 74
69 78
70 72
70 73
71 85
72 82
72 88
73 90
74 90
75 86
75 90
76 89
77 83
78 81
79 82
79 84
80 85
80 87
80 89
81 93
82 99
82 91
83 100
84 100
84 92
85 100
85 94
86 98
87 100
88 96
88 97
89 98
89 95
90 93
91 102
91 110
92 105
93 106
94 108
94 110
95 103
96 107
97 109
98 109
99 101
100 101
100 104
101 118
102 115
102 118
103 111
103 116
103 117
104 116
104 120
105 119
106 114
107 116
108 111
109 113
109 118
110 112
111 121
111 124
112 130
113 125
114 129
115 130
115 125
115 126
116 124
117 124
118 128
119 130
119 122
119 125
120 123
120 127
121 131
121 132
121 140
122 138
123 137
124 136
125 138
126 134
127 134
128 139
128 140
129 133
130 135
131 141
131 145
131 148
132 147
133 143
134 142
134 144
134 147
135 141
136 141
137 149
137 150
138 147
139 146
139 147
140 148
141 151
142 157
143 155
144 151
144 158
145 151
146 154
147 152
147 153
147 159
148 152
149 160
149 157
150 156
151 163
151 167
152 166
153 161
153 165
154 169
154 170
155 168
156 167
157 167
158 162
158 167
159 164
160 161
161 174
162 180
163 174
164 174
165 171
165 172
166 173
167 178
168 179
169 175
169 179
170 176
170 177
171 185
172 189
173 189
174 184
175 189
176 188
176 189
177 185
177 186
177 187
178 182
179 183
179 190
180 181
1 2 3 4 5 6 7 8 9 10 
11 12 13 14 15 16 17 18 19 20 
21 22 23 24 25 26 27 28 29 30 
31 32 33 34 35 36 37 38 39 40 
41 42 43 44 45 46 47 48 49 50 
51 52 53 54 55 56 57 58 59 60 
61 62 63 64 65 66 67 68 69 70 
71 72 73 74 75 76 77 78 79 80 
81 82 83 84 85 86 87 88 89 90 
91 92 93 94 95 96 97 98 99 100 
101 102 103 104 105 106 107 108 109 110 
111 112 113 114 115 116 117 118 119 120 
121 122 123 124 125 126 127 128 129 130 
131 132 133 134 135 136 137 138 139 140 
141 142 143 144 145 146 147 148 149 150 
151 152 153 154 155 156 157 158 159 160 
161 162 163 164 165 166 167 168 169 170 
171 172 173 174 175 176 177 178 179 180 
181 182 183 184 185 186 187 188 189 190 
5 15 27 38 
129 133 143 155 168 179 
77 83 100 
139 146 154 
152 166 173 189 
3 13 21 
115 126 134 
92 105 119 
110 112 130 
88 97 109 
149 160 161 
28 32 43 54 
121 132 147 
167 178 182 
49 58 67 
20 23 35 
96 107 116 
33 44 51 
158 162 180 181 
124 136 141 
89 95 103 
151 163 174 
50 55 66 
82 99 101 
4 17 29 
94 108 111 
57 63 75 
6 11 26 
120 123 137 
61 71 85 
69 78 81 93 
70 73 90 
60 62 74 
22 37 41 
42 52 64 
34 45 56 
165 171 185 
