228 295 19 40
1 17
1 19
1 24
2 23
3 22
4 13
4 20
5 16
6 14
7 21
8 23
9 22
10 15
10 20
11 18
12 23
13 29
14 27
14 30
15 33
16 28
16 31
17 25
18 26
18 29
19 34
19 25
20 35
21 25
22 35
22 36
23 29
24 32
25 42
26 44
27 47
28 41
28 45
28 46
29 39
30 39
31 37
31 48
32 48
33 43
34 46
35 38
35 42
36 40
37 57
37 58
38 55
39 55
40 52
41 50
41 53
41 54
41 57
42 50
43 60
44 56
45 52
46 50
47 51
47 59
48 49
49 65
50 72
50 62
51 68
52 71
52 61
53 69
54 66
54 70
55 65
56 62
57 67
58 63
59 67
60 64
60 71
61 77
62 74
63 83
64 78
64 82
65 82
66 76
66 79
67 75
67 77
68 76
69 73
69 84
70 73
71 83
72 80
72 81
73 91
73 92
74 96
75 90
76 93
77 88
78 85
78 87
78 91
79 94
80 95
81 96
82 96
83 86
83 95
84 89
85 103
85 104
86 105
87 100
87 108
88 102
89 97
90 99
91 99
92 98
92 105
92 108
93 102
94 101
94 102
95 107
96 102
96 106
97 114
97 117
98 115
99 113
99 118
100 111
100 118
101 117
101 120
102 116
103 118
104 109
105 110
105 117
105 119
106 109
107 112
108 116
109 129
110 123
111 131
111 132
112 125
113 124
114 130
114 121
115 124
116 122
117 126
118 128
119 127
120 127
121 135
122 134
123 141
123 144
124 143
125 136
126 139
127 142
128 137
128 140
129 133
130 138
131 133
132 142
133 148
134 155
135 154
136 148
137 152
138 154
139 155
140 146
140 152
141 151
142 150
143 145
143 149
144 147
144 148
144 153
144 156
145 167
146 167
147 162
148 158
149 161
149 162
149 163
149 164
150 166
151 159
152 160
153 166
154 160
155 166
155 168
156 165
156 157
157 179
158 178
159 177
160 174
161 175
162 173
162 175
163 178
164 170
164 172
164 177
165 179
166 171
167 176
168 169
168 180
169 182
169 185
170 182
171 181
171 183
172 191
173 189
174 190
175 189
176 187
177 192
177 184
177 186
178 187
179 188
180 189
181 199
181 203
182 195
183 202
183 204
184 203
185 193
185 194
186 197
187 198
187 201
188 196
189 198
190 200
190 202
191 193
192 197
193 211
194 206
195 210
196 205
196 209
196 210
197 210
198 213
199 212
200 207
200 215
201 214
202 214
203 208
204 210
204 216
205 223
206 218
207 224
208 218
209 224
209 228
210 226
210 221
211 224
212 223
213 225
213 227
213 220
214 217
215 219
216 218
216 222
1 2 3 4 5 6 7 8 9 10 11 12 
13 14 15 16 17 18 19 20 21 22 23 24 
25 26 27 28 29 30 31 32 33 34 35 36 
37 38 39 40 41 42 43 44 45 46 47 48 
49 50 51 52 53 54 55 56 57 58 59 60 
61 62 63 64 65 66 67 68 69 70 71 72 
73 74 75 76 77 78 79 80 81 82 83 84 
85 86 87 88 89 90 91 92 93 94 95 96 
97 98 99 100 101 102 103 104 105 106 107 108 
109 110 111 112 113 114 115 116 117 118 119 120 
121 122 123 124 125 126 127 128 129 130 131 132 
133 134 135 136 137 138 139 140 141 142 143 144 
145 146 147 148 149 150 151 152 153 154 155 156 
157 158 159 160 161 162 163 164 165 166 167 168 
169 170 171 172 173 174 175 176 177 178 179 180 
181 182 183 184 185 186 187 188 189 190 191 192 
193 194 195 196 197 198 199 200 201 202 203 204 
205 206 207 208 209 210 211 212 213 214 215 216 
217 218 219 220 221 222 223 224 225 226 227 228 
41 53 69 
4 13 29 
35 38 55 
26 44 56 62 
168 180 189 
177 186 197 
54 70 73 
22 36 40 52 
83 86 105 
67 75 90 99 
109 129 133 
160 174 190 
51 68 76 
1 24 32 48 
149 161 175 
187 201 214 
33 43 60 
148 158 178 
156 165 179 
164 170 182 
193 211 224 
200 215 219 
111 132 142 
7 21 25 
128 137 152 
98 115 124 
14 30 39 
203 208 218 
143 145 167 
130 138 154 
84 89 97 
116 122 134 155 
144 147 162 
66 79 94 
199 212 223 
101 120 127 
72 80 95 
85 103 118 
19 34 46 
77 88 102 
