238 317 17 44
1 24
2 18
2 20
3 15
4 23
5 17
5 21
6 16
6 19
7 23
8 23
9 25
10 22
11 17
12 16
13 16
13 27
14 26
14 28
15 29
16 36
17 40
17 42
18 39
19 29
20 32
20 41
21 35
21 37
21 31
22 36
23 36
24 32
25 30
26 33
26 35
26 38
27 33
28 34
28 35
29 56
30 43
30 44
31 43
32 48
33 49
33 50
33 54
34 45
35 52
35 54
36 54
37 46
37 56
38 48
38 49
38 53
39 47
39 51
40 54
41 48
41 55
42 43
43 70
43 61
44 67
45 67
45 59
45 63
46 67
47 68
47 57
48 61
49 64
49 67
49 60
49 61
50 69
51 65
51 67
52 66
52 58
52 62
53 69
54 61
55 68
56 60
57 80
57 83
58 71
58 72
58 77
59 77
60 76
61 76
62 73
63 78
64 81
65 78
66 77
66 79
67 78
68 82
69 75
69 83
70 74
70 84
71 87
72 97
72 94
73 96
73 92
74 85
75 93
76 86
76 87
77 89
78 98
79 87
80 94
81 91
82 90
83 98
83 88
84 95
85 110
86 107
86 108
87 100
87 110
88 99
89 112
90 104
90 109
91 112
92 106
93 110
94 111
95 110
96 99
96 102
97 103
98 101
98 105
99 116
99 126
100 122
101 123
101 124
102 120
102 121
103 122
104 117
104 118
105 113
105 114
106 125
107 121
108 115
109 126
110 117
110 119
111 122
112 122
113 136
114 127
115 131
116 139
117 133
118 130
119 130
120 133
121 139
122 128
122 129
123 132
124 134
124 136
125 135
125 140
126 137
126 138
127 149
128 149
129 149
130 147
131 150
131 154
132 146
132 148
133 143
133 152
134 146
135 141
135 145
135 149
136 153
137 149
138 144
139 142
139 144
140 151
141 163
141 155
142 166
142 159
143 156
144 165
145 164
146 160
146 159
147 167
148 158
149 167
150 157
151 161
151 162
152 165
153 168
154 155
155 170
155 181
156 176
156 182
157 171
157 172
158 176
159 174
160 174
161 171
161 177
162 169
162 180
163 173
163 178
164 174
165 174
166 175
167 181
168 179
169 183
170 192
170 187
171 194
171 195
171 190
172 193
173 192
174 183
175 192
175 185
176 188
177 196
177 191
178 195
179 186
180 183
181 184
181 189
182 196
183 199
184 203
185 198
186 200
186 208
187 207
188 204
189 197
189 205
189 206
190 207
191 203
192 197
192 201
193 202
194 209
195 198
195 206
195 210
196 202
197 222
197 223
198 219
199 217
199 219
200 215
201 221
202 224
202 215
203 218
204 220
205 211
205 212
206 216
206 223
207 211
208 219
209 213
210 214
211 236
212 234
213 232
214 225
214 229
214 230
215 234
216 231
217 233
218 238
219 232
220 227
221 226
221 228
222 237
223 227
224 235
224 238
1 2 3 4 5 6 7 8 9 10 11 12 13 14 
15 16 17 18 19 20 21 22 23 24 25 26 27 28 
29 30 31 32 33 34 35 36 37 38 39 40 41 42 
43 44 45 46 47 48 49 50 51 52 53 54 55 56 
57 58 59 60 61 62 63 64 65 66 67 68 69 70 
71 72 73 74 75 76 77 78 79 80 81 82 83 84 
85 86 87 88 89 90 91 92 93 94 95 96 97 98 
99 100 101 102 103 104 105 106 107 108 109 110 111 112 
113 114 115 116 117 118 119 120 121 122 123 124 125 126 
127 128 129 130 131 132 133 134 135 136 137 138 139 140 
141 142 143 144 145 146 147 148 149 150 151 152 153 154 
155 156 157 158 159 160 161 162 163 164 165 166 167 168 
169 170 171 172 173 174 175 176 177 178 179 180 181 182 
183 184 185 186 187 188 189 190 191 192 193 194 195 196 
197 198 199 200 201 202 203 204 205 206 207 208 209 210 
211 212 213 214 215 216 217 218 219 220 221 222 223 224 
225 226 227 228 229 230 231 232 233 234 235 236 237 238 
73 92 106 125 
9 25 30 
6 19 29 
108 115 131 
172 193 202 
72 97 103 122 
102 120 133 
195 210 214 
84 95 110 
194 209 213 232 
135 145 164 174 
171 190 207 
162 180 183 
104 118 130 
41 55 68 
58 71 87 
57 80 94 
105 113 136 
21 31 43 
126 137 149 
51 65 78 
77 89 112 
1 24 32 
37 46 67 
203 218 238 
188 204 220 227 
17 40 54 
199 217 233 
38 53 69 
99 116 139 
10 22 36 
132 148 158 176 
153 168 179 186 
142 166 175 
86 107 121 
13 27 33 
163 173 192 
2 18 39 
124 134 146 
206 216 231 
28 34 45 
197 222 237 
205 212 234 
156 182 196 
