156 193 13 28
1 16
2 20
3 18
4 13
5 17
5 24
6 18
7 18
8 13
9 15
10 21
11 14
11 21
12 19
12 22
12 23
13 26
13 28
13 30
14 34
15 35
16 28
17 32
18 25
19 35
20 26
21 25
21 27
22 33
22 29
23 31
24 36
25 38
26 48
27 43
28 39
28 40
28 42
28 43
29 38
30 46
30 48
31 48
32 41
33 38
33 44
34 47
35 37
35 45
36 38
37 58
37 60
38 58
39 52
39 59
40 58
41 56
42 49
43 50
43 58
44 55
45 52
45 54
46 57
47 49
48 51
48 53
49 62
50 62
50 63
51 64
52 72
53 62
54 69
54 71
55 69
56 67
57 69
58 66
59 65
59 61
60 67
60 68
60 70
61 79
61 81
61 82
62 80
63 74
64 84
65 78
66 75
67 78
68 73
69 78
69 83
70 76
70 82
71 77
72 74
73 85
74 88
75 93
76 88
77 94
78 94
79 90
79 95
80 94
81 89
82 96
82 86
82 92
83 91
84 87
85 99
85 101
86 104
86 108
87 107
88 98
88 106
89 98
89 105
90 103
91 97
91 102
92 100
93 100
94 103
95 103
96 98
97 114
98 119
99 115
100 109
101 113
102 120
103 118
104 116
105 110
106 112
107 117
108 111
108 120
109 124
110 121
111 130
111 126
112 129
113 131
114 128
114 129
114 132
115 130
115 123
116 130
116 127
117 121
118 128
119 125
120 122
121 140
122 138
123 136
124 136
125 133
125 144
126 137
127 134
128 135
128 139
129 143
130 141
131 133
131 142
132 133
133 155
134 146
135 149
135 150
135 154
135 156
136 148
136 151
137 147
138 149
139 153
140 145
141 146
142 155
143 152
144 145
1 2 3 4 5 6 7 8 9 10 11 12 
13 14 15 16 17 18 19 20 21 22 23 24 
25 26 27 28 29 30 31 32 33 34 35 36 
37 38 39 40 41 42 43 44 45 46 47 48 
49 50 51 52 53 54 55 56 57 58 59 60 
61 62 63 64 65 66 67 68 69 70 71 72 
73 74 75 76 77 78 79 80 81 82 83 84 
85 86 87 88 89 90 91 92 93 94 95 96 
97 98 99 100 101 102 103 104 105 106 107 108 
109 110 111 112 113 114 115 116 117 118 119 120 
121 122 123 124 125 126 127 128 129 130 131 132 
133 134 135 136 137 138 139 140 141 142 143 144 
145 146 147 148 149 150 151 152 153 154 155 156 
28 40 58 
50 63 74 
61 81 89 
12 19 35 
103 118 128 
82 92 100 
23 31 48 
84 87 107 117 121 
46 57 69 
86 104 116 
34 47 49 
21 27 43 
125 144 145 
5 24 36 38 
91 102 120 
115 123 136 
60 68 73 85 
122 138 149 
62 80 94 
130 141 146 
17 32 41 56 67 
129 143 152 
59 65 78 
111 126 137 147 
2 20 26 
101 113 131 
114 132 133 
70 76 88 
