168 216 14 27
1 13
2 17
3 16
4 19
4 22
5 19
6 16
7 23
8 14
8 17
9 15
9 20
10 24
11 24
12 18
12 19
12 21
13 32
13 31
14 30
15 28
16 26
17 32
17 36
18 34
18 35
19 25
20 33
21 29
22 27
23 26
24 26
25 39
26 46
27 38
28 38
29 37
29 48
30 40
31 45
31 47
32 48
33 45
34 42
35 43
35 44
36 41
37 51
38 57
39 49
39 50
39 60
40 58
41 52
42 58
43 52
44 58
45 55
46 54
46 58
47 56
47 59
48 53
48 60
49 65
50 66
50 69
51 67
52 65
53 63
54 72
55 64
55 63
56 70
57 67
58 71
58 62
58 63
59 67
59 68
60 61
61 83
62 76
62 84
63 82
64 74
64 77
65 84
66 73
67 79
68 73
69 75
69 80
70 73
71 78
71 79
72 77
72 81
73 94
74 85
75 86
75 90
75 91
76 85
77 87
77 88
78 89
79 93
80 91
81 96
82 92
83 96
84 91
84 95
85 97
86 100
86 101
87 104
88 107
89 104
89 105
90 98
90 107
91 97
92 104
93 97
94 104
94 106
95 99
95 103
96 102
96 108
97 117
98 109
98 111
98 119
99 120
100 113
100 118
101 110
101 115
102 117
103 114
104 116
105 115
106 112
107 120
108 112
109 130
110 129
110 124
111 126
112 125
113 123
114 132
115 124
116 128
116 121
117 130
117 122
118 131
118 124
119 125
120 127
121 135
122 136
123 141
124 143
125 136
125 142
126 139
127 139
127 140
128 141
129 133
129 144
130 134
130 137
130 138
131 143
132 144
133 151
134 156
135 149
136 147
137 148
137 152
138 150
139 155
140 151
141 146
142 152
142 153
143 147
143 154
144 145
144 149
145 158
146 157
147 163
148 157
149 168
150 161
150 164
150 158
151 166
151 159
152 162
152 157
153 160
154 163
154 164
154 167
155 160
155 165
156 168
1 2 3 4 5 6 7 8 9 10 11 12 
13 14 15 16 17 18 19 20 21 22 23 24 
25 26 27 28 29 30 31 32 33 34 35 36 
37 38 39 40 41 42 43 44 45 46 47 48 
49 50 51 52 53 54 55 56 57 58 59 60 
61 62 63 64 65 66 67 68 69 70 71 72 
73 74 75 76 77 78 79 80 81 82 83 84 
85 86 87 88 89 90 91 92 93 94 95 96 
97 98 99 100 101 102 103 104 105 106 107 108 
109 110 111 112 113 114 115 116 117 118 119 120 
121 122 123 124 125 126 127 128 129 130 131 132 
133 134 135 136 137 138 139 140 141 142 143 144 
145 146 147 148 149 150 151 152 153 154 155 156 
157 158 159 160 161 162 163 164 165 166 167 168 
113 123 141 
38 57 67 
130 134 156 168 
50 66 73 
96 108 112 
9 20 33 45 
14 30 40 58 
71 78 89 
39 49 65 
95 99 120 
7 23 26 
69 80 91 
117 122 136 
48 53 63 
36 41 52 
77 87 104 
62 76 85 
98 111 126 139 
79 93 97 
12 21 29 
127 140 151 
137 148 157 
114 132 144 
118 131 143 
46 54 72 
116 121 135 149 
142 153 160 
