231 299 11 41
1 37
2 42
3 27
4 41
5 23
6 36
7 35
8 37
9 35
10 28
11 41
12 23
12 34
13 23
14 22
15 30
15 33
15 35
16 25
16 32
17 38
18 30
18 31
18 40
19 24
19 26
20 23
21 29
21 39
22 48
23 49
24 50
25 56
26 45
26 57
26 58
27 57
28 61
29 43
29 53
29 62
30 46
30 60
31 56
32 47
32 50
33 56
34 52
34 56
35 59
36 63
37 51
37 54
38 49
39 44
39 50
40 55
41 49
42 56
43 67
43 79
44 70
44 72
45 73
46 64
46 81
47 70
48 71
48 74
49 84
50 78
51 69
52 75
52 80
53 66
53 79
54 64
54 70
55 68
56 72
56 77
57 72
58 79
59 80
59 83
60 73
60 82
61 64
61 65
62 76
62 77
63 79
64 104
65 105
66 91
66 95
67 102
67 103
67 105
68 85
68 88
69 93
70 98
71 100
72 97
73 94
73 101
74 104
75 87
76 90
76 93
77 86
78 100
79 94
80 89
80 92
80 96
81 88
82 105
83 99
84 98
85 124
85 125
86 120
87 109
87 121
88 116
89 108
89 111
90 106
90 123
91 114
91 125
92 122
93 107
94 119
95 121
96 113
97 110
97 117
98 112
98 123
99 125
100 107
100 118
101 121
102 115
103 121
104 126
105 116
106 135
107 129
107 132
108 139
108 140
108 127
109 131
109 142
110 135
111 144
112 137
113 134
113 138
114 144
115 130
116 133
116 145
117 129
117 136
118 128
118 145
119 135
119 143
120 147
121 129
122 141
122 146
123 129
123 144
124 132
124 147
125 137
126 135
127 166
128 152
129 157
130 154
131 152
132 148
132 149
133 153
133 161
134 150
134 164
135 159
136 156
136 159
137 162
137 168
138 160
139 162
140 151
141 157
142 167
143 163
144 165
145 155
145 165
146 162
147 158
148 172
149 174
150 183
151 170
151 176
152 177
152 189
153 183
153 184
153 188
154 174
154 182
155 169
156 180
156 187
157 169
158 175
158 186
159 171
159 188
160 170
160 185
161 178
161 189
162 170
163 170
163 181
164 189
165 189
166 179
167 181
168 173
168 189
169 201
170 198
171 192
171 199
171 205
172 201
173 209
173 210
174 205
175 190
176 194
176 195
176 199
177 206
178 202
179 193
179 197
180 198
181 204
182 208
183 203
183 207
184 199
185 205
186 196
187 191
187 196
188 198
189 200
190 213
190 228
191 212
191 221
191 224
192 231
193 216
193 230
194 211
195 215
196 219
197 223
198 217
198 229
199 224
200 212
201 224
202 219
203 227
204 214
204 218
205 226
206 220
207 225
208 215
209 220
210 222
1 2 3 4 5 6 7 8 9 10 11 12 13 14 15 16 17 18 19 20 21 
22 23 24 25 26 27 28 29 30 31 32 33 34 35 36 37 38 39 40 41 42 
43 44 45 46 47 48 49 50 51 52 53 54 55 56 57 58 59 60 61 62 63 
64 65 66 67 68 69 70 71 72 73 74 75 76 77 78 79 80 81 82 83 84 
85 86 87 88 89 90 91 92 93 94 95 96 97 98 99 100 101 102 103 104 105 
106 107 108 109 110 111 112 113 114 115 116 117 118 119 120 121 122 123 124 125 126 
127 128 129 130 131 132 133 134 135 136 137 138 139 140 141 142 143 144 145 146 147 
148 149 150 151 152 153 154 155 156 157 158 159 160 161 162 163 164 165 166 167 168 
169 170 171 172 173 174 175 176 177 178 179 180 181 182 183 184 185 186 187 188 189 
190 191 192 193 194 195 196 197 198 199 200 201 202 203 204 205 206 207 208 209 210 
211 212 213 214 215 216 217 218 219 220 221 222 223 224 225 226 227 228 229 230 231 
48 71 100 
176 194 211 
122 146 162 
118 128 152 
145 155 169 
32 47 70 
148 172 201 
104 126 135 
66 95 121 
2 42 56 
91 114 144 
177 206 220 
61 65 105 
59 83 99 125 
134 164 189 
161 178 202 219 
51 69 93 
183 207 225 
154 182 208 215 
127 166 179 
158 175 190 
52 75 87 
36 63 79 
77 86 120 147 
40 55 68 
119 143 163 
108 140 151 
80 96 113 
98 112 137 
142 167 181 
46 81 88 
17 38 49 
132 149 174 
3 27 57 
171 192 231 
19 24 50 
26 45 73 
153 184 199 
173 210 222 
160 185 205 
156 180 198 
