250 338 10 42
1 29
1 30
1 40
2 33
3 47
4 38
4 41
5 47
6 31
6 46
7 45
8 30
8 36
9 42
9 48
10 33
11 33
12 45
13 26
13 34
13 39
13 40
14 44
15 27
15 48
16 49
17 32
18 35
18 40
19 43
19 47
20 45
21 50
22 28
23 30
24 37
25 37
26 52
26 69
27 72
28 61
29 56
30 71
31 70
32 56
33 67
34 55
34 74
35 53
36 75
37 59
38 51
38 69
39 54
39 60
40 63
40 65
41 70
42 58
42 66
42 75
43 70
44 68
45 71
46 59
46 62
47 64
47 68
48 57
48 63
49 71
50 53
50 73
51 94
52 96
53 78
53 86
54 82
54 84
55 77
55 91
56 81
56 90
56 100
57 77
57 93
58 92
59 79
59 85
60 77
61 76
61 95
62 98
63 89
63 94
64 92
65 94
66 77
67 83
68 87
68 99
69 96
69 97
70 92
71 88
72 80
73 88
74 95
75 99
76 104
76 117
77 112
78 110
78 114
78 118
79 110
80 111
81 115
82 117
83 112
83 124
84 102
84 122
85 104
86 109
87 112
88 113
89 119
90 116
91 105
91 125
92 101
92 104
93 103
94 120
94 121
95 113
96 106
96 107
97 123
98 108
99 112
99 117
100 104
101 128
101 127
102 138
103 131
104 134
105 137
105 150
106 130
106 146
107 149
107 150
108 133
109 134
109 142
110 139
110 148
111 144
111 146
112 130
112 135
113 138
114 128
114 136
115 143
116 140
116 147
117 133
117 146
118 127
119 130
119 141
120 132
120 139
121 131
122 145
122 148
123 129
123 130
124 131
124 142
124 126
125 138
126 153
127 168
128 167
129 170
130 151
130 168
130 175
131 168
131 174
132 163
132 167
133 158
133 172
134 164
135 163
136 155
137 154
138 161
139 163
140 157
140 163
141 173
142 163
142 169
143 152
143 162
143 171
144 172
144 173
145 165
146 156
147 158
147 160
148 159
149 154
149 166
149 169
150 163
150 170
151 176
151 192
152 179
152 183
153 188
154 184
154 197
155 186
155 189
156 180
157 181
158 195
159 190
159 197
160 191
161 177
161 199
162 182
163 187
164 177
165 192
166 194
166 200
167 196
167 198
168 193
169 195
170 178
170 185
171 180
171 196
172 197
173 183
173 192
174 177
175 197
176 218
177 209
177 210
177 222
178 219
179 211
179 212
180 207
180 220
181 202
181 205
182 208
182 216
183 201
184 213
185 211
186 223
187 204
187 206
188 221
188 223
189 211
190 201
191 215
192 203
192 219
193 217
193 223
194 225
195 222
195 225
196 225
197 222
198 208
198 224
199 211
200 214
200 219
201 233
202 227
202 239
203 236
204 243
205 226
206 226
206 228
206 238
207 245
207 248
208 240
209 240
210 234
210 241
210 244
211 235
212 231
213 238
213 242
214 246
214 247
215 243
215 245
216 249
217 232
218 238
218 246
219 243
220 238
221 229
221 250
222 230
223 239
223 240
224 235
224 236
225 232
225 237
1 2 3 4 5 6 7 8 9 10 11 12 13 14 15 16 17 18 19 20 21 22 23 24 25 
26 27 28 29 30 31 32 33 34 35 36 37 38 39 40 41 42 43 44 45 46 47 48 49 50 
51 52 53 54 55 56 57 58 59 60 61 62 63 64 65 66 67 68 69 70 71 72 73 74 75 
76 77 78 79 80 81 82 83 84 85 86 87 88 89 90 91 92 93 94 95 96 97 98 99 100 
101 102 103 104 105 106 107 108 109 110 111 112 113 114 115 116 117 118 119 120 121 122 123 124 125 
126 127 128 129 130 131 132 133 134 135 136 137 138 139 140 141 142 143 144 145 146 147 148 149 150 
151 152 153 154 155 156 157 158 159 160 161 162 163 164 165 166 167 168 169 170 171 172 173 174 175 
176 177 178 179 180 181 182 183 184 185 186 187 188 189 190 191 192 193 194 195 196 197 198 199 200 
201 202 203 204 205 206 207 208 209 210 211 212 213 214 215 216 217 218 219 220 221 222 223 224 225 
226 227 228 229 230 231 232 233 234 235 236 237 238 239 240 241 242 243 244 245 246 247 248 249 250 
4 41 70 
177 209 240 
42 58 92 
159 190 201 
112 135 163 
84 102 138 
16 49 71 
143 162 182 
63 89 119 
122 145 165 192 
46 62 98 108 133 
56 90 116 
38 51 94 
146 156 180 
14 44 68 
147 160 191 215 
53 86 109 
105 137 154 
93 103 131 
130 175 197 
170 178 219 
27 72 80 111 
69 97 123 
193 217 232 
155 186 223 
181 205 226 
34 74 95 
124 126 153 188 
26 52 96 
78 118 127 
59 85 104 
166 194 225 
187 204 243 
33 67 83 
161 199 211 
50 73 88 
8 36 75 
179 212 231 
54 82 117 
22 28 61 
151 176 218 
39 60 77 
