187 238 17 31
1 15
1 16
1 22
2 13
2 14
2 19
3 12
4 21
5 18
5 20
6 12
7 14
8 21
9 13
10 17
11 14
12 32
13 28
14 24
15 29
15 30
16 25
16 27
17 24
18 32
18 26
19 33
19 24
20 31
21 23
22 24
23 34
23 41
24 43
25 38
26 35
27 39
28 44
29 36
30 38
31 42
32 37
33 40
34 52
35 55
36 48
36 51
37 45
37 50
38 49
39 54
40 53
41 46
42 47
43 49
44 55
45 59
45 62
46 60
47 64
47 61
48 62
49 57
50 57
51 60
52 56
52 63
53 66
53 62
54 57
55 65
55 58
56 70
56 73
57 77
58 74
58 75
59 67
59 68
60 68
60 76
61 72
62 71
62 74
63 72
64 74
65 69
66 74
67 85
68 84
69 85
70 83
71 81
71 82
72 81
73 78
73 80
73 81
74 87
75 79
75 84
76 86
76 88
77 85
78 98
78 89
79 90
80 94
81 96
81 91
82 99
83 97
83 93
84 98
85 92
86 95
87 99
88 94
89 102
90 100
90 104
91 103
91 105
92 108
93 105
94 110
95 108
96 101
96 109
97 101
98 106
99 107
100 118
101 111
102 113
102 117
103 111
104 121
105 113
106 112
106 114
106 116
106 119
107 120
108 121
109 115
110 115
111 123
112 131
112 126
112 127
113 129
113 132
114 130
115 131
115 122
115 125
116 132
117 124
118 126
119 128
119 124
120 123
121 132
122 142
123 134
123 137
124 139
125 135
125 136
126 138
126 143
127 141
128 142
129 135
130 140
131 135
132 133
133 150
134 147
135 148
136 148
137 145
137 154
138 146
138 150
139 151
140 154
141 149
142 152
143 144
143 153
144 160
144 155
144 159
145 164
146 158
147 163
147 156
148 162
148 155
148 157
149 165
150 155
151 155
152 158
153 164
154 161
155 173
155 176
156 167
157 172
158 174
159 171
160 169
161 166
161 170
162 174
163 168
163 171
163 175
164 173
165 171
166 185
167 178
168 182
168 185
169 184
170 183
170 185
171 180
171 186
172 181
173 177
174 178
175 179
176 181
176 187
1 2 3 4 5 6 7 8 9 10 11 
12 13 14 15 16 17 18 19 20 21 22 
23 24 25 26 27 28 29 30 31 32 33 
34 35 36 37 38 39 40 41 42 43 44 
45 46 47 48 49 50 51 52 53 54 55 
56 57 58 59 60 61 62 63 64 65 66 
67 68 69 70 71 72 73 74 75 76 77 
78 79 80 81 82 83 84 85 86 87 88 
89 90 91 92 93 94 95 96 97 98 99 
100 101 102 103 104 105 106 107 108 109 110 
111 112 113 114 115 116 117 118 119 120 121 
122 123 124 125 126 127 128 129 130 131 132 
133 134 135 136 137 138 139 140 141 142 143 
144 145 146 147 148 149 150 151 152 153 154 
155 156 157 158 159 160 161 162 163 164 165 
166 167 168 169 170 171 172 173 174 175 176 
177 178 179 180 181 182 183 184 185 186 187 
147 156 167 178 
15 29 36 
124 139 151 155 
144 160 169 184 
99 107 120 123 
148 157 172 181 
83 93 105 
16 27 39 54 57 
76 86 95 108 
112 127 141 149 165 171 
96 109 115 
106 114 130 140 154 
26 35 55 
90 104 121 
65 69 85 
41 46 60 
47 61 72 
24 43 49 
137 145 164 
73 80 94 
19 33 40 53 
138 146 158 
100 118 126 
78 89 102 
119 128 142 
91 103 111 
163 175 179 
161 166 185 
23 34 52 
132 133 150 
113 129 135 
