192 249 12 34
1 32
2 32
2 27
3 20
3 26
4 31
5 19
5 25
5 29
5 31
6 31
7 17
8 24
9 19
9 23
10 32
11 23
12 22
12 24
13 31
14 18
14 25
14 31
15 21
15 30
16 28
17 45
18 42
19 48
20 34
21 38
22 36
22 46
23 35
23 40
24 33
25 33
25 39
26 35
27 45
28 44
29 33
29 37
29 47
30 48
31 36
32 41
32 43
33 54
34 57
35 60
36 62
37 49
37 57
38 58
39 61
40 55
41 50
42 64
43 51
43 63
44 61
45 50
45 51
45 56
46 51
46 52
46 59
47 53
47 58
48 64
49 78
50 68
51 67
51 71
51 73
52 65
52 69
53 71
54 72
55 74
56 69
57 70
58 78
58 79
59 76
59 78
60 70
61 75
61 78
62 69
63 66
63 71
63 80
64 77
65 96
66 91
67 90
68 87
69 82
69 85
70 93
71 81
72 84
72 87
73 96
74 92
74 94
75 83
75 89
76 96
76 86
77 96
78 88
79 95
80 93
81 106
81 109
82 109
83 99
84 99
85 108
85 112
86 100
86 110
87 98
88 107
89 101
90 111
91 99
92 97
92 99
93 104
94 99
94 102
95 105
95 107
96 103
96 110
97 114
97 125
98 123
99 118
100 119
101 126
102 116
103 122
103 123
104 117
105 118
106 127
107 115
107 120
108 124
109 113
110 127
111 128
111 116
112 121
112 124
113 138
114 131
115 131
116 131
117 140
117 142
118 141
119 132
119 136
120 135
121 129
121 133
121 144
122 129
122 143
123 130
124 130
125 133
126 134
126 139
127 137
128 133
129 149
130 155
130 158
131 148
131 150
131 158
132 153
133 156
134 145
135 158
136 145
137 158
138 160
138 152
138 154
139 160
140 146
140 158
141 151
142 160
142 159
143 160
144 147
144 149
144 157
145 175
146 163
147 175
148 165
148 171
148 172
148 173
149 164
149 170
150 161
150 176
151 162
152 169
153 170
153 172
154 163
155 167
156 163
157 163
158 163
159 166
159 168
160 174
161 178
162 179
163 183
163 190
164 185
165 186
166 191
167 184
167 187
168 184
169 188
170 192
171 189
172 181
172 182
173 180
174 177
175 181
176 177
1 2 3 4 5 6 7 8 9 10 11 12 13 14 15 16 
17 18 19 20 21 22 23 24 25 26 27 28 29 30 31 32 
33 34 35 36 37 38 39 40 41 42 43 44 45 46 47 48 
49 50 51 52 53 54 55 56 57 58 59 60 61 62 63 64 
65 66 67 68 69 70 71 72 73 74 75 76 77 78 79 80 
81 82 83 84 85 86 87 88 89 90 91 92 93 94 95 96 
97 98 99 100 101 102 103 104 105 106 107 108 109 110 111 112 
113 114 115 116 117 118 119 120 121 122 123 124 125 126 127 128 
129 130 131 132 133 134 135 136 137 138 139 140 141 142 143 144 
145 146 147 148 149 150 151 152 153 154 155 156 157 158 159 160 
161 162 163 164 165 166 167 168 169 170 171 172 173 174 175 176 
177 178 179 180 181 182 183 184 185 186 187 188 189 190 191 192 
15 21 38 58 
95 105 118 
75 83 99 
148 171 189 
3 20 34 57 
69 82 109 
107 115 131 
159 166 191 
122 143 160 
141 151 162 179 
111 128 133 
28 44 61 
37 49 78 
126 134 145 
152 169 188 
149 164 185 
81 106 127 
144 147 175 
130 155 167 
150 176 177 
50 68 87 
18 42 64 
47 53 71 
138 154 163 
52 65 96 
23 40 55 74 
119 132 153 
94 102 116 
2 27 45 
63 80 93 
33 54 72 
120 135 158 
85 108 124 
35 60 70 
