140 178 10 20
1 17
1 18
1 26
2 22
3 18
3 27
4 18
5 19
6 25
6 28
7 16
8 19
8 20
9 23
10 15
11 16
12 24
13 19
13 21
13 22
14 15
15 32
16 38
17 34
17 30
18 41
19 37
19 40
19 31
20 42
21 36
22 37
23 39
24 29
25 39
26 36
27 33
28 35
28 41
29 55
30 46
31 45
31 56
32 51
33 43
34 44
35 51
36 48
36 50
36 53
37 56
38 47
38 56
39 44
39 49
39 52
40 43
41 53
42 54
43 67
44 70
45 64
46 69
47 65
48 70
48 60
49 57
50 66
50 68
50 59
51 57
52 69
52 62
53 61
53 63
54 57
55 58
56 61
57 77
58 77
59 73
60 81
60 84
61 82
61 83
62 71
63 72
63 80
64 75
65 79
66 78
67 75
68 79
69 74
69 76
69 77
70 81
71 95
72 86
72 93
73 96
74 97
74 87
75 91
76 85
77 97
77 98
78 95
79 86
80 97
81 96
82 89
82 90
82 92
83 88
83 94
84 90
85 100
85 112
86 102
86 108
87 105
87 109
88 106
89 101
89 110
90 103
91 111
92 106
93 99
94 107
95 107
96 106
97 100
98 102
98 104
99 118
99 123
100 115
100 125
100 126
101 113
102 115
103 113
104 119
104 122
105 124
106 115
107 116
108 121
109 117
109 126
110 114
111 124
112 116
112 119
112 120
113 130
113 137
114 139
115 128
116 134
116 136
117 138
117 127
118 128
119 134
120 131
120 135
120 139
121 132
122 129
122 132
123 127
124 140
125 128
125 133
126 128
1 2 3 4 5 6 7 8 9 10 11 12 13 14 
15 16 17 18 19 20 21 22 23 24 25 26 27 28 
29 30 31 32 33 34 35 36 37 38 39 40 41 42 
43 44 45 46 47 48 49 50 51 52 53 54 55 56 
57 58 59 60 61 62 63 64 65 66 67 68 69 70 
71 72 73 74 75 76 77 78 79 80 81 82 83 84 
85 86 87 88 89 90 91 92 93 94 95 96 97 98 
99 100 101 102 103 104 105 106 107 108 109 110 111 112 
113 114 115 116 117 118 119 120 121 122 123 124 125 126 
127 128 129 130 131 132 133 134 135 136 137 138 139 140 
20 42 54 57 
108 121 132 
9 23 39 
47 65 79 
90 103 113 
83 94 107 
99 118 128 
27 33 43 
69 76 85 
82 92 106 
28 35 51 
62 71 95 
87 105 124 
13 21 36 
17 34 44 
45 64 75 
55 58 77 
50 59 73 96 
63 80 97 
89 110 114 139 
