208 272 13 40
1 27
2 19
2 25
3 23
3 30
4 18
5 21
5 23
6 23
7 18
8 24
9 32
9 28
10 18
11 17
11 31
12 27
13 20
13 29
14 22
15 23
16 26
17 33
18 33
18 42
19 36
20 38
21 37
21 48
22 34
22 36
22 46
23 33
24 33
25 40
26 41
27 40
27 44
27 45
28 40
29 34
29 43
30 48
31 39
32 33
32 35
32 47
33 54
34 57
34 58
35 59
36 49
37 55
37 62
38 52
38 63
39 60
40 56
41 50
42 53
43 61
44 59
45 51
46 64
47 59
48 54
49 78
50 72
51 74
51 76
51 78
52 78
53 69
53 75
53 77
54 65
55 77
55 79
56 68
56 70
57 67
58 72
59 65
59 66
59 80
60 73
60 75
61 68
62 80
63 71
64 75
65 82
66 94
67 94
68 94
69 81
70 90
70 92
71 87
71 93
72 92
73 83
74 86
75 83
75 91
76 96
76 83
76 88
77 84
77 89
78 89
78 95
79 85
79 89
80 89
81 100
82 98
82 106
83 97
84 99
85 107
86 103
87 109
88 111
89 104
90 112
91 102
92 110
93 104
94 98
94 101
94 108
95 100
96 105
97 118
97 124
98 125
99 121
100 113
100 123
101 113
101 116
102 125
103 128
103 119
104 114
105 114
106 115
107 114
108 115
109 120
109 121
109 126
110 127
111 117
112 118
112 122
113 131
113 143
114 138
115 141
115 143
116 136
116 142
116 144
117 131
118 138
119 129
119 130
120 134
120 137
121 131
122 138
123 140
124 138
124 139
125 129
126 143
127 132
127 135
128 129
128 133
129 156
130 146
131 159
132 152
132 158
133 150
133 159
134 145
134 147
135 160
136 153
137 148
138 154
138 157
139 149
140 155
141 151
141 155
142 158
143 147
144 160
145 175
146 170
147 166
148 171
149 164
150 172
150 174
151 175
152 169
153 162
153 166
154 163
154 176
155 174
156 167
157 161
157 165
157 174
158 164
158 168
159 176
160 173
161 179
162 181
163 187
163 190
164 181
165 192
165 183
166 185
167 180
168 186
169 182
170 178
170 186
171 191
172 190
173 179
174 177
174 179
174 189
174 190
175 182
175 184
176 188
177 199
178 203
179 197
180 193
180 195
180 204
181 199
181 205
181 207
182 198
182 200
183 202
184 198
185 206
186 202
186 208
187 193
188 207
189 194
189 197
190 206
191 196
191 198
192 201
1 2 3 4 5 6 7 8 9 10 11 12 13 14 15 16 
17 18 19 20 21 22 23 24 25 26 27 28 29 30 31 32 
33 34 35 36 37 38 39 40 41 42 43 44 45 46 47 48 
49 50 51 52 53 54 55 56 57 58 59 60 61 62 63 64 
65 66 67 68 69 70 71 72 73 74 75 76 77 78 79 80 
81 82 83 84 85 86 87 88 89 90 91 92 93 94 95 96 
97 98 99 100 101 102 103 104 105 106 107 108 109 110 111 112 
113 114 115 116 117 118 119 120 121 122 123 124 125 126 127 128 
129 130 131 132 133 134 135 136 137 138 139 140 141 142 143 144 
145 146 147 148 149 150 151 152 153 154 155 156 157 158 159 160 
161 162 163 164 165 166 167 168 169 170 171 172 173 174 175 176 
177 178 179 180 181 182 183 184 185 186 187 188 189 190 191 192 
193 194 195 196 197 198 199 200 201 202 203 204 205 206 207 208 
70 90 112 
11 17 33 
134 145 175 
38 63 71 
160 173 179 
32 47 59 
57 67 94 
158 168 186 
132 152 169 182 
85 107 114 
26 41 50 72 
60 73 83 
18 42 53 
2 19 36 
69 81 100 
22 46 64 75 
163 187 193 
27 45 51 
156 167 180 
116 136 153 
88 111 117 131 
92 110 127 
82 106 115 
43 61 68 
150 172 190 
174 177 199 
3 30 48 
176 188 207 
170 178 203 
139 149 164 
123 140 155 
84 99 121 
109 126 143 
74 86 103 
137 148 171 191 
165 183 202 
9 28 40 
37 62 80 
166 185 206 
91 102 125 
