210 282 15 41
1 20
1 27
2 25
3 20
4 15
4 19
5 16
6 16
6 24
7 20
8 23
9 19
10 16
10 21
10 23
11 17
11 22
12 17
13 26
13 28
14 18
14 23
15 32
16 32
17 29
18 40
19 36
19 29
20 41
21 32
22 39
22 42
23 35
23 37
23 41
24 41
25 34
26 32
26 38
26 31
27 30
28 33
29 44
29 50
30 52
31 45
32 46
33 49
33 56
34 54
35 43
35 47
36 52
37 48
38 54
39 51
40 53
41 50
42 55
42 56
43 65
43 60
44 60
45 69
45 61
45 62
46 70
47 63
48 59
49 64
50 57
51 67
51 58
51 59
52 58
53 68
53 60
54 64
55 66
55 70
56 60
57 78
57 79
57 80
58 78
59 76
60 81
61 77
62 78
62 83
63 78
64 78
64 84
65 71
66 81
67 81
68 73
68 75
68 76
69 74
70 72
70 82
71 87
72 85
73 98
73 92
74 90
74 94
74 95
75 96
75 88
76 96
77 96
78 89
79 86
80 85
81 96
82 97
83 89
84 96
84 91
84 93
85 110
85 111
86 105
87 109
88 110
89 107
89 109
90 112
91 112
92 100
92 101
93 100
94 99
94 100
94 105
95 104
95 110
96 106
96 108
97 100
97 102
97 109
98 103
98 105
99 119
99 124
100 120
101 120
102 113
103 122
104 123
105 118
106 123
107 114
107 115
108 115
108 117
109 125
110 116
111 121
111 126
112 122
113 139
114 132
114 137
115 135
116 129
117 130
118 128
119 133
119 134
119 140
120 134
121 131
122 130
123 135
124 138
124 127
125 135
126 136
127 141
128 153
129 144
129 147
129 152
130 148
131 145
132 143
133 149
134 148
135 143
136 145
136 146
136 154
137 143
137 151
138 145
139 148
139 150
140 142
140 146
141 156
142 164
142 166
143 163
143 165
143 159
144 164
145 160
145 155
146 157
147 163
148 161
148 157
149 157
149 158
150 160
151 160
152 167
153 163
153 168
154 162
154 157
155 182
156 169
156 170
156 173
157 171
157 176
158 180
159 175
160 177
161 176
161 179
162 175
163 172
164 181
165 174
166 172
166 178
167 182
168 182
169 188
170 195
171 196
171 185
172 186
173 191
174 192
175 195
175 184
176 195
176 189
177 193
177 194
178 187
179 188
180 190
181 183
182 193
183 205
184 200
184 201
185 208
186 204
187 202
187 206
188 204
189 206
190 207
191 200
192 199
193 197
193 198
194 199
194 209
195 205
196 203
196 206
196 210
1 2 3 4 5 6 7 8 9 10 11 12 13 14 
15 16 17 18 19 20 21 22 23 24 25 26 27 28 
29 30 31 32 33 34 35 36 37 38 39 40 41 42 
43 44 45 46 47 48 49 50 51 52 53 54 55 56 
57 58 59 60 61 62 63 64 65 66 67 68 69 70 
71 72 73 74 75 76 77 78 79 80 81 82 83 84 
85 86 87 88 89 90 91 92 93 94 95 96 97 98 
99 100 101 102 103 104 105 106 107 108 109 110 111 112 
113 114 115 116 117 118 119 120 121 122 123 124 125 126 
127 128 129 130 131 132 133 134 135 136 137 138 139 140 
141 142 143 144 145 146 147 148 149 150 151 152 153 154 
155 156 157 158 159 160 161 162 163 164 165 166 167 168 
169 170 171 172 173 174 175 176 177 178 179 180 181 182 
183 184 185 186 187 188 189 190 191 192 193 194 195 196 
197 198 199 200 201 202 203 204 205 206 207 208 209 210 
95 104 123 
143 159 175 
153 168 182 
102 113 139 
65 71 87 109 
127 141 156 
14 18 40 53 
173 191 200 
70 82 97 
137 151 160 
129 144 164 
108 117 130 
45 61 77 96 
4 15 32 
74 90 112 
19 36 52 
166 178 187 
22 39 51 
23 37 48 59 
47 63 78 
79 86 105 
62 83 89 
176 189 206 
181 183 205 
29 44 60 
55 66 81 
92 101 120 
165 174 192 199 
13 28 33 
98 103 122 
111 121 131 145 
158 180 190 207 
57 80 85 
84 93 100 
172 186 204 
26 38 54 
119 133 149 
6 24 41 
171 185 208 
161 179 188 
75 88 110 
