176 232 16 31
1 15
2 18
3 17
3 20
3 22
4 12
5 12
5 14
6 13
7 13
8 16
8 21
9 15
10 18
11 19
12 33
13 32
13 25
14 29
15 32
16 30
17 26
18 32
18 31
19 28
20 23
20 27
21 24
22 28
23 42
23 43
24 44
25 39
26 36
26 39
27 39
28 35
28 39
29 38
29 39
30 37
30 44
31 40
32 44
33 34
33 41
34 45
34 51
35 49
36 49
36 54
37 46
38 50
38 55
39 47
39 49
40 55
41 48
42 55
43 52
43 53
43 55
44 46
45 63
46 58
46 60
47 56
48 56
48 62
48 63
49 65
50 57
51 60
52 64
52 66
53 59
54 65
54 61
55 60
56 72
57 69
57 71
58 73
59 67
60 69
61 69
61 76
62 77
63 72
63 74
63 75
64 68
64 75
65 70
66 75
67 80
67 81
68 82
69 78
69 81
70 88
71 82
72 82
72 87
73 79
73 84
74 85
74 86
75 83
76 83
77 85
78 97
79 97
79 98
79 92
80 97
81 97
82 99
82 91
82 93
83 97
83 94
84 90
85 96
85 89
86 95
87 97
88 91
89 109
90 109
91 100
92 110
93 107
94 102
94 104
95 106
96 101
96 104
96 110
97 105
98 105
99 103
99 108
100 113
101 115
101 121
102 114
102 118
103 119
104 117
105 121
106 119
107 121
108 112
109 111
109 120
110 116
111 129
112 123
113 126
114 130
114 127
115 123
116 125
117 124
118 125
119 132
119 124
120 128
120 131
121 122
122 138
122 142
123 140
124 142
125 136
126 140
127 137
127 143
128 136
129 139
130 133
131 134
131 135
131 140
132 136
132 141
133 148
134 153
135 148
136 145
136 147
136 153
137 153
137 154
138 146
139 144
140 153
141 151
141 152
142 146
142 149
143 150
144 160
145 161
146 164
147 157
148 156
149 165
149 158
150 159
151 162
151 157
152 163
152 155
153 157
154 158
155 176
156 170
156 171
157 168
158 174
159 174
160 168
161 173
161 175
162 166
162 172
163 174
164 168
165 167
165 169
1 2 3 4 5 6 7 8 9 10 11 
12 13 14 15 16 17 18 19 20 21 22 
23 24 25 26 27 28 29 30 31 32 33 
34 35 36 37 38 39 40 41 42 43 44 
45 46 47 48 49 50 51 52 53 54 55 
56 57 58 59 60 61 62 63 64 65 66 
67 68 69 70 71 72 73 74 75 76 77 
78 79 80 81 82 83 84 85 86 87 88 
89 90 91 92 93 94 95 96 97 98 99 
100 101 102 103 104 105 106 107 108 109 110 
111 112 113 114 115 116 117 118 119 120 121 
122 123 124 125 126 127 128 129 130 131 132 
133 134 135 136 137 138 139 140 141 142 143 
144 145 146 147 148 149 150 151 152 153 154 
155 156 157 158 159 160 161 162 163 164 165 
166 167 168 169 170 171 172 173 174 175 176 
20 27 39 
100 113 126 140 
34 45 63 
131 134 153 
72 87 97 
85 89 109 
74 86 95 106 119 
5 14 29 
61 76 83 
57 71 82 
111 129 139 144 160 168 
21 24 44 
79 92 110 
23 42 55 
152 163 174 
122 138 146 
93 107 121 
43 53 59 67 
114 130 133 148 
28 35 49 
3 17 26 
52 66 75 
65 70 88 91 
8 16 30 
137 154 158 
136 147 157 
33 41 48 
104 117 124 
99 108 112 123 
46 58 73 
102 118 125 
