180 225 12 33
1 27
2 17
3 27
4 26
5 19
6 23
6 25
7 18
7 20
8 24
8 29
9 27
10 18
11 30
12 16
13 22
13 23
14 17
14 21
15 27
15 28
16 33
17 36
17 40
17 42
18 39
19 37
19 38
20 34
20 41
21 32
22 36
22 45
23 32
23 43
24 38
25 36
26 38
27 35
27 31
28 44
29 40
30 31
31 46
31 53
32 48
32 49
33 47
34 53
35 50
35 58
36 57
36 60
37 58
38 58
39 47
39 54
39 56
40 55
41 52
41 57
41 59
42 57
43 59
44 51
45 49
46 72
47 73
48 69
48 70
49 65
49 75
50 74
51 61
52 68
53 66
54 71
55 72
56 73
57 67
57 72
57 63
58 62
59 64
60 66
61 81
62 80
63 76
63 80
64 86
65 80
65 90
66 87
66 89
67 83
67 85
68 79
68 88
69 81
70 86
71 86
72 77
72 78
73 82
74 84
75 89
76 96
77 103
78 91
79 101
80 99
80 93
81 92
82 102
83 93
84 101
84 94
85 104
86 104
87 105
87 95
88 97
88 98
89 100
90 102
91 113
92 117
93 118
94 116
94 120
95 113
96 112
97 119
98 107
99 115
100 106
101 107
102 117
103 108
103 109
103 114
104 111
105 110
106 128
106 129
106 131
106 127
107 132
107 135
108 133
108 123
109 128
110 121
111 130
111 121
112 134
113 134
114 134
115 121
115 122
116 123
117 124
118 123
119 134
119 123
119 126
120 125
121 139
121 140
122 143
123 145
124 144
125 141
125 148
126 146
127 136
127 137
128 142
129 147
130 138
130 140
131 143
132 148
133 149
133 150
134 140
135 149
136 160
137 158
138 162
138 153
139 155
140 151
141 165
142 162
143 163
143 154
144 164
145 156
146 154
146 157
147 152
148 159
149 154
150 161
151 174
152 168
153 178
154 170
155 166
155 175
155 177
156 169
156 180
157 180
158 173
159 179
160 171
160 176
161 179
162 170
163 167
163 172
164 180
165 174
1 2 3 4 5 6 7 8 9 10 11 12 13 14 15 
16 17 18 19 20 21 22 23 24 25 26 27 28 29 30 
31 32 33 34 35 36 37 38 39 40 41 42 43 44 45 
46 47 48 49 50 51 52 53 54 55 56 57 58 59 60 
61 62 63 64 65 66 67 68 69 70 71 72 73 74 75 
76 77 78 79 80 81 82 83 84 85 86 87 88 89 90 
91 92 93 94 95 96 97 98 99 100 101 102 103 104 105 
106 107 108 109 110 111 112 113 114 115 116 117 118 119 120 
121 122 123 124 125 126 127 128 129 130 131 132 133 134 135 
136 137 138 139 140 141 142 143 144 145 146 147 148 149 150 
151 152 153 154 155 156 157 158 159 160 161 162 163 164 165 
166 167 168 169 170 171 172 173 174 175 176 177 178 179 180 
41 52 68 
127 136 160 
40 55 72 
115 122 143 
6 25 36 
49 75 89 
128 142 162 
125 141 165 174 
16 33 47 
107 132 148 
28 44 51 61 81 
50 74 84 
117 124 144 164 180 
96 112 134 
14 21 32 
147 152 168 
87 105 110 121 
54 71 86 
20 34 53 
65 90 102 
93 118 123 
11 30 31 
150 161 179 
88 97 119 
39 56 73 
67 85 104 
8 24 38 
19 37 58 
17 42 57 
138 153 178 
23 43 59 
78 91 113 
137 158 173 
