187 243 11 32
1 24
2 29
3 27
4 30
5 26
6 32
6 20
6 21
7 23
8 18
9 34
9 19
10 19
11 24
12 22
12 23
13 18
14 33
14 22
14 31
15 18
15 22
16 18
16 28
17 25
17 30
18 35
19 43
20 36
20 46
20 50
21 46
22 38
23 37
24 42
25 46
26 46
27 38
28 43
29 45
29 47
30 35
31 39
31 40
31 41
31 51
32 39
33 44
34 48
34 49
35 60
36 56
36 58
37 64
37 65
37 66
38 62
39 54
40 64
40 57
41 52
41 60
42 66
43 60
44 61
45 68
45 59
46 63
47 67
47 53
48 58
49 60
50 54
51 55
51 62
52 82
52 84
53 82
54 80
55 82
56 69
56 73
56 74
57 75
57 76
58 71
59 78
59 80
60 72
61 77
62 70
62 78
63 71
64 85
65 81
66 78
67 79
68 83
69 87
70 99
70 102
71 101
72 90
73 97
73 98
73 87
74 100
75 96
75 89
75 95
76 86
76 93
77 98
78 101
79 96
80 86
81 91
82 92
83 86
84 88
84 94
85 92
86 108
87 109
88 113
88 114
88 118
89 105
89 107
90 109
91 111
92 112
93 107
94 110
94 115
95 108
95 119
96 112
97 118
98 104
98 107
98 116
98 117
99 116
100 103
101 106
102 103
103 136
104 129
104 120
104 123
105 131
105 125
106 123
107 133
107 134
108 123
109 124
110 130
110 121
111 134
112 135
112 123
113 128
114 132
114 122
115 123
115 127
116 124
117 121
118 126
119 126
120 147
120 152
121 142
122 148
123 144
123 145
124 148
125 153
126 137
127 143
127 149
128 138
128 150
129 140
129 144
130 146
131 146
132 149
133 139
133 151
134 141
134 150
135 144
136 146
137 155
138 160
139 154
140 168
141 162
141 164
142 166
142 170
142 156
143 163
144 160
145 154
146 160
147 165
147 159
148 167
149 169
150 158
150 159
151 161
151 157
152 164
153 155
154 174
155 177
156 173
156 179
157 176
158 187
159 183
159 186
160 171
160 172
160 187
161 187
162 175
163 187
164 178
164 180
165 171
166 182
167 184
167 185
168 171
169 176
169 181
170 176
1 2 3 4 5 6 7 8 9 10 11 12 13 14 15 16 17 
18 19 20 21 22 23 24 25 26 27 28 29 30 31 32 33 34 
35 36 37 38 39 40 41 42 43 44 45 46 47 48 49 50 51 
52 53 54 55 56 57 58 59 60 61 62 63 64 65 66 67 68 
69 70 71 72 73 74 75 76 77 78 79 80 81 82 83 84 85 
86 87 88 89 90 91 92 93 94 95 96 97 98 99 100 101 102 
103 104 105 106 107 108 109 110 111 112 113 114 115 116 117 118 119 
120 121 122 123 124 125 126 127 128 129 130 131 132 133 134 135 136 
137 138 139 140 141 142 143 144 145 146 147 148 149 150 151 152 153 
154 155 156 157 158 159 160 161 162 163 164 165 166 167 168 169 170 
171 172 173 174 175 176 177 178 179 180 181 182 183 184 185 186 187 
33 44 61 77 98 
88 113 128 
70 99 116 
73 97 118 
112 135 144 
76 93 107 
72 90 109 
6 32 39 
151 161 187 
67 79 96 
101 106 123 
64 85 92 
68 83 86 
142 170 176 
120 152 164 
46 63 71 
91 111 134 
95 119 126 
34 48 58 
140 168 171 
125 153 155 
47 53 82 
3 27 38 
114 122 148 
74 100 103 
20 50 54 
105 131 146 
24 42 66 
56 69 87 
133 139 154 
16 28 43 
141 162 175 
