130 161 10 24
1 23
2 15
2 20
3 26
4 21
5 17
5 22
5 25
6 26
7 26
8 26
9 14
9 24
10 14
11 16
11 18
12 26
13 19
14 35
15 38
15 28
16 35
17 39
18 36
19 32
19 31
20 35
21 34
21 30
22 32
23 33
23 27
24 37
24 29
25 38
26 29
27 44
28 52
29 43
30 51
31 46
32 40
33 43
34 40
35 41
36 47
37 46
37 48
37 49
38 50
39 42
39 45
39 46
40 63
41 61
42 61
43 60
44 53
45 56
46 57
46 62
47 55
47 59
48 54
49 54
49 58
50 64
51 59
52 65
53 73
53 76
54 69
54 75
55 66
55 69
55 71
55 72
56 76
57 69
57 70
57 71
58 74
59 74
59 77
60 71
61 74
62 74
63 67
63 78
64 76
65 68
66 82
67 90
68 88
69 81
69 90
70 89
71 86
71 87
72 85
72 89
73 82
73 84
74 83
75 80
76 88
77 88
78 79
78 86
78 91
79 104
80 97
80 102
81 96
81 99
81 101
82 94
83 92
84 100
85 93
86 98
87 103
88 95
89 95
90 93
91 98
92 105
92 107
93 106
93 108
93 112
94 114
95 114
96 117
97 113
98 109
99 109
99 115
100 109
101 116
102 114
103 110
104 111
105 130
106 119
106 123
107 128
107 127
108 124
109 130
110 124
111 118
111 126
112 125
113 124
114 129
114 122
115 120
116 118
117 118
117 121
1 2 3 4 5 6 7 8 9 10 11 12 13 
14 15 16 17 18 19 20 21 22 23 24 25 26 
27 28 29 30 31 32 33 34 35 36 37 38 39 
40 41 42 43 44 45 46 47 48 49 50 51 52 
53 54 55 56 57 58 59 60 61 62 63 64 65 
66 67 68 69 70 71 72 73 74 75 76 77 78 
79 80 81 82 83 84 85 86 87 88 89 90 91 
92 93 94 95 96 97 98 99 100 101 102 103 104 
105 106 107 108 109 110 111 112 113 114 115 116 117 
118 119 120 121 122 123 124 125 126 127 128 129 130 
55 66 82 
103 110 124 
18 36 47 
39 45 56 76 
80 102 114 
99 115 120 
74 83 92 
78 91 98 
57 70 89 
21 34 40 
28 52 65 68 88 
63 67 90 
11 16 35 
5 25 38 
73 84 100 109 
93 112 125 
101 116 118 
30 51 59 
37 48 54 
23 33 43 
19 31 46 
27 44 53 
81 96 117 
79 104 111 
