132 167 12 23
1 19
2 17
3 14
4 16
5 12
5 13
6 15
6 18
7 22
8 18
9 14
10 16
10 21
11 20
12 24
12 30
13 33
13 26
14 23
14 28
15 25
16 29
17 27
18 29
18 31
19 30
20 29
21 26
22 32
23 41
24 39
25 36
26 38
26 42
27 40
28 35
28 43
29 34
30 44
31 36
32 42
33 37
33 42
34 47
35 51
36 50
37 51
38 53
39 49
40 46
41 53
41 54
42 52
43 45
43 47
44 48
44 55
45 64
46 60
47 66
47 57
47 63
48 61
49 65
50 64
51 57
52 64
53 56
53 58
54 56
54 62
55 59
56 70
56 77
57 72
58 73
59 71
60 76
61 73
62 68
62 69
62 71
62 75
63 67
63 68
64 74
65 71
66 73
67 82
68 79
69 81
69 85
69 86
70 78
71 81
72 84
73 85
73 88
74 83
75 87
76 80
77 85
78 96
79 96
79 98
79 99
80 90
81 90
82 89
82 94
83 91
84 92
84 93
85 93
86 91
86 95
87 96
87 97
88 93
89 102
89 107
90 108
91 104
92 100
92 101
93 105
93 106
94 109
95 108
95 110
96 103
97 108
98 108
99 104
100 117
101 121
102 120
103 111
103 113
104 113
104 118
105 117
106 116
107 117
108 112
108 114
108 119
109 120
110 115
111 130
112 129
112 130
112 122
112 123
113 128
113 127
114 122
115 132
115 124
116 127
117 126
117 127
118 131
119 131
120 130
120 125
121 124
1 2 3 4 5 6 7 8 9 10 11 
12 13 14 15 16 17 18 19 20 21 22 
23 24 25 26 27 28 29 30 31 32 33 
34 35 36 37 38 39 40 41 42 43 44 
45 46 47 48 49 50 51 52 53 54 55 
56 57 58 59 60 61 62 63 64 65 66 
67 68 69 70 71 72 73 74 75 76 77 
78 79 80 81 82 83 84 85 86 87 88 
89 90 91 92 93 94 95 96 97 98 99 
100 101 102 103 104 105 106 107 108 109 110 
111 112 113 114 115 116 117 118 119 120 121 
122 123 124 125 126 127 128 129 130 131 132 
73 88 93 
36 50 64 
1 19 30 
89 102 120 
79 98 108 
56 70 78 96 
24 39 49 65 71 
33 37 51 
17 27 40 46 60 76 80 90 
11 20 29 
74 83 91 
103 111 130 
104 118 131 
10 21 26 
101 121 124 
106 116 127 
95 110 115 
57 72 84 
22 32 42 
63 67 82 
14 23 41 
62 75 87 
92 100 117 
