140 186 14 28
1 12
2 11
2 17
2 20
3 13
4 15
5 17
6 17
7 12
8 14
8 16
8 19
9 20
10 18
11 24
11 30
12 22
13 30
14 21
14 27
15 22
16 26
17 28
18 29
19 25
19 26
20 21
20 23
21 32
21 35
22 34
23 33
23 38
24 36
24 31
25 32
26 39
26 40
27 34
28 37
28 38
29 34
30 38
31 41
32 41
33 48
34 50
35 49
36 43
36 45
36 46
37 44
38 44
39 50
40 42
40 47
41 58
42 53
43 55
43 59
44 60
45 54
46 57
47 56
48 54
49 51
49 52
49 57
50 54
51 64
51 67
52 63
53 62
54 63
55 68
55 61
56 65
57 69
58 65
58 70
59 64
60 65
60 66
61 73
61 76
61 77
62 74
62 78
63 76
64 71
65 75
66 71
66 80
67 79
68 71
69 74
70 71
70 72
70 76
71 88
72 87
73 89
74 84
75 82
75 86
76 85
76 89
76 90
77 83
78 86
79 81
79 88
80 84
81 93
82 97
83 94
84 99
84 95
85 95
86 94
87 92
88 96
88 100
89 93
90 98
90 91
91 104
92 105
92 108
92 110
93 102
94 101
95 105
96 102
97 103
97 109
98 106
99 101
100 105
100 107
101 119
102 119
103 115
103 116
103 117
104 112
105 120
106 119
107 114
108 111
109 113
109 114
109 119
110 112
110 118
111 124
112 128
112 130
113 129
113 126
113 127
114 122
114 125
115 121
115 123
116 127
117 124
118 125
119 125
120 127
121 131
121 132
121 133
122 137
123 138
124 132
125 132
125 134
125 135
126 134
127 138
128 134
128 136
128 140
129 139
130 136
1 2 3 4 5 6 7 8 9 10 
11 12 13 14 15 16 17 18 19 20 
21 22 23 24 25 26 27 28 29 30 
31 32 33 34 35 36 37 38 39 40 
41 42 43 44 45 46 47 48 49 50 
51 52 53 54 55 56 57 58 59 60 
61 62 63 64 65 66 67 68 69 70 
71 72 73 74 75 76 77 78 79 80 
81 82 83 84 85 86 87 88 89 90 
91 92 93 94 95 96 97 98 99 100 
101 102 103 104 105 106 107 108 109 110 
111 112 113 114 115 116 117 118 119 120 
121 122 123 124 125 126 127 128 129 130 
131 132 133 134 135 136 137 138 139 140 
47 56 65 
79 81 93 
92 108 111 124 
90 98 106 119 
61 77 83 94 
3 13 30 
57 69 74 
76 85 95 
88 96 102 
55 68 71 
23 33 48 54 
114 122 137 
66 80 84 
91 104 112 
113 126 134 
24 31 41 
8 16 26 
14 27 34 
62 78 86 
28 37 44 
49 52 63 
115 123 138 
75 82 97 
4 15 22 
43 59 64 
110 118 125 
105 120 127 
19 25 32 
