210 276 14 38
1 29
2 17
2 18
3 21
4 19
5 24
5 26
6 22
7 28
8 28
9 29
10 20
11 21
12 25
12 27
13 26
14 17
14 23
14 30
15 16
16 39
17 32
17 42
18 37
19 42
20 44
21 39
22 34
22 40
23 38
24 33
24 38
25 35
25 36
26 41
26 31
27 40
28 35
29 43
30 44
30 45
31 50
32 59
33 53
34 55
34 56
34 59
35 48
36 47
36 54
37 47
37 51
38 57
39 47
39 52
40 49
41 59
42 49
43 46
43 59
44 58
45 60
46 64
46 75
47 70
48 69
48 62
49 73
50 65
51 63
52 65
53 74
54 72
55 67
56 68
56 70
57 71
58 61
59 69
60 66
61 78
61 89
62 82
62 89
63 81
64 80
65 81
66 86
67 79
67 81
68 76
68 84
69 77
69 84
70 86
71 87
72 85
72 89
73 86
74 83
74 90
75 80
75 88
76 101
76 102
77 92
78 95
79 101
79 104
79 93
80 95
81 99
82 96
83 98
83 104
84 105
85 95
86 97
86 105
87 100
87 104
87 105
88 105
89 95
90 103
90 91
90 94
91 112
91 118
92 113
93 107
94 114
95 107
96 116
97 111
98 111
99 109
100 113
101 115
102 106
102 108
102 110
103 117
104 109
104 120
105 117
105 119
106 134
107 131
108 132
108 126
109 133
109 125
110 123
111 135
112 126
113 123
114 124
115 122
115 124
115 127
116 129
116 130
117 128
118 121
118 124
119 123
120 123
121 148
121 150
122 140
122 143
123 142
124 143
125 149
126 149
127 139
128 147
129 142
130 141
131 138
131 145
132 136
133 137
133 148
134 149
135 143
135 144
135 146
136 155
137 158
138 163
138 152
139 164
139 156
140 163
141 160
142 153
143 157
144 154
144 159
145 162
146 157
147 161
148 161
148 165
149 153
150 151
150 157
151 178
152 166
152 173
152 179
153 170
153 179
154 172
155 174
156 171
156 179
157 169
158 167
158 179
159 175
159 176
159 178
160 169
161 180
162 177
163 172
164 180
165 168
166 193
166 188
167 186
168 192
169 186
169 190
170 194
170 187
171 184
172 189
173 189
173 191
174 188
175 189
176 195
176 185
177 185
178 182
178 185
179 183
179 189
180 181
180 189
181 206
181 207
182 207
183 207
184 202
185 198
185 201
186 196
187 203
187 205
188 202
189 197
189 199
190 200
190 207
191 208
191 210
192 205
192 209
193 204
194 201
195 204
1 2 3 4 5 6 7 8 9 10 11 12 13 14 15 
16 17 18 19 20 21 22 23 24 25 26 27 28 29 30 
31 32 33 34 35 36 37 38 39 40 41 42 43 44 45 
46 47 48 49 50 51 52 53 54 55 56 57 58 59 60 
61 62 63 64 65 66 67 68 69 70 71 72 73 74 75 
76 77 78 79 80 81 82 83 84 85 86 87 88 89 90 
91 92 93 94 95 96 97 98 99 100 101 102 103 104 105 
106 107 108 109 110 111 112 113 114 115 116 117 118 119 120 
121 122 123 124 125 126 127 128 129 130 131 132 133 134 135 
136 137 138 139 140 141 142 143 144 145 146 147 148 149 150 
151 152 153 154 155 156 157 158 159 160 161 162 163 164 165 
166 167 168 169 170 171 172 173 174 175 176 177 178 179 180 
181 182 183 184 185 186 187 188 189 190 191 192 193 194 195 
196 197 198 199 200 201 202 203 204 205 206 207 208 209 210 
105 119 123 
61 78 95 
37 51 63 81 
38 57 71 87 
144 154 172 
139 164 180 
166 193 204 
135 146 157 
102 106 134 149 
60 66 86 
12 27 40 
83 98 111 
24 33 53 74 
90 103 117 
133 137 158 
116 129 142 
17 32 59 
132 136 155 174 188 
141 160 169 
156 171 184 202 
39 52 65 
148 165 168 192 
179 183 207 
145 162 177 185 
46 64 80 
34 55 67 
94 114 124 
150 151 178 
159 175 189 
77 92 113 
10 20 44 
91 112 126 
170 194 201 
128 147 161 
79 93 107 
36 54 72 
122 140 163 
4 19 42 
