110 140 10 19
1 12
1 19
2 14
2 21
3 12
4 13
4 20
5 22
6 15
7 17
8 16
8 18
9 15
10 16
11 15
12 33
13 25
13 27
14 24
14 31
15 26
15 29
15 30
16 25
17 26
18 23
18 30
19 26
20 28
21 28
22 32
22 30
23 36
24 38
25 35
26 44
27 43
28 39
28 42
28 43
29 34
29 40
30 36
30 41
31 43
32 43
33 37
33 39
34 54
35 55
36 52
37 45
37 50
38 48
39 47
40 51
40 53
41 45
42 49
42 52
43 46
44 51
45 63
46 65
46 66
47 61
48 60
49 61
50 64
50 58
50 59
51 62
52 57
53 62
54 57
55 56
55 61
56 67
56 68
57 74
58 77
59 67
60 76
60 77
61 67
61 73
61 74
62 69
63 72
64 70
65 75
66 71
66 72
67 82
67 87
68 80
69 78
69 88
70 80
71 86
72 83
73 86
74 84
74 87
75 79
75 87
76 81
77 85
78 96
78 89
79 97
80 98
80 94
80 95
81 90
82 99
83 92
84 96
85 90
86 99
86 93
87 90
87 91
88 99
89 106
90 108
90 109
91 110
92 100
93 100
94 101
94 105
95 110
96 103
96 104
96 107
97 100
98 102
98 103
99 106
1 2 3 4 5 6 7 8 9 10 11 
12 13 14 15 16 17 18 19 20 21 22 
23 24 25 26 27 28 29 30 31 32 33 
34 35 36 37 38 39 40 41 42 43 44 
45 46 47 48 49 50 51 52 53 54 55 
56 57 58 59 60 61 62 63 64 65 66 
67 68 69 70 71 72 73 74 75 76 77 
78 79 80 81 82 83 84 85 86 87 88 
89 90 91 92 93 94 95 96 97 98 99 
100 101 102 103 104 105 106 107 108 109 110 
2 21 28 
50 58 77 
1 19 26 
14 24 38 48 60 
67 82 99 
45 63 72 
78 89 106 
64 70 80 
42 49 61 
25 35 55 
86 93 100 
87 91 110 
13 27 43 
40 53 62 
46 65 75 
29 34 54 57 
18 23 36 
76 81 90 
74 84 96 
