240 314 16 42
1 26
1 30
2 18
2 28
2 29
3 25
4 19
4 23
4 24
5 29
6 23
7 24
8 23
9 16
10 24
11 17
12 22
13 21
14 27
15 20
15 29
16 44
17 36
17 39
18 32
19 44
20 41
21 37
21 39
22 42
23 31
24 41
24 43
25 41
26 35
26 45
27 34
27 40
28 32
29 33
30 38
30 41
31 47
32 50
33 53
33 57
34 56
35 55
35 60
36 50
37 58
38 46
38 47
39 49
39 58
40 47
40 52
40 54
41 48
42 51
43 48
44 56
45 59
46 62
46 63
47 64
47 66
48 75
49 65
49 73
50 65
51 68
52 69
53 73
54 61
55 75
55 62
56 75
57 70
58 67
59 74
59 75
60 71
60 72
61 89
62 80
63 76
63 86
64 79
65 78
65 81
65 83
66 84
67 77
67 88
68 82
68 85
69 87
70 82
71 81
72 90
73 79
74 90
75 90
76 99
76 94
77 97
77 102
78 104
78 91
79 93
80 96
81 96
82 99
83 105
84 92
85 91
86 101
86 95
87 95
88 103
89 93
90 98
90 100
91 115
92 114
93 116
94 114
95 106
95 118
96 115
97 113
98 110
99 119
100 119
101 111
101 120
102 107
103 114
103 117
104 109
105 108
105 112
106 135
107 130
107 134
108 131
109 123
110 135
110 124
111 128
111 129
111 132
112 122
112 125
113 129
114 133
115 125
116 127
117 123
118 123
118 126
119 121
120 131
121 139
121 140
122 140
123 141
123 143
124 148
124 149
124 150
125 140
126 145
127 150
128 137
129 142
130 146
130 147
131 138
132 145
133 136
134 145
135 137
135 144
136 153
137 158
138 161
139 154
140 161
141 162
141 155
142 157
143 160
144 163
145 164
145 151
146 153
147 152
148 165
148 157
148 159
149 164
150 156
151 169
152 176
152 178
152 180
153 177
154 171
154 175
155 166
156 180
157 172
158 169
159 167
159 172
160 173
161 166
161 174
162 168
162 179
163 171
164 176
165 170
166 194
167 184
167 185
167 191
168 195
169 183
169 189
170 182
171 192
171 187
172 191
173 185
174 193
175 185
176 190
176 191
177 188
178 181
178 186
179 188
180 185
181 196
181 201
182 202
182 206
183 205
184 204
185 199
185 209
186 203
186 208
187 197
188 202
188 210
189 198
190 198
191 205
192 198
192 207
193 205
194 200
194 208
195 196
196 219
197 216
198 225
198 211
198 215
199 220
200 220
201 218
202 224
202 212
202 220
202 222
203 225
204 222
205 219
205 221
206 215
206 223
207 213
207 221
208 214
208 218
209 224
210 217
211 227
212 233
212 238
213 235
214 229
214 234
215 240
216 235
217 240
218 228
219 230
219 239
220 232
221 240
222 231
222 234
222 237
223 235
224 226
224 227
224 236
225 230
1 2 3 4 5 6 7 8 9 10 11 12 13 14 15 
16 17 18 19 20 21 22 23 24 25 26 27 28 29 30 
31 32 33 34 35 36 37 38 39 40 41 42 43 44 45 
46 47 48 49 50 51 52 53 54 55 56 57 58 59 60 
61 62 63 64 65 66 67 68 69 70 71 72 73 74 75 
76 77 78 79 80 81 82 83 84 85 86 87 88 89 90 
91 92 93 94 95 96 97 98 99 100 101 102 103 104 105 
106 107 108 109 110 111 112 113 114 115 116 117 118 119 120 
121 122 123 124 125 126 127 128 129 130 131 132 133 134 135 
136 137 138 139 140 141 142 143 144 145 146 147 148 149 150 
151 152 153 154 155 156 157 158 159 160 161 162 163 164 165 
166 167 168 169 170 171 172 173 174 175 176 177 178 179 180 
181 182 183 184 185 186 187 188 189 190 191 192 193 194 195 
196 197 198 199 200 201 202 203 204 205 206 207 208 209 210 
211 212 213 214 215 216 217 218 219 220 221 222 223 224 225 
226 227 228 229 230 231 232 233 234 235 236 237 238 239 240 
145 151 169 
104 109 123 
62 80 96 
93 116 127 150 
105 108 131 
24 43 48 
165 170 182 
68 85 91 
21 37 58 
97 113 129 
176 190 198 
135 144 163 171 
76 94 114 
130 147 152 
187 197 216 235 
47 64 79 
168 195 196 
194 200 220 
33 57 70 82 
186 203 225 
153 177 188 
40 52 69 87 95 
90 98 110 
2 28 32 
181 201 218 
9 16 44 
67 88 103 
174 193 205 
124 149 164 
111 128 137 
3 25 41 
60 71 81 
121 139 154 
185 209 224 
167 184 204 222 
27 34 56 
26 45 59 
141 155 166 
210 217 240 
112 122 140 
17 36 50 
77 102 107 
