190 251 10 31
1 25
1 36
2 28
3 22
3 29
3 31
4 32
5 32
6 24
7 30
7 37
8 20
9 27
10 24
11 27
12 23
13 36
14 20
14 37
15 38
16 34
17 26
17 33
18 26
18 35
19 20
19 21
19 32
20 47
21 42
22 43
23 49
23 55
24 42
25 57
26 46
26 53
27 41
27 51
28 50
28 54
29 39
29 45
30 40
30 48
31 49
31 52
32 42
32 57
33 47
34 56
35 44
35 51
36 51
37 39
38 47
39 64
40 75
41 58
41 61
41 68
42 58
42 70
42 76
43 59
43 75
44 62
44 73
45 64
45 74
46 65
47 58
47 60
47 66
48 63
48 71
49 76
50 66
51 63
52 65
52 69
53 61
54 61
54 75
55 64
56 61
56 69
57 64
57 67
57 72
58 89
59 81
60 83
60 87
61 93
62 87
63 81
63 94
64 78
64 80
65 88
66 88
67 78
68 90
69 86
69 91
69 92
69 95
70 84
71 78
71 85
72 78
73 82
74 77
75 79
75 81
76 78
77 102
77 103
78 107
79 105
80 106
80 112
81 107
82 107
83 110
84 108
85 112
86 110
87 101
87 105
87 111
88 109
89 100
89 113
90 98
91 97
91 114
92 104
93 96
94 103
95 99
96 115
97 130
98 128
98 127
99 127
100 129
100 121
101 125
102 133
102 119
102 123
103 115
104 130
104 126
105 117
105 118
106 132
107 115
108 120
109 131
109 122
110 129
111 119
112 130
112 124
113 116
114 129
115 148
116 152
117 147
118 142
119 151
120 147
121 135
121 150
122 137
122 143
123 140
123 150
124 136
124 144
125 152
126 139
127 134
127 149
128 141
128 145
128 150
129 136
130 150
131 143
131 146
132 147
133 138
134 153
135 160
136 161
136 167
137 157
137 163
138 166
139 170
140 156
140 158
141 157
142 162
143 161
144 171
145 164
146 158
147 154
147 159
147 169
147 171
148 165
149 164
150 160
151 168
151 171
152 155
152 165
153 173
154 180
155 186
156 180
157 182
158 182
159 188
160 177
160 181
161 176
161 180
162 175
162 183
163 183
164 174
164 178
164 189
165 186
166 177
166 190
167 186
168 184
168 185
169 182
169 187
170 188
171 172
171 179
1 2 3 4 5 6 7 8 9 10 11 12 13 14 15 16 17 18 19 
20 21 22 23 24 25 26 27 28 29 30 31 32 33 34 35 36 37 38 
39 40 41 42 43 44 45 46 47 48 49 50 51 52 53 54 55 56 57 
58 59 60 61 62 63 64 65 66 67 68 69 70 71 72 73 74 75 76 
77 78 79 80 81 82 83 84 85 86 87 88 89 90 91 92 93 94 95 
96 97 98 99 100 101 102 103 104 105 106 107 108 109 110 111 112 113 114 
115 116 117 118 119 120 121 122 123 124 125 126 127 128 129 130 131 132 133 
134 135 136 137 138 139 140 141 142 143 144 145 146 147 148 149 150 151 152 
153 154 155 156 157 158 159 160 161 162 163 164 165 166 167 168 169 170 171 
172 173 174 175 176 177 178 179 180 181 182 183 184 185 186 187 188 189 190 
26 53 61 
57 67 78 
147 154 180 
28 50 66 
68 90 98 
23 55 64 
127 134 153 173 
139 170 188 
131 146 158 
44 62 87 
93 96 115 
19 21 42 
136 167 186 
73 82 107 
3 22 43 
137 163 183 
128 141 157 
63 94 103 
60 83 110 
101 125 152 
45 74 77 
121 135 160 
105 118 142 162 
15 38 47 
124 144 171 
133 138 166 
30 40 75 
91 97 130 
71 85 112 
16 34 56 
69 92 104 
