210 275 10 38
1 23
2 35
3 30
4 28
4 33
5 38
6 23
7 34
7 39
8 29
8 36
9 31
10 27
11 34
12 35
13 26
13 37
14 42
15 40
16 41
17 22
17 42
18 38
19 31
19 32
20 24
21 25
22 56
22 58
23 58
24 45
24 59
25 57
26 60
27 50
28 61
29 53
30 55
31 47
31 53
32 43
33 48
33 57
34 44
35 46
35 55
36 49
36 60
37 51
38 44
38 62
39 43
40 52
40 54
41 61
42 63
43 73
44 64
44 80
45 73
46 69
46 78
47 73
47 78
47 81
48 74
48 76
49 73
50 65
50 78
51 66
51 70
52 84
53 82
54 67
55 72
56 83
57 70
58 71
59 68
59 77
60 79
60 83
61 70
62 75
63 64
64 94
64 95
65 100
66 87
67 93
68 105
69 105
70 104
71 105
72 105
73 89
73 96
74 92
74 99
75 86
75 102
76 93
76 97
77 98
77 99
78 88
78 93
79 90
79 103
80 85
81 91
82 85
83 85
83 87
83 101
84 87
85 108
86 106
87 116
88 109
89 106
89 109
89 110
89 115
90 108
91 114
91 120
92 118
93 109
93 126
94 117
94 120
95 113
95 126
96 116
96 119
97 112
97 123
98 124
99 114
100 115
100 122
101 126
102 108
102 121
103 111
103 126
104 115
105 107
105 125
106 128
107 142
107 145
108 132
108 145
109 136
109 141
110 143
111 144
112 139
112 144
113 143
114 129
114 133
114 140
115 136
116 138
117 146
117 127
118 134
118 137
119 146
120 146
121 147
122 138
123 135
123 143
124 131
124 136
125 128
126 130
126 144
127 150
128 166
129 151
129 155
129 160
130 160
131 161
132 148
132 162
132 165
132 166
133 153
133 164
134 167
135 156
135 163
136 160
137 158
138 164
139 165
140 152
140 154
140 158
141 151
142 168
143 149
144 159
145 152
146 168
147 157
147 160
148 188
149 170
149 186
150 176
151 177
152 187
153 177
154 175
155 172
156 181
157 173
158 171
158 172
158 179
159 188
160 178
161 176
162 183
163 169
163 185
164 178
164 182
165 178
166 174
166 175
166 184
167 180
167 189
168 171
169 199
170 192
171 205
172 208
173 208
174 196
174 206
175 198
175 199
176 201
177 194
178 192
179 207
180 191
180 197
180 204
181 193
181 208
182 191
183 207
184 200
184 210
185 192
185 195
185 209
186 202
186 203
186 208
187 208
188 194
189 190
189 203
1 2 3 4 5 6 7 8 9 10 11 12 13 14 15 16 17 18 19 20 21 
22 23 24 25 26 27 28 29 30 31 32 33 34 35 36 37 38 39 40 41 42 
43 44 45 46 47 48 49 50 51 52 53 54 55 56 57 58 59 60 61 62 63 
64 65 66 67 68 69 70 71 72 73 74 75 76 77 78 79 80 81 82 83 84 
85 86 87 88 89 90 91 92 93 94 95 96 97 98 99 100 101 102 103 104 105 
106 107 108 109 110 111 112 113 114 115 116 117 118 119 120 121 122 123 124 125 126 
127 128 129 130 131 132 133 134 135 136 137 138 139 140 141 142 143 144 145 146 147 
148 149 150 151 152 153 154 155 156 157 158 159 160 161 162 163 164 165 166 167 168 
169 170 171 172 173 174 175 176 177 178 179 180 181 182 183 184 185 186 187 188 189 
190 191 192 193 194 195 196 197 198 199 200 201 202 203 204 205 206 207 208 209 210 
42 63 64 
117 127 150 176 
4 28 61 
105 125 128 
126 130 160 
38 62 75 
52 84 87 
140 154 175 
74 92 118 
95 113 143 
54 67 93 
47 81 91 
162 183 207 
19 32 43 
8 29 53 
96 119 146 
78 88 109 
133 153 177 
22 56 83 
107 142 168 
44 80 85 
164 182 191 
77 98 124 
13 37 51 
132 148 188 
36 49 73 
147 157 173 208 
3 30 55 
21 25 57 
129 155 172 
50 65 100 
103 111 144 
112 139 165 
70 104 115 
163 169 199 
135 156 181 
79 90 108 
149 170 192 
