221 283 17 40
1 21
2 15
3 16
4 20
4 22
5 17
5 25
6 14
7 24
8 15
8 23
9 26
10 19
10 20
10 24
11 26
12 14
13 15
13 18
14 35
14 27
14 29
15 38
16 29
17 30
18 29
19 33
20 30
21 39
21 28
21 31
22 33
23 29
24 36
24 29
25 32
25 37
26 34
27 41
27 45
28 43
29 52
30 49
31 45
32 47
33 40
33 42
33 50
34 50
35 43
35 46
35 51
36 44
36 48
37 47
38 46
39 40
40 60
41 61
42 60
43 64
44 55
44 57
45 64
45 53
46 59
47 60
47 62
48 54
48 58
49 56
50 60
51 65
51 56
52 56
52 63
53 69
54 66
54 67
55 77
56 77
57 78
58 68
58 73
59 69
60 71
61 72
62 76
63 74
63 76
64 70
64 72
65 75
65 77
66 81
66 82
67 80
67 83
68 90
69 84
70 86
71 88
72 84
73 89
74 85
74 87
74 91
75 87
76 79
77 86
78 84
79 103
80 97
81 104
82 100
83 92
84 96
84 101
85 93
86 98
86 102
87 104
88 94
89 104
90 100
91 99
91 95
92 109
93 110
94 106
94 114
95 111
96 107
96 113
97 108
98 107
99 112
100 112
101 107
101 116
102 115
103 105
103 115
103 117
104 112
105 119
105 120
106 123
107 130
108 127
109 126
110 124
111 128
111 121
112 118
112 122
113 128
114 130
115 127
116 119
117 129
117 125
118 138
119 134
119 136
120 143
121 131
121 137
122 142
123 135
123 140
124 137
125 136
125 141
126 139
127 132
128 133
129 137
130 138
131 151
132 145
133 149
133 152
134 153
135 154
135 155
136 156
137 152
138 150
139 144
139 148
139 156
140 147
141 146
142 152
143 153
144 163
145 159
146 162
146 157
147 164
147 159
148 158
149 161
150 167
151 160
152 168
153 163
154 166
154 169
155 160
156 165
157 173
158 175
159 178
160 181
161 171
161 177
162 172
163 180
164 174
164 181
165 180
166 170
166 176
166 179
167 172
168 182
169 171
170 183
171 192
171 193
172 195
173 191
174 188
175 193
176 187
176 190
177 185
178 191
179 184
179 186
180 193
181 189
182 194
182 188
183 196
184 202
185 199
185 207
186 197
186 198
187 200
187 206
188 204
189 200
189 201
190 200
191 196
192 200
193 205
193 208
194 203
195 200
196 211
197 214
197 215
198 216
199 217
199 220
200 216
201 218
202 215
203 209
203 218
204 211
205 212
205 213
205 221
206 210
206 219
207 213
208 218
1 2 3 4 5 6 7 8 9 10 11 12 13 
14 15 16 17 18 19 20 21 22 23 24 25 26 
27 28 29 30 31 32 33 34 35 36 37 38 39 
40 41 42 43 44 45 46 47 48 49 50 51 52 
53 54 55 56 57 58 59 60 61 62 63 64 65 
66 67 68 69 70 71 72 73 74 75 76 77 78 
79 80 81 82 83 84 85 86 87 88 89 90 91 
92 93 94 95 96 97 98 99 100 101 102 103 104 
105 106 107 108 109 110 111 112 113 114 115 116 117 
118 119 120 121 122 123 124 125 126 127 128 129 130 
131 132 133 134 135 136 137 138 139 140 141 142 143 
144 145 146 147 148 149 150 151 152 153 154 155 156 
157 158 159 160 161 162 163 164 165 166 167 168 169 
170 171 172 173 174 175 176 177 178 179 180 181 182 
183 184 185 186 187 188 189 190 191 192 193 194 195 
196 197 198 199 200 201 202 203 204 205 206 207 208 
209 210 211 212 213 214 215 216 217 218 219 220 221 
172 195 200 
185 207 213 
156 165 180 
60 71 88 94 
127 132 145 159 
66 82 100 
45 53 69 
135 155 160 
120 143 153 
44 57 78 84 
4 22 33 
133 149 161 
186 198 216 
3 16 29 
85 93 110 124 137 
152 168 182 
67 83 92 109 126 139 
184 202 215 
164 174 188 
30 49 56 
25 37 47 
26 34 50 
154 169 171 
189 201 218 
170 183 196 
64 70 86 
101 116 119 
58 73 89 104 
21 28 43 
125 141 146 
41 61 72 
148 158 175 193 
91 95 111 
123 140 147 
65 75 87 
157 173 191 
96 113 128 
112 118 138 
15 38 46 
76 79 103 
