187 249 17 34
1 17
2 13
3 15
4 22
5 16
6 16
7 14
7 18
7 19
8 16
9 21
10 22
11 12
11 17
11 20
12 23
13 26
13 27
14 25
15 28
16 24
17 30
18 23
18 29
19 33
20 31
21 32
21 30
22 24
23 40
24 42
25 35
25 39
26 37
26 42
27 39
28 40
29 36
29 43
29 44
30 44
31 41
32 34
32 44
33 38
34 52
35 53
36 46
36 48
37 47
38 45
38 47
38 50
38 51
38 53
39 53
40 48
41 49
41 54
41 55
42 45
43 55
44 53
45 57
46 59
47 58
48 66
49 62
50 61
50 63
51 59
52 62
53 57
54 64
54 56
54 60
55 65
55 56
56 71
57 68
57 70
57 73
58 72
59 70
60 76
61 69
61 75
62 72
63 71
64 67
64 74
65 77
66 72
67 84
67 86
68 78
69 79
70 83
71 80
71 82
71 88
72 86
73 87
74 79
75 85
76 80
77 78
77 81
78 91
78 95
79 92
80 95
81 96
81 97
81 93
82 96
82 94
83 95
84 90
85 90
86 99
87 98
87 89
87 90
88 92
89 104
89 105
90 100
90 107
91 102
91 103
92 106
93 105
93 106
93 108
93 109
94 108
95 101
96 110
97 105
98 105
99 102
100 119
101 119
102 121
103 115
103 116
104 119
105 112
105 117
106 113
106 114
106 118
107 120
108 112
109 113
110 111
111 125
112 127
113 127
114 122
114 124
115 132
116 129
116 125
117 123
117 126
118 128
118 130
118 131
119 122
120 131
121 123
122 133
122 134
123 138
124 143
125 135
125 137
126 140
127 138
128 137
128 139
128 141
129 136
129 142
130 138
131 141
132 138
133 144
133 152
133 154
134 154
135 153
136 146
136 149
137 151
137 153
138 144
139 145
139 146
140 144
141 144
142 147
142 148
143 148
143 150
144 160
145 162
146 157
147 165
148 164
148 158
149 163
150 159
151 156
152 155
153 155
154 161
155 167
155 173
156 170
156 175
157 174
158 174
158 176
159 172
160 166
160 169
161 172
162 168
163 170
164 166
165 170
165 171
166 183
167 180
167 182
168 181
169 179
170 178
170 184
171 185
172 177
173 180
174 181
174 186
175 184
176 187
1 2 3 4 5 6 7 8 9 10 11 
12 13 14 15 16 17 18 19 20 21 22 
23 24 25 26 27 28 29 30 31 32 33 
34 35 36 37 38 39 40 41 42 43 44 
45 46 47 48 49 50 51 52 53 54 55 
56 57 58 59 60 61 62 63 64 65 66 
67 68 69 70 71 72 73 74 75 76 77 
78 79 80 81 82 83 84 85 86 87 88 
89 90 91 92 93 94 95 96 97 98 99 
100 101 102 103 104 105 106 107 108 109 110 
111 112 113 114 115 116 117 118 119 120 121 
122 123 124 125 126 127 128 129 130 131 132 
133 134 135 136 137 138 139 140 141 142 143 
144 145 146 147 148 149 150 151 152 153 154 
155 156 157 158 159 160 161 162 163 164 165 
166 167 168 169 170 171 172 173 174 175 176 
177 178 179 180 181 182 183 184 185 186 187 
50 63 71 
115 132 138 
145 162 168 181 
60 76 80 
122 134 154 
90 107 120 131 
34 52 62 
149 163 170 
137 151 156 
15 28 40 
55 65 77 
57 73 87 
25 35 53 
133 152 155 
36 46 59 
93 109 113 
95 101 119 
160 169 179 
142 147 165 
117 126 140 144 
102 121 123 
148 164 166 
143 150 159 172 
82 94 108 
11 20 31 41 
125 135 153 
146 157 174 
64 74 79 
7 19 33 38 
158 176 187 
13 27 39 
26 37 47 
81 97 105 
48 66 72 
