216 279 18 40
1 23
2 14
3 22
4 18
5 21
6 20
7 14
8 15
8 24
9 19
10 15
10 16
10 17
11 13
12 18
13 34
13 28
14 29
15 34
15 27
16 36
16 26
17 35
17 30
18 29
19 33
19 34
20 31
21 29
22 32
22 36
23 34
24 34
24 25
25 39
25 41
25 44
26 42
26 45
27 46
28 46
29 38
30 41
30 43
31 41
32 42
33 47
33 48
34 37
34 40
35 46
36 39
37 53
38 49
38 52
39 51
39 55
40 52
41 55
42 50
42 60
43 56
43 58
44 54
45 59
46 50
46 57
47 50
48 53
49 68
49 70
49 62
50 71
51 63
52 66
53 64
53 63
54 69
55 70
56 66
57 65
57 67
57 72
58 66
59 61
60 65
61 74
61 78
62 77
62 82
63 81
64 84
65 83
66 82
67 80
68 79
68 81
69 75
70 73
71 76
72 83
73 87
74 90
74 94
75 88
76 96
76 88
77 85
77 89
78 91
79 91
80 86
81 87
82 90
83 92
83 95
84 93
85 99
85 103
86 100
87 104
88 105
89 101
90 106
90 107
91 104
92 98
92 108
93 97
94 97
95 106
96 102
97 110
98 112
99 109
100 109
101 116
102 111
102 119
103 114
104 117
105 118
106 114
106 120
107 113
108 115
109 127
110 126
111 124
111 127
112 132
112 122
112 125
113 122
114 129
114 131
115 128
116 125
117 126
118 130
119 127
120 121
120 123
121 137
121 139
121 144
122 144
123 135
123 136
124 133
125 140
126 141
127 134
127 142
128 133
128 138
129 140
130 143
131 133
132 144
133 150
134 149
135 148
135 155
136 150
137 145
137 153
138 150
139 149
140 155
141 152
142 147
142 151
142 156
143 146
143 151
144 154
145 161
145 162
146 161
146 157
147 167
148 165
149 159
150 167
151 167
152 164
153 160
153 168
154 163
154 166
155 166
156 166
156 158
157 170
158 169
158 177
159 176
160 178
160 179
160 180
161 170
162 179
163 170
164 178
165 175
165 176
166 172
166 173
167 170
168 171
168 174
169 185
170 189
171 185
172 182
173 186
174 183
174 188
175 187
176 189
177 191
178 184
178 190
179 191
180 192
180 181
181 196
182 203
183 200
184 201
185 202
186 204
187 195
187 201
188 204
189 197
190 193
190 198
191 199
191 203
191 204
192 194
192 203
193 212
193 216
194 209
195 214
196 205
197 208
198 206
199 213
200 207
201 209
201 210
202 215
203 209
204 208
204 211
1 2 3 4 5 6 7 8 9 10 11 12 
13 14 15 16 17 18 19 20 21 22 23 24 
25 26 27 28 29 30 31 32 33 34 35 36 
37 38 39 40 41 42 43 44 45 46 47 48 
49 50 51 52 53 54 55 56 57 58 59 60 
61 62 63 64 65 66 67 68 69 70 71 72 
73 74 75 76 77 78 79 80 81 82 83 84 
85 86 87 88 89 90 91 92 93 94 95 96 
97 98 99 100 101 102 103 104 105 106 107 108 
109 110 111 112 113 114 115 116 117 118 119 120 
121 122 123 124 125 126 127 128 129 130 131 132 
133 134 135 136 137 138 139 140 141 142 143 144 
145 146 147 148 149 150 151 152 153 154 155 156 
157 158 159 160 161 162 163 164 165 166 167 168 
169 170 171 172 173 174 175 176 177 178 179 180 
181 182 183 184 185 186 187 188 189 190 191 192 
193 194 195 196 197 198 199 200 201 202 203 204 
205 206 207 208 209 210 211 212 213 214 215 216 
158 177 191 
105 118 130 143 
142 147 167 
92 98 112 
174 183 200 207 
53 64 84 93 97 
126 141 152 164 178 
15 27 46 
166 173 186 204 
89 101 116 125 
57 67 80 86 100 109 
43 58 66 
70 73 87 
83 95 106 
181 196 205 
123 136 150 
1 23 34 
149 159 176 
68 79 91 
146 157 170 
6 20 31 41 
172 182 203 
50 71 76 
187 195 214 
42 60 65 
90 107 113 122 
44 54 69 75 88 
111 124 133 
192 194 209 
145 162 179 
190 198 206 
185 202 215 
102 119 127 
26 45 59 61 
5 21 29 
39 51 63 
108 115 128 
85 103 114 
135 148 165 
189 197 208 
