221 293 17 42
1 24
2 22
2 24
2 25
3 17
4 18
4 19
5 19
5 26
6 17
7 24
8 20
9 21
9 22
9 23
10 16
11 15
11 22
12 14
12 24
13 17
14 39
14 28
14 30
15 33
15 37
16 37
17 34
17 38
18 28
19 36
20 35
21 34
22 29
23 29
24 35
24 31
25 28
26 32
26 27
27 46
28 40
28 43
29 45
30 44
31 42
32 45
33 48
34 40
35 41
35 45
35 51
36 49
36 50
37 45
37 47
38 52
39 40
40 60
41 57
42 60
43 62
43 63
44 64
45 53
45 59
46 64
47 65
48 64
48 61
49 58
50 54
51 56
52 55
53 77
54 69
54 78
55 73
56 75
57 75
58 72
58 74
58 76
59 70
60 67
61 70
62 68
62 73
63 67
63 71
64 73
65 66
65 77
66 81
67 82
67 87
67 88
68 79
68 89
69 87
70 86
70 91
71 84
72 80
73 80
73 87
73 90
74 86
75 79
76 81
77 85
77 88
78 83
79 97
79 95
80 99
80 101
81 98
82 97
82 94
83 100
83 92
84 103
85 96
85 104
85 93
86 102
87 100
88 103
89 102
90 103
91 97
92 111
93 117
94 105
95 105
96 105
97 112
97 113
97 115
98 105
99 114
100 115
101 107
101 110
102 117
103 109
103 116
104 106
104 108
104 112
105 120
106 129
106 118
107 126
108 119
108 127
109 128
109 130
110 124
111 119
112 125
113 125
114 122
114 123
115 124
116 121
116 124
117 130
118 136
118 141
119 142
120 136
121 136
122 137
122 140
123 138
123 143
124 133
125 132
126 134
127 133
128 131
129 135
130 136
130 139
131 144
131 151
131 156
132 145
132 152
133 152
134 149
135 146
135 150
136 144
137 155
138 154
139 147
140 149
140 153
141 146
142 148
143 155
144 162
145 165
146 165
147 167
148 160
148 162
148 157
149 163
149 166
150 168
151 158
152 161
152 159
153 169
153 158
154 166
155 168
156 164
156 157
157 178
158 179
159 177
160 170
160 180
161 174
161 177
161 179
162 170
163 177
164 171
165 182
166 172
166 176
167 170
167 181
168 175
169 173
170 187
171 191
172 185
173 190
174 185
175 194
176 194
176 184
176 186
177 192
178 193
178 194
179 187
180 195
180 183
180 189
181 188
182 192
183 198
183 201
184 201
185 204
186 200
186 206
187 199
188 204
189 196
190 202
190 203
191 197
191 199
192 208
193 207
194 202
195 205
196 220
197 211
197 217
197 218
198 214
199 221
200 215
201 216
202 220
203 219
204 213
205 209
205 210
206 220
207 212
207 213
208 218
1 2 3 4 5 6 7 8 9 10 11 12 13 
14 15 16 17 18 19 20 21 22 23 24 25 26 
27 28 29 30 31 32 33 34 35 36 37 38 39 
40 41 42 43 44 45 46 47 48 49 50 51 52 
53 54 55 56 57 58 59 60 61 62 63 64 65 
66 67 68 69 70 71 72 73 74 75 76 77 78 
79 80 81 82 83 84 85 86 87 88 89 90 91 
92 93 94 95 96 97 98 99 100 101 102 103 104 
105 106 107 108 109 110 111 112 113 114 115 116 117 
118 119 120 121 122 123 124 125 126 127 128 129 130 
131 132 133 134 135 136 137 138 139 140 141 142 143 
144 145 146 147 148 149 150 151 152 153 154 155 156 
157 158 159 160 161 162 163 164 165 166 167 168 169 
170 171 172 173 174 175 176 177 178 179 180 181 182 
183 184 185 186 187 188 189 190 191 192 193 194 195 
196 197 198 199 200 201 202 203 204 205 206 207 208 
209 210 211 212 213 214 215 216 217 218 219 220 221 
169 173 190 
31 42 60 
83 92 111 119 
82 94 105 
168 175 194 
48 61 70 
41 57 75 
108 127 133 
118 141 146 
63 71 84 103 
176 184 201 
166 172 185 
58 74 86 
164 171 191 
36 50 54 
180 195 205 
26 27 46 64 
106 129 135 
9 21 34 
123 143 155 
181 188 204 
14 39 40 
52 55 73 
131 151 158 
85 93 117 
97 113 125 
178 193 207 
4 18 28 
68 89 102 
149 163 177 
139 147 167 
186 206 220 
8 20 35 
10 16 37 
45 53 77 
101 110 124 
65 66 81 
132 145 165 
80 99 114 
116 121 136 
192 208 218 
183 198 214 
