144 182 12 26
1 18
1 23
2 19
3 21
3 22
4 19
5 17
5 24
6 14
7 24
8 20
9 19
10 16
11 13
12 15
13 25
13 27
14 25
14 26
15 32
16 35
16 28
17 29
18 33
18 25
18 29
19 29
20 31
21 32
22 32
22 34
23 30
24 36
25 46
26 46
27 46
28 45
29 42
29 43
30 40
30 41
31 42
31 48
32 47
33 37
34 44
35 46
36 38
36 39
36 46
37 55
38 59
39 58
40 53
40 56
41 57
42 52
43 54
43 55
44 56
45 51
46 51
47 50
47 57
47 60
48 49
49 69
49 63
50 71
51 65
51 70
52 67
53 64
53 72
54 65
55 71
56 68
57 68
57 62
58 67
59 71
59 61
60 66
61 81
62 74
63 83
63 84
64 78
65 74
66 83
67 73
68 76
68 80
68 81
69 74
69 79
70 74
71 75
71 77
72 82
73 89
74 93
75 88
75 90
76 85
77 94
78 86
78 91
79 92
80 93
81 85
82 86
82 87
83 96
83 86
84 95
85 98
85 101
86 102
87 97
88 108
89 104
90 103
90 105
91 100
91 106
92 102
93 99
93 106
94 108
95 108
96 97
96 107
96 108
97 112
97 119
98 113
99 111
100 110
101 120
102 116
103 113
104 109
104 118
105 114
105 115
105 118
106 111
107 114
108 117
109 125
110 121
110 125
111 132
112 131
113 130
113 124
113 127
114 126
115 123
116 124
117 130
118 123
119 128
119 122
120 129
121 135
122 137
123 137
124 134
125 143
125 144
126 133
127 140
127 142
128 142
129 139
130 136
130 142
131 138
132 134
132 141
1 2 3 4 5 6 7 8 9 10 11 12 
13 14 15 16 17 18 19 20 21 22 23 24 
25 26 27 28 29 30 31 32 33 34 35 36 
37 38 39 40 41 42 43 44 45 46 47 48 
49 50 51 52 53 54 55 56 57 58 59 60 
61 62 63 64 65 66 67 68 69 70 71 72 
73 74 75 76 77 78 79 80 81 82 83 84 
85 86 87 88 89 90 91 92 93 94 95 96 
97 98 99 100 101 102 103 104 105 106 107 108 
109 110 111 112 113 114 115 116 117 118 119 120 
121 122 123 124 125 126 127 128 129 130 131 132 
133 134 135 136 137 138 139 140 141 142 143 144 
82 87 97 
101 120 129 139 
43 54 65 
102 116 124 
36 39 58 67 
77 94 108 
105 115 123 
93 99 111 
91 100 110 
16 35 46 
31 48 49 
119 122 137 
3 21 32 
114 126 133 
51 70 74 
18 33 37 55 
59 61 81 
85 98 113 
112 131 138 
22 34 44 56 
53 64 78 
47 50 71 
1 23 30 
104 109 125 
5 17 29 
60 66 83 
