132 167 12 22
1 17
2 12
3 14
3 19
4 18
4 21
5 16
6 12
7 13
7 20
8 15
8 22
9 16
10 22
11 14
12 26
13 29
14 27
15 31
16 33
17 23
17 27
17 28
18 24
18 25
19 32
19 33
19 30
20 33
21 26
22 24
23 36
24 43
25 34
25 38
25 39
26 36
27 42
27 44
28 37
29 35
30 40
31 43
32 35
32 41
33 44
34 49
34 53
35 50
35 51
36 48
37 47
37 54
38 48
39 45
40 52
41 45
41 46
42 55
43 45
44 54
45 65
45 58
46 64
46 66
47 56
48 57
49 56
50 66
51 59
52 60
53 58
53 62
54 66
55 61
55 63
56 69
56 70
56 76
57 67
57 74
58 76
59 75
60 68
61 72
61 74
61 77
62 68
63 71
64 76
65 70
66 68
66 73
67 86
68 81
69 84
69 85
70 83
70 88
71 80
72 86
73 82
74 87
75 78
76 86
77 78
77 79
78 91
79 98
79 99
80 97
81 90
82 89
83 89
84 92
84 95
85 91
86 89
87 96
87 94
88 93
89 105
89 106
89 110
90 107
90 109
91 100
91 105
92 104
92 108
93 105
94 101
95 102
95 107
96 107
97 105
98 106
99 103
100 121
101 113
102 114
103 115
104 111
104 118
105 113
106 118
107 117
108 112
108 116
109 121
110 119
110 120
111 123
112 125
113 131
113 126
114 132
115 124
116 127
117 122
118 123
119 129
119 130
120 132
121 128
121 122
121 127
1 2 3 4 5 6 7 8 9 10 11 
12 13 14 15 16 17 18 19 20 21 22 
23 24 25 26 27 28 29 30 31 32 33 
34 35 36 37 38 39 40 41 42 43 44 
45 46 47 48 49 50 51 52 53 54 55 
56 57 58 59 60 61 62 63 64 65 66 
67 68 69 70 71 72 73 74 75 76 77 
78 79 80 81 82 83 84 85 86 87 88 
89 90 91 92 93 94 95 96 97 98 99 
100 101 102 103 104 105 106 107 108 109 110 
111 112 113 114 115 116 117 118 119 120 121 
122 123 124 125 126 127 128 129 130 131 132 
70 88 93 105 
73 82 89 
53 62 68 
17 23 36 
7 13 29 35 
61 72 86 
46 64 76 
51 59 75 78 
108 116 127 
8 15 31 43 
94 101 113 
102 114 132 
79 98 106 
27 42 55 
25 39 45 
103 115 124 
90 109 121 
34 49 56 
107 117 122 
4 21 26 
104 111 123 
69 85 91 
