176 229 16 30
1 15
2 21
3 20
4 16
4 20
5 12
5 15
6 14
7 13
8 17
9 18
9 19
9 22
10 13
11 13
12 33
12 29
13 28
13 31
14 24
15 24
16 27
17 25
17 29
18 28
19 32
19 29
20 23
20 26
21 26
22 26
22 30
23 41
23 42
24 37
25 36
25 40
25 44
26 43
27 34
27 38
28 35
29 39
29 43
30 34
31 43
32 37
33 37
34 55
35 45
35 46
35 53
36 51
37 49
37 51
38 50
39 48
40 47
40 52
41 51
42 48
42 54
43 48
44 55
45 61
45 62
46 57
47 58
47 59
48 61
49 60
50 66
51 65
52 57
53 64
53 56
54 66
55 56
55 63
56 70
56 72
57 76
58 70
59 71
60 77
61 68
61 73
61 75
61 77
62 67
62 74
63 73
64 70
65 71
66 69
67 79
68 84
69 81
69 82
70 80
70 88
71 87
72 83
72 88
73 79
74 86
75 78
76 87
77 85
78 96
78 99
79 94
80 93
81 98
82 97
83 95
84 98
85 89
85 95
86 91
86 93
87 90
87 95
88 98
88 92
89 106
90 102
91 100
92 106
93 109
93 110
94 105
94 110
95 104
96 104
97 101
98 103
98 108
99 102
99 107
100 119
100 121
101 117
102 114
103 117
104 120
105 113
106 115
107 116
107 118
108 117
109 113
110 111
110 112
111 129
111 130
112 128
112 131
113 131
113 132
114 130
115 126
116 124
117 122
117 123
118 127
119 131
120 125
120 126
121 123
122 133
122 139
123 137
124 142
125 138
126 135
127 140
127 143
128 133
128 134
129 133
129 141
129 143
130 135
130 136
131 137
132 137
133 153
134 154
135 148
136 150
137 145
138 151
138 152
139 154
140 149
141 144
141 146
142 147
143 153
144 163
145 165
145 156
146 161
147 157
148 160
149 160
150 164
150 155
151 165
152 159
153 162
154 158
155 176
156 172
157 171
158 175
159 167
159 168
159 170
160 166
161 168
162 169
162 172
162 174
163 173
163 176
164 166
165 166
1 2 3 4 5 6 7 8 9 10 11 
12 13 14 15 16 17 18 19 20 21 22 
23 24 25 26 27 28 29 30 31 32 33 
34 35 36 37 38 39 40 41 42 43 44 
45 46 47 48 49 50 51 52 53 54 55 
56 57 58 59 60 61 62 63 64 65 66 
67 68 69 70 71 72 73 74 75 76 77 
78 79 80 81 82 83 84 85 86 87 88 
89 90 91 92 93 94 95 96 97 98 99 
100 101 102 103 104 105 106 107 108 109 110 
111 112 113 114 115 116 117 118 119 120 121 
122 123 124 125 126 127 128 129 130 131 132 
133 134 135 136 137 138 139 140 141 142 143 
144 145 146 147 148 149 150 151 152 153 154 
155 156 157 158 159 160 161 162 163 164 165 
166 167 168 169 170 171 172 173 174 175 176 
37 49 60 77 
107 116 124 142 147 157 171 
61 68 84 98 
86 91 100 
122 139 154 
102 114 130 
57 76 87 
88 92 106 
150 164 166 
72 83 95 
53 64 70 
25 44 55 
93 109 113 
51 65 71 
138 151 165 
6 14 24 
2 21 26 
82 97 101 117 
141 144 163 
146 161 168 
42 54 66 
127 140 149 160 
145 156 172 
9 18 28 
13 31 43 
78 96 104 
22 30 34 
29 39 48 
4 16 27 
62 67 79 
