100 123 10 16
1 11
1 14
1 16
2 18
3 18
4 15
5 12
5 13
6 18
7 19
8 17
9 17
10 20
11 21
12 29
13 30
14 27
15 30
16 22
16 23
16 24
17 26
17 30
18 25
18 28
19 29
20 29
21 38
21 39
22 34
23 34
24 37
25 33
25 36
26 40
27 34
27 31
28 34
28 35
29 32
30 37
31 46
32 43
32 49
33 42
33 46
34 44
35 43
35 47
36 44
37 50
38 41
38 45
39 48
40 44
41 57
41 58
41 60
42 53
43 51
43 54
44 52
45 55
45 56
46 59
47 52
48 54
49 53
50 54
51 64
52 70
53 68
53 69
54 61
55 67
55 63
56 67
56 62
57 61
58 65
59 66
60 65
61 80
62 77
63 76
63 80
64 74
64 75
64 78
65 71
65 79
66 78
67 72
68 77
69 74
70 73
71 87
72 86
73 84
73 85
74 83
74 88
75 84
76 82
76 90
77 87
78 81
79 89
80 86
81 95
82 96
82 94
83 91
84 97
84 99
85 97
86 98
86 100
87 94
88 91
89 97
89 92
90 93
1 2 3 4 5 6 7 8 9 10 
11 12 13 14 15 16 17 18 19 20 
21 22 23 24 25 26 27 28 29 30 
31 32 33 34 35 36 37 38 39 40 
41 42 43 44 45 46 47 48 49 50 
51 52 53 54 55 56 57 58 59 60 
61 62 63 64 65 66 67 68 69 70 
71 72 73 74 75 76 77 78 79 80 
81 82 83 84 85 86 87 88 89 90 
91 92 93 94 95 96 97 98 99 100 
39 48 54 
74 88 91 
41 60 65 
32 49 53 
16 22 34 
10 20 29 
76 90 93 
52 70 73 
27 31 46 
5 13 30 
78 81 95 
43 51 64 
17 26 40 44 
1 11 21 
67 72 86 
56 62 77 
