156 198 13 29
1 18
1 19
2 17
3 16
3 17
4 14
5 13
6 21
6 22
7 21
8 15
9 19
10 24
11 20
11 23
12 19
13 33
14 33
14 25
14 26
15 32
16 33
17 33
18 35
18 27
18 31
19 34
19 30
20 29
21 31
22 28
23 29
24 36
25 40
25 42
26 38
26 45
27 39
28 39
29 45
30 37
30 41
31 48
32 44
33 42
33 43
34 46
35 44
36 47
37 54
38 55
39 49
40 49
41 50
41 57
42 53
43 54
44 56
44 60
45 50
45 52
45 58
46 59
47 50
47 51
48 49
49 68
49 72
50 70
50 71
51 62
52 67
53 68
54 69
55 63
56 71
57 64
58 66
58 68
59 69
60 65
60 61
61 81
62 77
62 79
63 80
64 73
64 75
65 76
65 82
66 84
67 74
68 81
69 83
70 77
71 75
72 78
72 82
73 86
74 92
74 95
75 87
76 96
77 94
78 90
79 85
79 89
80 87
80 91
81 90
81 93
82 96
83 88
84 86
85 104
86 106
87 101
87 102
87 107
88 107
89 105
90 98
91 100
91 106
92 108
93 97
94 103
94 108
95 106
96 99
97 114
98 111
99 117
100 110
101 109
101 119
102 116
102 118
103 110
103 115
104 112
105 112
106 113
106 116
107 110
108 114
108 117
108 120
109 129
110 132
111 125
112 129
112 127
113 123
113 124
114 130
114 125
115 131
116 131
117 132
118 122
118 123
119 121
120 128
120 126
121 134
121 144
122 134
123 138
124 137
125 134
125 136
126 139
126 142
127 140
127 141
128 134
129 137
130 143
131 135
131 137
132 133
133 146
133 151
134 147
134 156
135 150
136 156
137 145
138 154
139 148
139 149
140 155
141 153
142 149
143 145
144 150
144 152
1 2 3 4 5 6 7 8 9 10 11 12 
13 14 15 16 17 18 19 20 21 22 23 24 
25 26 27 28 29 30 31 32 33 34 35 36 
37 38 39 40 41 42 43 44 45 46 47 48 
49 50 51 52 53 54 55 56 57 58 59 60 
61 62 63 64 65 66 67 68 69 70 71 72 
73 74 75 76 77 78 79 80 81 82 83 84 
85 86 87 88 89 90 91 92 93 94 95 96 
97 98 99 100 101 102 103 104 105 106 107 108 
109 110 111 112 113 114 115 116 117 118 119 120 
121 122 123 124 125 126 127 128 129 130 131 132 
133 134 135 136 137 138 139 140 141 142 143 144 
145 146 147 148 149 150 151 152 153 154 155 156 
11 20 29 
123 138 154 
130 143 145 
31 48 49 
98 111 125 
85 104 112 
126 142 149 
46 59 69 
22 28 39 
30 37 54 
10 24 36 47 
18 35 44 
93 97 114 
74 92 108 
103 115 131 
38 55 63 80 
101 109 129 
64 73 86 
3 16 33 
120 128 134 
83 88 107 
113 124 137 
72 78 90 
65 76 96 
91 100 110 
50 70 77 
127 140 155 
60 61 81 
42 53 68 
