120 140 10 20
1 16
1 23
2 19
3 19
4 24
5 14
5 18
6 17
7 15
7 22
8 24
9 13
9 19
10 21
11 23
12 20
13 28
14 32
15 33
16 32
16 35
17 25
17 27
18 36
19 32
20 26
20 30
21 34
22 31
23 28
24 29
25 45
25 48
26 42
27 41
27 48
28 40
29 37
29 40
30 44
30 46
31 38
32 38
33 47
34 43
35 44
36 39
36 48
37 53
38 50
38 51
39 54
40 52
41 50
42 58
43 56
44 49
44 59
45 52
45 55
46 57
47 56
48 54
48 60
49 62
50 63
51 67
51 61
52 66
52 72
53 66
54 64
54 68
55 69
56 71
56 63
57 63
58 70
59 67
60 65
61 74
61 82
61 83
62 73
63 84
64 82
65 75
66 73
66 81
67 76
68 79
69 84
70 78
71 77
71 80
72 78
73 89
74 96
75 94
76 92
77 87
77 90
78 93
79 85
79 92
80 92
81 88
82 95
83 91
84 86
85 99
86 97
87 100
88 104
89 106
90 108
91 107
92 98
93 105
94 103
95 104
96 101
96 102
97 119
98 110
99 113
100 112
101 115
102 109
102 111
103 112
104 117
104 119
105 114
105 115
106 110
106 118
106 120
107 110
108 116
1 2 3 4 5 6 7 8 9 10 11 12 
13 14 15 16 17 18 19 20 21 22 23 24 
25 26 27 28 29 30 31 32 33 34 35 36 
37 38 39 40 41 42 43 44 45 46 47 48 
49 50 51 52 53 54 55 56 57 58 59 60 
61 62 63 64 65 66 67 68 69 70 71 72 
73 74 75 76 77 78 79 80 81 82 83 84 
85 86 87 88 89 90 91 92 93 94 95 96 
97 98 99 100 101 102 103 104 105 106 107 108 
109 110 111 112 113 114 115 116 117 118 119 120 
44 59 67 
83 91 107 110 
5 14 32 
20 26 42 58 70 78 
37 53 66 
7 15 33 47 56 
87 100 112 
96 101 115 
90 108 116 
49 62 73 
55 69 84 
82 95 104 
54 68 79 
27 41 50 
30 46 57 63 
22 31 38 
86 97 119 
9 13 28 
85 99 113 
71 80 92 
