210 262 10 35
1 22
1 38
2 39
3 29
3 30
3 32
3 42
4 28
5 31
6 27
7 35
8 35
9 23
10 31
10 33
11 40
12 24
12 37
13 41
14 25
14 26
14 41
15 40
16 37
17 28
18 23
18 34
18 36
19 31
20 38
21 40
22 51
22 58
23 45
23 57
24 56
25 45
26 61
27 52
28 51
29 60
30 43
31 50
32 46
32 54
33 55
34 62
35 61
36 47
36 59
37 53
38 44
39 63
40 48
41 45
41 49
42 43
43 68
43 83
44 65
45 77
46 64
47 73
48 69
48 81
49 64
50 68
51 75
52 66
53 68
53 75
53 80
54 75
55 72
55 79
56 70
56 74
56 84
57 71
58 78
59 69
59 82
60 84
61 67
61 84
62 72
62 75
62 76
63 74
64 105
65 100
66 99
67 102
68 97
69 88
70 100
71 94
72 105
73 87
74 93
74 105
75 98
75 104
76 101
77 96
77 103
78 89
78 90
79 91
79 98
80 86
80 92
81 98
82 87
83 85
84 88
84 95
84 98
85 125
86 122
87 118
88 121
89 106
89 114
90 112
91 117
92 120
93 111
94 116
94 126
95 111
96 119
97 113
98 115
98 119
99 108
100 107
100 125
101 123
101 124
102 110
103 120
104 126
105 109
105 118
106 128
106 145
107 135
108 136
108 139
108 146
109 144
110 140
110 147
111 137
112 136
113 146
114 133
114 147
115 130
116 141
117 141
118 138
118 142
118 127
119 131
120 132
121 143
122 127
123 137
124 144
125 134
126 129
126 141
127 153
128 163
129 151
130 160
131 150
132 168
133 154
133 158
134 157
134 161
135 159
135 163
136 156
136 164
137 160
138 150
139 167
140 155
140 167
141 162
142 165
143 152
143 164
144 148
145 148
145 149
145 166
146 160
147 168
148 170
149 172
150 185
151 180
152 180
153 177
153 182
154 173
155 176
155 188
156 180
156 183
157 185
157 187
158 180
159 172
160 174
160 189
161 175
162 175
163 184
164 179
164 187
165 178
165 179
166 169
166 186
167 171
168 181
169 190
169 191
169 193
170 201
171 199
172 193
173 198
173 202
174 195
174 206
174 210
175 209
176 195
176 204
177 200
178 208
179 199
180 209
181 194
182 207
183 205
184 200
184 210
185 197
186 199
186 208
187 203
188 191
188 196
189 192
1 2 3 4 5 6 7 8 9 10 11 12 13 14 15 16 17 18 19 20 21 
22 23 24 25 26 27 28 29 30 31 32 33 34 35 36 37 38 39 40 41 42 
43 44 45 46 47 48 49 50 51 52 53 54 55 56 57 58 59 60 61 62 63 
64 65 66 67 68 69 70 71 72 73 74 75 76 77 78 79 80 81 82 83 84 
85 86 87 88 89 90 91 92 93 94 95 96 97 98 99 100 101 102 103 104 105 
106 107 108 109 110 111 112 113 114 115 116 117 118 119 120 121 122 123 124 125 126 
127 128 129 130 131 132 133 134 135 136 137 138 139 140 141 142 143 144 145 146 147 
148 149 150 151 152 153 154 155 156 157 158 159 160 161 162 163 164 165 166 167 168 
169 170 171 172 173 174 175 176 177 178 179 180 181 182 183 184 185 186 187 188 189 
190 191 192 193 194 195 196 197 198 199 200 201 202 203 204 205 206 207 208 209 210 
14 25 45 
47 73 87 
57 71 94 
77 96 119 
75 104 126 
118 138 150 
97 113 146 
84 95 111 
105 109 144 
133 158 180 
80 86 122 127 
78 90 112 136 
41 49 64 
156 183 205 
31 50 68 
115 130 160 
106 128 163 
38 44 65 100 
12 24 56 
145 149 172 
62 76 101 
10 33 55 
153 182 207 
134 161 175 
79 91 117 141 
108 139 167 
168 181 194 
61 67 102 110 
165 178 208 
3 42 43 
83 85 125 
148 170 201 
39 63 74 
48 81 98 
88 121 143 
