132 166 11 26
1 23
1 24
2 16
2 19
2 20
3 19
4 23
5 18
6 18
7 19
8 21
8 23
9 13
9 23
10 14
11 17
11 22
12 14
12 15
13 26
13 29
14 36
14 31
15 35
16 34
17 27
18 30
19 33
19 25
20 32
21 35
22 30
23 35
23 28
24 26
25 37
25 40
25 46
26 43
27 43
28 45
29 40
30 45
30 47
31 43
32 42
33 45
34 39
34 44
35 41
36 38
36 48
37 50
37 60
38 50
39 51
39 57
40 49
41 49
41 52
41 54
42 52
42 56
42 58
43 50
44 50
44 53
45 50
46 55
47 50
48 59
49 64
49 65
50 71
51 72
52 62
52 63
53 68
54 66
55 61
55 63
56 67
57 66
57 70
58 67
59 69
60 71
61 84
62 73
62 81
63 80
64 76
65 75
65 77
66 78
67 82
68 74
69 78
70 79
71 76
72 83
73 90
74 86
74 91
75 96
75 94
76 87
76 90
76 92
77 88
78 89
78 93
79 96
80 95
81 88
82 91
83 91
84 85
85 105
86 100
87 107
88 98
88 101
89 101
90 105
91 97
91 106
92 102
93 99
94 99
94 100
94 104
95 103
96 107
96 108
97 118
97 120
98 117
99 113
100 115
101 114
101 116
102 117
103 111
103 119
104 110
105 109
105 115
106 112
107 115
108 119
109 132
110 127
111 125
112 121
113 124
114 126
114 127
115 131
115 123
116 130
117 128
117 127
118 122
119 130
120 129
1 2 3 4 5 6 7 8 9 10 11 12 
13 14 15 16 17 18 19 20 21 22 23 24 
25 26 27 28 29 30 31 32 33 34 35 36 
37 38 39 40 41 42 43 44 45 46 47 48 
49 50 51 52 53 54 55 56 57 58 59 60 
61 62 63 64 65 66 67 68 69 70 71 72 
73 74 75 76 77 78 79 80 81 82 83 84 
85 86 87 88 89 90 91 92 93 94 95 96 
97 98 99 100 101 102 103 104 105 106 107 108 
109 110 111 112 113 114 115 116 117 118 119 120 
121 122 123 124 125 126 127 128 129 130 131 132 
17 27 43 
62 73 90 
44 53 68 74 
103 111 125 
105 109 132 
59 69 78 
13 29 40 
65 77 88 
72 83 91 
1 24 26 
70 79 96 
2 16 34 
97 120 129 
20 32 42 
76 92 102 117 
19 33 45 
25 46 55 
101 116 130 
8 21 35 
104 110 127 
41 54 66 
99 113 124 
36 38 50 
106 112 121 
11 22 30 
37 60 71 
