140 176 10 24
1 18
2 20
3 24
3 27
4 26
5 23
5 28
6 18
6 21
7 25
8 27
9 15
10 19
11 17
12 16
13 27
14 22
15 41
16 30
16 31
17 32
18 32
18 37
18 40
19 36
19 40
20 40
21 29
22 42
23 39
24 35
25 34
25 35
25 38
26 29
27 38
28 33
29 47
30 53
30 54
31 46
31 48
31 50
32 45
33 51
34 44
35 43
36 56
37 43
38 55
39 51
40 43
41 49
42 52
43 67
43 62
44 64
44 58
45 65
45 68
46 60
47 70
47 59
48 57
49 70
50 70
51 66
51 70
52 67
53 69
53 58
53 63
54 68
55 67
55 61
56 60
57 71
57 72
57 84
58 81
59 78
60 82
61 72
62 84
63 73
63 76
64 84
65 74
66 79
67 75
68 77
68 80
69 82
69 83
70 79
71 86
71 89
71 93
72 97
73 93
74 98
74 90
75 89
76 91
77 98
78 94
79 92
80 85
80 87
80 88
80 89
81 87
82 96
83 89
83 95
84 94
85 99
85 108
85 110
86 101
87 103
87 104
88 100
88 105
89 110
90 102
91 111
92 109
92 111
93 112
94 106
95 101
96 111
97 99
97 107
98 99
99 118
100 114
101 114
101 115
101 119
101 122
102 122
103 121
103 122
104 113
105 125
106 123
107 122
108 117
109 120
110 113
110 124
111 116
111 126
112 113
113 133
114 128
115 129
115 137
116 127
117 128
118 135
119 139
120 128
121 136
121 138
121 127
122 130
122 132
123 129
124 139
124 140
125 131
125 134
126 128
1 2 3 4 5 6 7 8 9 10 11 12 13 14 
15 16 17 18 19 20 21 22 23 24 25 26 27 28 
29 30 31 32 33 34 35 36 37 38 39 40 41 42 
43 44 45 46 47 48 49 50 51 52 53 54 55 56 
57 58 59 60 61 62 63 64 65 66 67 68 69 70 
71 72 73 74 75 76 77 78 79 80 81 82 83 84 
85 86 87 88 89 90 91 92 93 94 95 96 97 98 
99 100 101 102 103 104 105 106 107 108 109 110 111 112 
113 114 115 116 117 118 119 120 121 122 123 124 125 126 
127 128 129 130 131 132 133 134 135 136 137 138 139 140 
109 120 128 
18 37 43 
3 24 35 
36 56 60 
44 64 84 
93 112 113 
68 77 98 
4 26 29 
88 105 125 
23 39 51 
22 42 52 67 
45 65 74 
58 81 87 
31 48 57 
9 15 41 49 70 
99 118 135 
82 96 111 
59 78 94 
55 61 72 
97 107 122 
83 95 101 
2 20 40 
106 123 129 
11 17 32 
