160 198 16 27
1 15
1 17
2 14
3 11
3 16
4 13
5 15
6 15
6 19
6 20
7 18
8 12
8 14
9 18
10 13
11 29
11 30
12 22
12 26
12 28
13 21
14 30
15 23
16 27
17 25
18 24
19 27
20 30
21 40
22 33
23 35
23 36
24 37
25 32
26 39
27 31
28 34
28 38
29 32
30 40
31 44
31 47
32 41
32 42
32 49
33 45
33 48
34 43
34 46
35 48
36 48
37 50
38 44
39 48
40 46
41 57
42 53
43 60
44 59
45 53
46 54
46 55
47 53
48 51
49 51
49 58
50 52
50 56
51 70
52 67
53 67
54 61
55 64
55 67
56 65
57 69
57 62
58 70
59 66
59 68
60 63
61 76
61 78
62 73
62 79
63 72
63 73
64 78
65 77
66 71
66 74
67 75
68 78
69 80
70 71
71 89
72 84
72 88
73 88
74 83
75 83
76 85
76 87
77 82
77 90
78 82
79 86
80 81
80 83
81 92
82 91
83 98
83 99
84 94
85 93
86 95
87 100
87 91
88 97
89 91
90 96
91 105
92 104
92 108
93 110
94 101
95 106
95 107
96 102
96 103
97 105
97 109
98 102
99 108
100 110
101 114
102 116
103 114
104 113
105 111
105 114
106 114
106 118
107 116
108 115
109 117
109 119
110 112
110 120
111 129
111 122
111 123
112 122
113 128
114 126
115 125
116 127
117 122
118 130
118 124
119 127
120 121
121 137
122 131
123 133
123 139
124 137
125 133
126 134
127 132
127 140
128 135
128 138
129 136
130 131
131 141
132 146
133 146
133 149
134 142
134 144
135 145
136 142
137 143
138 150
139 148
140 147
141 160
142 155
143 154
144 156
144 157
145 153
146 152
147 151
148 151
149 158
150 159
1 2 3 4 5 6 7 8 9 10 
11 12 13 14 15 16 17 18 19 20 
21 22 23 24 25 26 27 28 29 30 
31 32 33 34 35 36 37 38 39 40 
41 42 43 44 45 46 47 48 49 50 
51 52 53 54 55 56 57 58 59 60 
61 62 63 64 65 66 67 68 69 70 
71 72 73 74 75 76 77 78 79 80 
81 82 83 84 85 86 87 88 89 90 
91 92 93 94 95 96 97 98 99 100 
101 102 103 104 105 106 107 108 109 110 
111 112 113 114 115 116 117 118 119 120 
121 122 123 124 125 126 127 128 129 130 
131 132 133 134 135 136 137 138 139 140 
141 142 143 144 145 146 147 148 149 150 
151 152 153 154 155 156 157 158 159 160 
33 45 53 
128 135 145 153 
80 81 92 
18 24 37 50 
111 129 136 142 
94 101 114 
120 121 137 
110 112 122 
115 125 133 
11 29 32 
3 16 27 
139 148 151 
49 58 70 
43 60 63 
95 107 116 
127 132 146 
28 38 44 
131 141 160 
67 75 83 
26 39 48 
56 65 77 
59 68 78 
46 54 61 
6 20 30 
13 21 40 
71 89 91 
138 150 159 
