224 290 14 41
1 28
2 23
3 25
3 26
4 31
5 26
6 30
7 18
7 29
8 26
9 21
9 28
10 19
11 24
12 28
13 20
13 22
13 26
14 32
14 17
14 27
15 27
16 29
17 36
18 37
18 42
19 33
20 35
20 46
21 37
21 41
22 48
23 34
23 40
24 36
25 43
26 44
26 47
27 46
28 39
29 46
30 39
31 43
32 38
32 45
33 49
33 58
34 50
34 51
35 55
35 56
35 60
36 61
36 63
37 50
38 56
39 64
40 57
41 53
42 54
43 52
43 57
44 57
45 57
46 63
47 62
48 58
48 59
49 67
49 80
50 77
51 73
51 75
52 69
53 66
53 72
54 65
54 68
55 74
56 74
57 79
58 69
58 78
59 70
60 77
61 65
62 69
63 76
64 71
65 85
66 84
66 92
67 96
67 83
67 87
68 82
69 82
70 88
71 91
72 87
73 86
74 81
74 94
75 95
76 95
77 86
78 89
79 86
80 90
80 93
81 102
82 107
82 110
83 105
84 97
84 102
84 112
85 99
86 103
87 103
88 111
88 112
89 102
89 109
90 112
91 104
92 98
92 106
93 108
94 100
94 106
95 108
96 101
97 114
98 127
99 115
99 123
100 122
100 126
101 120
102 128
103 121
103 125
104 117
105 118
106 119
107 116
107 127
108 113
108 127
109 114
110 125
111 115
111 124
112 117
113 129
113 130
113 133
114 144
115 139
115 143
116 138
117 137
118 136
118 140
119 131
119 139
120 140
121 134
121 135
122 141
123 144
124 133
125 140
126 142
127 133
128 132
129 157
130 159
131 158
132 146
132 152
133 156
134 151
135 156
136 152
137 145
138 153
139 160
139 150
139 157
140 154
141 148
142 153
143 147
143 148
143 155
144 149
145 163
145 171
146 170
147 166
147 176
148 171
149 171
150 171
150 173
150 175
151 162
151 168
151 172
152 172
153 166
154 161
155 165
155 169
156 168
157 161
158 164
158 167
159 174
160 171
161 185
162 181
163 183
164 185
164 191
165 179
165 185
166 187
167 192
167 177
168 184
169 190
170 192
171 178
171 185
172 182
173 182
174 183
175 180
175 181
175 188
175 189
176 186
177 195
178 196
179 203
180 199
180 201
181 197
182 206
182 207
183 198
184 199
185 200
186 202
187 203
187 205
188 197
189 193
189 198
189 204
190 208
191 194
191 195
192 200
193 217
194 219
194 222
195 212
195 218
195 223
196 215
197 216
198 209
199 224
200 211
200 222
201 214
201 221
202 217
203 210
204 217
205 209
206 213
206 217
206 220
207 209
208 218
1 2 3 4 5 6 7 8 9 10 11 12 13 14 15 16 
17 18 19 20 21 22 23 24 25 26 27 28 29 30 31 32 
33 34 35 36 37 38 39 40 41 42 43 44 45 46 47 48 
49 50 51 52 53 54 55 56 57 58 59 60 61 62 63 64 
65 66 67 68 69 70 71 72 73 74 75 76 77 78 79 80 
81 82 83 84 85 86 87 88 89 90 91 92 93 94 95 96 
97 98 99 100 101 102 103 104 105 106 107 108 109 110 111 112 
113 114 115 116 117 118 119 120 121 122 123 124 125 126 127 128 
129 130 131 132 133 134 135 136 137 138 139 140 141 142 143 144 
145 146 147 148 149 150 151 152 153 154 155 156 157 158 159 160 
161 162 163 164 165 166 167 168 169 170 171 172 173 174 175 176 
177 178 179 180 181 182 183 184 185 186 187 188 189 190 191 192 
193 194 195 196 197 198 199 200 201 202 203 204 205 206 207 208 
209 210 211 212 213 214 215 216 217 218 219 220 221 222 223 224 
139 160 171 
4 31 43 
121 134 151 
113 129 157 
132 146 170 192 
187 205 209 
159 174 183 
100 126 142 153 
175 188 197 
101 120 140 
117 137 145 
80 93 108 
47 62 69 
189 204 217 
168 184 199 
51 73 86 
111 124 133 
18 42 54 
155 169 190 208 218 
32 38 56 
82 110 125 
10 19 33 
84 97 114 
119 131 158 
48 59 70 88 
35 60 77 
122 141 148 
150 173 182 
83 105 118 
23 40 57 
53 72 87 
11 24 36 
58 78 89 
178 196 215 
65 85 99 
63 76 95 
165 179 203 
167 177 195 
92 98 127 
74 81 102 
6 30 39 
