210 278 14 33
1 27
2 24
3 28
4 28
5 25
5 28
6 23
6 29
7 16
7 30
8 20
8 27
9 30
10 21
11 30
12 24
13 17
13 19
14 18
14 22
15 26
16 39
17 41
18 39
19 35
19 36
20 38
21 40
22 38
23 32
23 41
24 44
25 33
25 36
25 43
26 45
27 34
27 40
28 42
29 31
30 37
31 56
32 49
33 55
33 58
34 54
35 53
35 57
36 48
36 60
37 51
37 53
38 52
39 46
39 52
40 50
40 59
41 53
42 58
43 47
43 54
44 52
45 54
46 66
47 64
48 71
49 65
49 61
50 71
51 66
51 63
52 66
53 71
54 71
54 72
55 67
55 62
56 70
57 73
57 74
58 68
58 75
59 61
60 69
61 87
62 88
63 81
64 81
65 79
66 90
67 77
67 89
68 86
69 76
69 87
70 80
71 82
72 83
72 84
73 87
74 78
74 85
75 84
76 96
77 93
78 97
79 100
79 103
80 96
81 100
81 95
82 96
83 96
84 98
84 101
84 91
85 99
85 102
85 92
86 97
87 100
88 104
88 105
89 93
90 94
91 120
92 110
92 118
93 107
94 110
95 115
95 116
95 117
96 112
96 114
97 109
98 106
98 109
98 119
99 117
100 115
101 120
102 117
103 111
103 113
104 111
105 108
105 109
105 111
106 133
107 135
108 130
109 128
110 133
110 125
111 122
111 127
112 134
112 135
113 124
114 121
114 123
115 128
116 129
117 131
118 132
118 123
119 128
120 126
121 141
122 139
122 144
122 145
123 137
124 137
125 139
125 147
125 149
126 141
127 140
128 138
128 140
128 141
129 143
130 136
131 142
131 150
132 139
133 136
134 146
134 148
134 150
135 140
136 159
137 160
137 164
138 165
138 155
139 161
139 157
140 152
140 158
141 151
142 162
143 154
143 156
144 152
145 162
146 159
147 159
148 152
149 151
150 163
150 153
151 178
152 167
153 166
153 177
154 172
155 170
155 174
156 168
156 174
156 178
157 178
158 173
159 175
159 176
160 174
161 169
162 171
162 180
163 173
163 179
164 169
165 167
166 186
167 192
168 184
168 191
169 183
170 181
170 189
171 187
172 194
172 186
173 193
174 184
175 195
176 185
177 182
177 190
178 185
178 188
179 192
180 187
181 200
182 198
183 199
184 201
184 202
185 201
185 205
186 208
187 207
188 204
188 208
189 199
190 196
190 197
191 207
192 203
193 199
193 210
194 199
194 209
195 198
195 206
1 2 3 4 5 6 7 8 9 10 11 12 13 14 15 
16 17 18 19 20 21 22 23 24 25 26 27 28 29 30 
31 32 33 34 35 36 37 38 39 40 41 42 43 44 45 
46 47 48 49 50 51 52 53 54 55 56 57 58 59 60 
61 62 63 64 65 66 67 68 69 70 71 72 73 74 75 
76 77 78 79 80 81 82 83 84 85 86 87 88 89 90 
91 92 93 94 95 96 97 98 99 100 101 102 103 104 105 
106 107 108 109 110 111 112 113 114 115 116 117 118 119 120 
121 122 123 124 125 126 127 128 129 130 131 132 133 134 135 
136 137 138 139 140 141 142 143 144 145 146 147 148 149 150 
151 152 153 154 155 156 157 158 159 160 161 162 163 164 165 
166 167 168 169 170 171 172 173 174 175 176 177 178 179 180 
181 182 183 184 185 186 187 188 189 190 191 192 193 194 195 
196 197 198 199 200 201 202 203 204 205 206 207 208 209 210 
162 171 187 
134 146 159 
111 127 140 
143 154 172 
10 21 40 
93 107 135 
58 68 86 97 
13 17 41 
49 65 79 
43 47 64 81 
139 157 178 
29 31 56 70 80 96 
153 166 186 
98 106 133 
39 46 66 
85 102 117 
177 182 198 
27 34 54 
170 189 199 
120 126 141 
137 160 174 
14 22 38 
36 60 69 
122 144 152 
163 179 192 
105 108 130 136 
57 73 87 
90 94 110 
138 165 167 
24 44 52 
168 191 207 
55 62 88 
125 149 151 
