220 291 20 44
1 21
2 13
3 16
4 20
5 15
6 20
7 18
8 14
8 22
9 21
10 17
10 20
11 12
11 19
12 24
12 27
13 33
13 25
13 29
14 23
15 28
16 26
17 25
18 31
19 30
19 31
20 32
20 29
21 31
22 31
23 42
24 38
24 41
24 43
25 39
26 39
27 35
27 37
28 35
28 41
28 44
29 36
29 41
30 41
31 35
31 40
32 34
32 39
32 42
33 35
34 45
35 53
36 53
37 49
37 53
38 50
38 51
38 55
39 52
39 54
40 48
41 46
41 53
42 48
43 47
44 51
45 65
45 63
46 56
46 59
46 63
47 66
48 64
48 62
48 63
49 60
50 62
51 57
52 58
53 61
54 58
55 61
56 72
57 70
57 74
58 75
59 74
60 68
60 72
60 73
61 67
61 77
62 76
63 74
64 74
65 71
66 69
67 87
68 80
68 85
69 78
69 84
70 79
70 82
70 88
71 86
72 86
73 81
74 84
75 82
76 83
77 86
78 94
79 97
80 97
81 99
81 95
82 92
82 93
82 95
83 89
84 96
84 90
85 98
85 90
86 94
87 89
88 91
89 106
90 107
90 110
91 108
92 101
93 109
94 100
94 103
94 104
95 105
96 102
97 106
98 108
99 110
100 111
100 112
101 114
102 115
102 117
103 118
104 120
105 119
106 119
107 121
108 119
109 115
109 116
110 113
111 128
111 126
112 130
113 124
114 129
115 130
116 131
116 132
117 124
118 130
118 127
119 122
119 125
120 125
121 123
122 138
123 136
124 134
125 135
125 138
125 140
125 143
126 137
126 141
126 142
127 135
128 142
129 135
130 135
131 135
132 133
132 139
133 148
133 151
133 154
134 144
134 149
134 150
135 146
135 153
136 145
137 153
138 150
139 152
140 147
140 151
141 152
142 145
143 150
144 158
145 163
146 161
147 157
148 156
149 159
150 165
150 156
151 155
152 162
153 161
154 160
154 164
155 166
156 166
157 171
157 175
158 168
159 176
160 173
161 167
162 169
163 168
164 170
165 172
165 174
166 178
166 182
167 181
168 181
168 187
169 181
170 184
171 177
171 185
172 183
173 185
174 180
174 181
175 186
176 179
176 183
177 195
178 197
179 193
180 196
181 196
182 197
183 193
183 198
184 189
185 188
185 190
186 192
187 194
187 191
188 202
189 208
190 199
190 203
190 206
191 200
192 204
192 207
193 205
193 209
194 209
195 201
196 206
197 206
198 209
199 212
200 211
201 210
201 218
202 213
203 214
204 212
204 215
204 216
205 219
206 220
207 211
208 216
209 210
209 217
1 2 3 4 5 6 7 8 9 10 11 
12 13 14 15 16 17 18 19 20 21 22 
23 24 25 26 27 28 29 30 31 32 33 
34 35 36 37 38 39 40 41 42 43 44 
45 46 47 48 49 50 51 52 53 54 55 
56 57 58 59 60 61 62 63 64 65 66 
67 68 69 70 71 72 73 74 75 76 77 
78 79 80 81 82 83 84 85 86 87 88 
89 90 91 92 93 94 95 96 97 98 99 
100 101 102 103 104 105 106 107 108 109 110 
111 112 113 114 115 116 117 118 119 120 121 
122 123 124 125 126 127 128 129 130 131 132 
133 134 135 136 137 138 139 140 141 142 143 
144 145 146 147 148 149 150 151 152 153 154 
155 156 157 158 159 160 161 162 163 164 165 
166 167 168 169 170 171 172 173 174 175 176 
177 178 179 180 181 182 183 184 185 186 187 
188 189 190 191 192 193 194 195 196 197 198 
199 200 201 202 203 204 205 206 207 208 209 
210 211 212 213 214 215 216 217 218 219 220 
166 182 197 
76 83 89 
46 56 72 
187 191 200 211 
82 92 101 114 129 135 
160 173 185 
121 123 136 145 
134 149 159 176 
175 186 192 
70 79 97 
126 141 152 
38 50 62 
7 18 31 
13 33 35 
84 96 102 
95 105 119 
65 71 86 
19 30 41 
32 34 45 
10 17 25 
47 66 69 
5 15 28 
39 52 58 
133 148 156 
94 103 118 
161 167 181 
188 202 213 
189 208 216 
81 99 110 
8 14 23 42 
104 120 125 
174 180 196 
190 203 214 
37 49 60 
193 205 219 
165 172 183 
85 98 108 
177 195 201 
140 147 157 
48 64 74 
29 36 53 
111 128 142 
144 158 168 
100 112 130 
