170 224 17 32
1 15
2 14
2 18
3 19
4 17
5 13
6 11
7 12
8 20
9 18
10 11
10 16
11 22
12 23
12 25
12 27
13 21
13 26
14 25
15 21
15 24
16 25
17 22
18 21
19 28
19 29
20 22
20 30
21 33
22 36
23 32
24 39
25 35
26 36
26 37
26 31
27 32
28 35
29 33
29 36
29 38
30 34
30 40
30 31
31 47
32 47
33 41
33 46
34 42
35 47
36 42
37 47
37 48
38 41
38 44
39 43
39 49
40 45
40 50
41 53
41 54
42 53
43 51
43 52
44 56
44 57
45 57
46 60
47 51
48 57
49 55
49 59
50 57
50 58
51 69
52 67
52 63
53 65
54 61
54 62
55 65
56 65
56 68
57 61
58 66
59 64
60 66
60 70
61 77
62 73
62 78
63 75
64 76
65 79
66 78
66 80
67 78
68 71
69 71
69 72
69 74
70 75
71 85
72 81
72 89
73 82
74 87
75 86
76 82
76 84
77 87
78 88
79 83
80 90
81 95
82 97
83 96
84 100
84 94
85 92
86 100
87 93
88 96
88 99
89 91
90 98
90 92
91 101
92 110
93 106
94 106
95 107
96 103
97 105
98 104
98 109
99 107
100 101
100 102
100 105
100 108
101 114
101 115
101 119
102 114
103 118
104 120
105 113
106 112
106 116
107 117
108 113
109 113
110 111
110 120
111 130
112 127
113 122
113 125
114 130
115 129
116 130
116 121
117 130
118 123
118 126
119 129
120 128
120 129
120 124
121 134
122 139
123 133
124 134
125 137
126 132
127 131
127 138
128 137
129 135
129 136
129 140
130 137
131 150
132 145
133 147
133 149
134 141
135 148
136 143
136 147
137 142
137 150
138 146
139 145
140 144
141 154
142 156
142 157
143 158
144 159
145 160
146 151
147 152
147 155
148 153
149 160
150 160
151 162
151 166
152 165
153 168
154 167
155 167
156 164
156 169
157 169
158 167
159 163
159 170
160 161
160 162
160 167
160 169
1 2 3 4 5 6 7 8 9 10 
11 12 13 14 15 16 17 18 19 20 
21 22 23 24 25 26 27 28 29 30 
31 32 33 34 35 36 37 38 39 40 
41 42 43 44 45 46 47 48 49 50 
51 52 53 54 55 56 57 58 59 60 
61 62 63 64 65 66 67 68 69 70 
71 72 73 74 75 76 77 78 79 80 
81 82 83 84 85 86 87 88 89 90 
91 92 93 94 95 96 97 98 99 100 
101 102 103 104 105 106 107 108 109 110 
111 112 113 114 115 116 117 118 119 120 
121 122 123 124 125 126 127 128 129 130 
131 132 133 134 135 136 137 138 139 140 
141 142 143 144 145 146 147 148 149 150 
151 152 153 154 155 156 157 158 159 160 
161 162 163 164 165 166 167 168 169 170 
88 99 107 
134 141 154 167 
118 126 132 145 
4 17 22 
19 28 35 
98 104 120 
2 14 25 
52 67 78 
66 80 90 
75 86 100 
49 55 65 
84 94 106 
12 23 32 
89 91 101 
62 73 82 
138 146 151 
129 140 144 159 
56 68 71 
127 131 150 
37 48 57 
79 83 96 
110 111 130 
133 149 160 
148 153 168 
113 125 137 
142 157 169 
15 24 39 
33 46 60 
59 64 76 
69 74 87 
30 34 42 
147 152 165 
