208 269 13 37
1 20
1 23
1 27
2 21
2 31
3 17
3 19
3 28
4 24
5 24
6 23
6 25
7 26
8 30
9 29
10 32
10 22
11 22
12 18
13 22
14 26
15 28
16 31
17 42
18 42
19 43
20 33
21 45
22 40
22 42
23 37
23 44
24 48
25 35
26 46
26 47
27 35
27 38
28 34
28 36
28 41
29 39
30 35
31 37
32 33
33 52
33 54
34 63
35 61
36 52
37 53
37 55
38 49
39 59
39 62
40 62
41 64
42 52
43 51
44 57
45 50
46 60
47 56
47 61
48 58
49 65
50 68
51 69
51 73
51 77
52 66
52 71
53 65
53 79
54 72
55 75
56 71
57 75
57 80
58 76
59 67
59 75
60 70
61 75
62 75
63 74
63 75
63 78
64 78
65 83
66 83
66 87
66 89
66 92
67 83
68 90
69 96
69 82
70 83
71 84
71 95
72 90
73 85
74 81
74 88
75 94
76 86
76 91
77 94
78 89
79 93
80 85
81 97
82 103
83 99
83 111
84 101
85 108
86 112
87 105
87 106
88 107
89 110
89 111
90 108
90 109
91 104
92 101
93 100
94 98
94 105
95 108
96 102
96 112
97 124
98 127
99 114
99 119
100 115
101 113
101 121
102 116
103 117
103 118
104 128
105 122
105 126
106 124
107 115
108 121
109 123
110 125
111 124
112 115
112 120
113 134
114 129
114 142
115 129
116 139
117 133
117 140
118 129
118 141
119 138
120 140
121 138
122 137
123 140
124 136
125 132
125 144
126 134
127 135
127 143
128 130
128 131
128 144
129 148
130 145
130 152
131 146
132 148
133 147
133 157
134 148
135 156
136 149
136 155
136 157
137 159
138 160
139 156
140 151
140 158
141 150
141 154
142 159
143 157
144 153
144 159
145 175
146 167
146 169
147 162
147 167
148 166
149 173
150 173
151 171
152 161
153 163
153 165
153 168
154 173
155 175
156 176
157 174
158 170
158 176
159 172
160 161
160 164
161 186
162 190
163 177
163 183
164 180
165 178
166 180
166 188
167 192
167 189
168 186
168 187
169 191
170 181
170 184
170 185
171 179
171 180
172 191
173 189
174 177
175 177
176 178
176 182
176 186
177 200
178 195
179 194
180 202
181 207
182 195
183 195
184 201
184 204
185 193
186 205
187 202
187 206
188 204
189 196
189 199
189 207
190 197
190 198
191 208
192 203
1 2 3 4 5 6 7 8 9 10 11 12 13 14 15 16 
17 18 19 20 21 22 23 24 25 26 27 28 29 30 31 32 
33 34 35 36 37 38 39 40 41 42 43 44 45 46 47 48 
49 50 51 52 53 54 55 56 57 58 59 60 61 62 63 64 
65 66 67 68 69 70 71 72 73 74 75 76 77 78 79 80 
81 82 83 84 85 86 87 88 89 90 91 92 93 94 95 96 
97 98 99 100 101 102 103 104 105 106 107 108 109 110 111 112 
113 114 115 116 117 118 119 120 121 122 123 124 125 126 127 128 
129 130 131 132 133 134 135 136 137 138 139 140 141 142 143 144 
145 146 147 148 149 150 151 152 153 154 155 156 157 158 159 160 
161 162 163 164 165 166 167 168 169 170 171 172 173 174 175 176 
177 178 179 180 181 182 183 184 185 186 187 188 189 190 191 192 
193 194 195 196 197 198 199 200 201 202 203 204 205 206 207 208 
91 104 128 
112 120 140 
53 79 93 100 115 
176 182 195 
12 18 42 
51 73 85 
46 60 70 83 
24 48 58 76 
9 29 39 
1 20 33 
96 102 116 139 156 
23 44 57 
21 45 50 68 90 
141 150 173 
74 81 97 124 
122 137 159 
28 41 64 78 
71 84 101 
160 164 180 
27 38 49 65 
105 126 134 
166 188 204 
153 165 178 
146 169 191 
136 155 175 
99 119 138 
130 152 161 
69 82 103 
127 143 157 
37 55 75 
170 185 193 
8 30 35 
171 179 194 
125 132 148 
167 192 203 
22 40 62 
147 162 190 
