204 262 17 33
1 14
2 16
3 15
3 24
4 19
4 20
5 24
6 24
7 21
8 18
8 21
9 17
10 22
10 23
10 24
11 22
12 13
12 14
12 22
13 36
13 28
14 35
15 36
16 27
17 29
18 30
19 34
20 27
21 25
21 31
22 32
22 33
23 30
24 26
25 45
25 46
26 42
26 44
27 41
28 43
29 47
30 39
31 46
32 44
33 40
34 38
35 37
35 48
36 43
37 52
38 49
39 50
40 53
40 54
41 55
41 58
42 59
43 50
44 56
44 60
45 57
46 49
47 51
47 57
48 58
49 70
50 71
50 63
51 67
52 65
53 63
54 68
54 70
55 62
56 64
56 67
57 66
57 69
58 66
58 72
59 61
60 62
61 79
62 75
62 78
62 81
63 73
63 79
63 83
64 80
65 78
66 84
67 82
68 76
69 74
70 77
71 83
72 82
73 85
73 88
74 90
75 91
76 90
77 86
77 94
78 96
79 95
80 87
80 92
81 94
82 89
83 96
84 89
84 93
85 97
86 98
87 104
88 98
89 99
90 102
90 105
91 107
92 102
92 106
93 104
94 101
95 108
96 100
96 101
96 103
96 108
97 120
98 116
99 115
100 109
101 117
102 111
102 120
103 112
104 110
105 120
106 118
107 109
107 113
107 119
108 114
108 116
109 123
110 132
110 126
111 125
112 123
113 129
114 128
114 130
115 131
116 124
117 131
118 121
119 129
119 122
119 126
120 127
121 134
122 137
123 133
124 136
125 143
126 133
126 135
127 140
128 133
128 141
129 134
129 138
130 134
131 139
131 144
132 142
133 150
134 145
134 153
135 150
136 151
137 146
138 147
138 155
139 147
139 154
140 151
141 146
142 152
143 148
143 149
144 156
145 157
146 166
146 167
147 163
148 168
149 164
150 168
150 158
151 162
152 166
153 161
153 166
154 160
154 159
155 164
156 165
157 172
157 174
158 171
159 177
159 180
160 171
161 180
162 176
163 173
164 171
164 178
165 169
165 170
165 175
166 176
166 179
167 180
168 171
169 192
170 186
171 188
172 192
172 185
173 181
173 182
174 192
174 191
175 187
175 189
176 186
177 190
178 184
179 189
180 183
181 204
182 196
182 200
183 202
184 200
185 193
185 194
186 195
186 201
187 194
188 203
189 197
189 199
190 198
190 202
191 197
192 197
1 2 3 4 5 6 7 8 9 10 11 12 
13 14 15 16 17 18 19 20 21 22 23 24 
25 26 27 28 29 30 31 32 33 34 35 36 
37 38 39 40 41 42 43 44 45 46 47 48 
49 50 51 52 53 54 55 56 57 58 59 60 
61 62 63 64 65 66 67 68 69 70 71 72 
73 74 75 76 77 78 79 80 81 82 83 84 
85 86 87 88 89 90 91 92 93 94 95 96 
97 98 99 100 101 102 103 104 105 106 107 108 
109 110 111 112 113 114 115 116 117 118 119 120 
121 122 123 124 125 126 127 128 129 130 131 132 
133 134 135 136 137 138 139 140 141 142 143 144 
145 146 147 148 149 150 151 152 153 154 155 156 
157 158 159 160 161 162 163 164 165 166 167 168 
169 170 171 172 173 174 175 176 177 178 179 180 
181 182 183 184 185 186 187 188 189 190 191 192 
193 194 195 196 197 198 199 200 201 202 203 204 
44 60 62 
178 184 200 
90 105 120 
114 130 134 
124 136 151 
9 17 29 47 
131 144 156 165 
58 72 82 
147 163 173 
96 103 112 123 
19 34 38 49 
102 111 125 143 
30 39 50 
35 37 52 65 78 
180 183 202 
171 188 203 
142 152 166 
159 177 190 
175 187 194 
21 31 46 
75 91 107 
22 33 40 
80 87 104 
77 86 98 
4 20 27 
122 137 146 
13 28 43 
174 191 197 
138 155 164 
25 45 57 
42 59 61 79 
3 15 36 
126 135 150 
