238 313 14 41
1 23
1 31
2 32
3 24
4 33
5 25
6 27
7 33
7 19
7 24
8 21
8 26
9 31
10 20
11 34
12 20
13 33
14 28
15 29
16 22
16 30
16 31
17 18
17 31
18 44
19 42
20 36
20 39
21 41
22 39
22 43
22 45
22 49
23 40
24 46
25 35
25 39
26 41
27 51
28 44
29 37
30 47
31 48
31 50
32 38
32 45
33 50
34 39
35 52
35 59
35 63
36 66
37 66
38 58
39 67
40 64
41 60
42 65
42 57
43 66
44 67
45 53
45 61
46 62
47 67
47 55
48 68
48 56
49 54
50 63
51 67
52 77
53 75
54 73
55 76
56 80
57 72
58 71
59 71
60 74
60 84
61 76
62 69
62 80
62 82
62 83
63 77
64 81
64 85
65 79
65 83
66 77
66 78
67 72
68 70
69 96
70 98
71 93
72 102
73 99
73 93
74 88
75 98
75 101
75 95
76 86
77 98
78 89
79 97
79 92
80 91
81 90
81 94
82 98
83 97
83 87
84 100
85 98
86 108
86 113
87 114
88 104
89 115
90 110
91 103
91 107
92 103
93 116
94 109
95 119
96 105
96 114
97 104
98 111
98 117
99 116
99 118
100 104
101 104
101 106
102 103
102 112
103 134
104 122
105 125
105 127
106 128
106 123
107 120
107 122
108 136
109 132
110 129
110 121
111 134
112 133
112 126
113 134
114 130
114 135
115 136
116 134
117 124
118 125
119 131
120 150
121 137
121 146
121 150
121 152
122 152
123 146
124 140
124 149
124 150
125 144
126 153
127 138
127 150
128 145
128 147
129 139
130 142
130 151
131 148
132 148
133 146
134 141
134 148
135 148
136 143
137 167
138 165
139 167
139 155
139 157
140 164
140 158
141 164
142 166
143 169
144 168
145 167
146 160
147 162
147 156
148 161
148 159
149 169
150 170
151 168
152 163
152 165
153 154
154 178
154 184
155 172
155 174
156 179
157 186
158 177
159 178
159 187
160 186
161 186
162 171
163 178
164 175
164 180
165 173
165 176
166 183
167 177
168 181
168 182
168 186
169 175
170 171
170 185
171 196
171 189
172 196
173 199
173 191
174 194
174 202
175 192
175 201
176 204
177 204
178 190
179 190
180 196
180 188
181 196
182 195
182 190
183 197
184 196
185 200
185 201
186 193
186 203
187 193
187 198
188 212
189 209
189 212
189 213
190 211
190 218
191 213
192 211
193 219
194 206
195 213
196 211
196 217
197 216
198 207
198 214
199 210
200 205
200 219
200 220
201 219
202 215
202 221
203 207
203 208
203 213
204 207
205 231
206 238
207 227
207 228
207 231
208 235
209 224
209 232
210 230
211 225
212 233
213 225
213 226
214 237
215 236
216 237
217 234
218 229
219 236
220 223
221 222
1 2 3 4 5 6 7 8 9 10 11 12 13 14 15 16 17 
18 19 20 21 22 23 24 25 26 27 28 29 30 31 32 33 34 
35 36 37 38 39 40 41 42 43 44 45 46 47 48 49 50 51 
52 53 54 55 56 57 58 59 60 61 62 63 64 65 66 67 68 
69 70 71 72 73 74 75 76 77 78 79 80 81 82 83 84 85 
86 87 88 89 90 91 92 93 94 95 96 97 98 99 100 101 102 
103 104 105 106 107 108 109 110 111 112 113 114 115 116 117 118 119 
120 121 122 123 124 125 126 127 128 129 130 131 132 133 134 135 136 
137 138 139 140 141 142 143 144 145 146 147 148 149 150 151 152 153 
154 155 156 157 158 159 160 161 162 163 164 165 166 167 168 169 170 
171 172 173 174 175 176 177 178 179 180 181 182 183 184 185 186 187 
188 189 190 191 192 193 194 195 196 197 198 199 200 201 202 203 204 
205 206 207 208 209 210 211 212 213 214 215 216 217 218 219 220 221 
222 223 224 225 226 227 228 229 230 231 232 233 234 235 236 237 238 
200 220 223 
175 192 211 
1 23 40 64 
86 108 136 
119 131 148 
121 137 167 
99 118 125 
173 199 210 230 
130 142 166 183 197 216 237 
112 126 153 154 
42 57 72 
147 156 179 190 
202 221 222 
16 30 47 
62 82 98 
49 54 73 
32 38 58 71 
45 61 76 
106 123 146 
83 87 114 
17 18 44 
29 37 66 
180 188 212 
174 194 206 238 
165 176 204 
152 163 178 
48 56 80 
60 84 100 104 
35 52 77 
6 27 51 67 
124 149 169 
168 181 196 
140 158 177 
182 195 213 
8 21 41 
110 129 139 
11 34 39 
79 92 103 
107 120 150 
134 141 164 
203 208 235 
