120 150 12 20
1 19
2 18
3 18
4 13
4 19
5 11
5 15
6 20
7 17
8 12
8 16
9 12
10 14
11 23
11 28
11 29
12 22
13 25
14 28
15 25
16 26
17 24
18 21
19 28
19 30
20 27
21 32
21 34
22 37
22 38
22 40
23 31
24 35
25 36
26 33
26 31
27 32
28 36
29 37
30 32
30 39
31 44
31 49
32 46
33 41
33 47
34 48
35 48
36 42
37 43
38 48
39 50
40 45
40 50
41 56
41 59
42 57
43 51
43 57
44 52
45 55
45 58
46 57
46 60
47 53
48 54
48 59
49 59
50 52
51 65
51 70
52 69
53 65
54 67
55 61
56 66
56 63
57 68
58 66
59 64
59 68
60 62
61 76
62 80
63 73
64 77
64 78
64 79
65 76
66 72
67 75
67 76
68 71
69 74
70 73
71 82
72 83
72 89
73 82
74 82
75 87
76 81
77 90
78 81
78 86
79 81
79 84
80 85
80 88
81 94
82 95
83 97
84 94
85 94
86 92
87 97
88 96
88 100
88 91
89 99
89 93
90 98
91 108
91 109
92 101
92 103
92 107
92 110
93 107
94 102
94 104
95 105
96 103
97 105
98 110
99 105
100 106
101 118
102 111
103 112
103 117
104 116
105 111
106 114
106 115
107 113
107 118
108 120
109 119
110 119
1 2 3 4 5 6 7 8 9 10 
11 12 13 14 15 16 17 18 19 20 
21 22 23 24 25 26 27 28 29 30 
31 32 33 34 35 36 37 38 39 40 
41 42 43 44 45 46 47 48 49 50 
51 52 53 54 55 56 57 58 59 60 
61 62 63 64 65 66 67 68 69 70 
71 72 73 74 75 76 77 78 79 80 
81 82 83 84 85 86 87 88 89 90 
91 92 93 94 95 96 97 98 99 100 
101 102 103 104 105 106 107 108 109 110 
111 112 113 114 115 116 117 118 119 120 
46 60 62 80 
52 69 74 82 
88 100 106 
21 34 48 
6 20 27 32 
90 98 110 
89 99 105 
79 84 94 
91 109 119 
51 70 73 
11 23 31 
67 75 87 97 
36 42 57 
33 47 53 65 
45 55 61 76 
92 101 118 
30 39 50 
10 14 28 
8 16 26 
4 13 25 
