168 210 12 27
1 27
2 15
3 21
4 24
5 20
5 26
6 28
7 16
7 25
8 28
9 23
10 22
11 24
12 17
13 18
13 19
13 22
14 21
15 40
16 30
17 39
18 34
19 29
19 31
20 42
20 30
21 39
22 41
23 32
23 35
24 33
25 36
25 37
26 41
27 41
28 38
29 46
30 45
31 53
32 50
32 51
33 49
34 44
34 49
35 48
36 54
37 51
38 51
39 47
39 55
40 46
40 56
41 52
42 43
43 68
44 66
45 62
46 63
47 67
47 59
47 62
48 66
49 69
49 61
50 70
50 61
51 65
51 61
52 68
53 68
54 64
54 60
55 58
56 57
56 61
57 75
57 82
58 79
58 84
59 73
60 73
60 76
61 78
62 77
63 72
63 73
63 81
64 71
64 74
64 83
65 81
66 80
67 77
68 78
69 81
70 71
71 86
72 94
73 97
74 91
75 96
75 95
76 86
76 89
76 92
77 86
78 87
78 93
79 85
80 97
81 90
82 86
82 88
83 98
84 98
85 104
85 106
86 103
86 111
86 112
87 104
88 107
88 112
89 101
90 104
91 109
92 104
93 102
93 109
94 100
94 110
95 100
96 99
97 108
97 112
98 105
99 125
100 121
101 116
102 114
102 119
103 123
104 113
104 124
105 117
105 126
106 120
106 122
107 116
108 115
109 114
110 118
111 114
112 117
113 135
114 136
115 131
116 127
117 135
118 140
119 131
120 134
121 129
122 128
122 132
123 133
124 131
124 138
125 130
125 137
126 134
126 139
127 150
128 144
129 153
130 152
131 145
131 147
132 143
132 149
132 152
133 153
134 141
135 153
136 150
137 142
137 151
138 148
139 144
139 154
140 146
141 162
142 157
143 168
143 155
144 167
145 166
146 166
146 159
147 155
147 156
148 162
149 161
149 164
150 166
151 161
151 163
152 160
153 165
154 158
1 2 3 4 5 6 7 8 9 10 11 12 13 14 
15 16 17 18 19 20 21 22 23 24 25 26 27 28 
29 30 31 32 33 34 35 36 37 38 39 40 41 42 
43 44 45 46 47 48 49 50 51 52 53 54 55 56 
57 58 59 60 61 62 63 64 65 66 67 68 69 70 
71 72 73 74 75 76 77 78 79 80 81 82 83 84 
85 86 87 88 89 90 91 92 93 94 95 96 97 98 
99 100 101 102 103 104 105 106 107 108 109 110 111 112 
113 114 115 116 117 118 119 120 121 122 123 124 125 126 
127 128 129 130 131 132 133 134 135 136 137 138 139 140 
141 142 143 144 145 146 147 148 149 150 151 152 153 154 
155 156 157 158 159 160 161 162 163 164 165 166 167 168 
25 36 54 
76 92 104 
110 118 140 146 
47 67 77 
50 70 71 
20 42 43 68 
58 84 98 
102 119 131 
86 111 114 
34 44 66 
2 15 40 
75 96 99 125 
122 128 144 
74 91 109 
138 148 162 
100 121 129 153 
89 101 116 
139 154 158 
30 45 62 
5 26 41 
137 142 157 
12 17 39 
24 33 49 
63 72 94 
28 38 51 
19 29 46 
106 120 134 
