250 380 10 38
1 30
1 39
2 36
2 47
3 27
3 28
3 50
4 44
5 34
5 49
6 33
6 49
7 32
7 34
7 45
8 42
8 49
9 31
9 38
10 50
11 29
11 49
12 27
13 35
13 42
14 30
14 41
14 49
15 43
16 49
16 50
17 37
17 45
17 48
18 39
19 27
19 40
20 34
21 30
21 48
22 46
23 49
24 26
24 45
25 47
26 55
26 56
26 70
27 63
28 54
29 53
29 61
30 55
31 54
31 65
32 68
33 73
34 51
34 74
35 57
36 72
37 73
38 70
39 71
39 75
40 59
40 60
41 71
42 57
43 58
43 70
44 67
44 72
44 73
45 66
46 52
47 55
47 69
48 52
48 62
49 54
50 52
50 64
51 77
51 82
52 98
52 99
53 85
54 80
55 92
55 97
56 100
57 88
58 98
59 79
59 81
59 90
60 95
61 78
61 85
62 95
63 91
64 90
65 77
66 83
66 93
67 86
67 89
67 96
68 93
69 87
69 98
70 84
70 94
70 95
71 85
72 96
73 76
73 95
74 91
75 92
76 111
76 121
77 106
77 115
77 124
78 112
79 105
80 112
81 114
82 115
82 125
83 107
84 109
85 110
86 118
87 105
88 102
88 106
89 101
89 114
89 120
90 107
91 104
91 114
92 107
92 113
93 108
93 119
94 123
95 111
96 116
97 111
98 105
99 103
99 117
99 122
100 123
101 142
101 126
102 140
103 132
103 141
104 143
105 137
106 127
107 138
107 148
108 135
108 140
108 142
109 145
110 130
111 136
111 144
112 131
112 147
113 150
114 137
115 144
116 128
116 144
117 138
117 144
118 139
119 149
120 134
120 145
121 129
122 137
122 146
123 143
124 150
125 130
125 133
126 158
126 172
127 165
127 166
127 175
128 158
128 166
129 169
130 152
131 167
132 155
132 160
132 162
133 155
133 165
133 170
134 159
135 154
135 159
135 168
135 171
136 165
136 173
137 154
137 156
137 161
138 154
139 159
139 175
140 154
140 165
140 167
141 158
142 153
143 152
143 153
143 156
144 161
144 162
144 163
145 164
145 170
145 173
146 158
146 164
146 174
147 170
148 151
148 157
149 153
149 154
150 158
150 169
150 175
151 177
151 186
152 179
152 191
152 193
152 195
153 177
154 177
154 199
155 190
156 191
157 193
157 196
158 192
158 194
159 176
159 177
160 188
160 199
161 177
162 186
162 200
163 178
164 177
164 183
165 198
166 182
166 187
167 184
167 189
168 186
169 193
169 199
170 180
171 177
172 181
173 193
174 177
175 185
175 191
175 197
176 222
177 211
177 225
178 214
179 201
179 213
179 222
180 216
181 222
182 202
182 206
182 210
182 217
183 205
184 209
184 213
184 220
185 208
185 212
185 218
186 215
187 202
187 207
187 212
188 205
188 220
189 203
190 213
190 215
191 204
191 222
191 223
192 209
192 213
192 218
193 204
193 208
193 225
194 225
195 209
195 211
195 220
196 213
196 221
197 216
197 218
197 219
198 223
198 225
199 208
199 223
199 224
200 213
201 235
202 232
202 250
203 231
203 243
203 245
204 247
205 249
206 229
206 239
206 245
207 233
207 246
208 241
209 232
209 236
210 228
211 226
211 244
212 235
213 234
213 241
214 246
215 238
215 245
216 248
217 248
218 229
218 230
219 246
220 229
221 237
222 228
223 242
224 240
225 227
225 248
1 2 3 4 5 6 7 8 9 10 11 12 13 14 15 16 17 18 19 20 21 22 23 24 25 
26 27 28 29 30 31 32 33 34 35 36 37 38 39 40 41 42 43 44 45 46 47 48 49 50 
51 52 53 54 55 56 57 58 59 60 61 62 63 64 65 66 67 68 69 70 71 72 73 74 75 
76 77 78 79 80 81 82 83 84 85 86 87 88 89 90 91 92 93 94 95 96 97 98 99 100 
101 102 103 104 105 106 107 108 109 110 111 112 113 114 115 116 117 118 119 120 121 122 123 124 125 
126 127 128 129 130 131 132 133 134 135 136 137 138 139 140 141 142 143 144 145 146 147 148 149 150 
151 152 153 154 155 156 157 158 159 160 161 162 163 164 165 166 167 168 169 170 171 172 173 174 175 
176 177 178 179 180 181 182 183 184 185 186 187 188 189 190 191 192 193 194 195 196 197 198 199 200 
201 202 203 204 205 206 207 208 209 210 211 212 213 214 215 216 217 218 219 220 221 222 223 224 225 
226 227 228 229 230 231 232 233 234 235 236 237 238 239 240 241 242 243 244 245 246 247 248 249 250 
67 86 118 139 
162 200 213 
163 178 214 246 
66 83 107 
2 36 72 
48 62 95 
17 37 73 
7 32 68 93 
88 102 140 
112 147 170 
158 194 225 
91 104 143 
135 168 186 
14 41 71 
9 38 70 
121 129 169 
31 65 77 
55 97 111 
22 46 52 
146 174 177 
196 221 237 
29 53 85 
126 172 181 222 
199 224 240 
182 217 248 
43 58 98 
167 189 203 
92 113 150 
13 35 57 
59 81 114 
164 183 205 
84 109 145 
120 134 159 
3 28 54 
56 100 123 
69 87 105 
50 64 90 
179 201 235 
