176 225 16 32
1 21
2 16
3 15
4 15
5 19
6 18
6 20
6 22
7 12
7 21
8 13
8 16
9 17
10 16
11 14
12 28
13 33
13 26
14 25
14 30
15 24
16 24
17 32
18 29
18 31
19 23
19 28
20 28
21 27
22 25
23 41
23 43
24 34
25 35
26 40
27 38
27 44
28 39
29 38
30 36
31 37
32 41
33 39
33 42
34 45
35 45
35 47
36 49
36 51
37 50
37 54
38 48
39 48
40 46
40 48
41 50
42 52
43 52
44 53
44 55
45 56
45 61
46 64
47 64
48 60
49 57
50 59
51 66
51 58
51 62
52 61
53 65
54 66
55 63
56 70
56 72
57 67
58 71
59 75
59 77
60 67
61 67
62 77
63 69
63 73
63 76
64 67
65 74
66 68
67 78
68 87
69 87
70 78
70 85
71 80
72 81
72 82
72 83
73 84
73 88
74 82
75 86
76 87
77 79
77 86
78 93
79 89
80 97
81 97
82 91
82 94
83 90
84 96
85 95
86 98
86 92
87 90
88 99
89 101
90 100
90 101
90 104
90 105
90 108
91 109
92 105
93 103
93 110
94 101
95 103
96 102
97 100
98 106
98 107
99 109
100 119
101 121
102 120
103 115
103 117
104 118
105 120
106 117
107 113
107 116
108 112
108 114
109 119
110 111
111 128
111 122
112 131
113 124
114 129
114 132
115 130
116 131
117 123
118 126
119 130
119 125
120 130
120 127
121 129
122 137
123 139
124 137
124 140
125 141
125 142
126 143
127 136
127 143
128 141
129 141
130 134
131 133
131 138
132 135
133 148
133 150
134 144
135 146
135 153
136 149
137 147
138 146
139 146
140 152
140 154
141 145
141 146
142 149
143 144
143 151
144 162
144 155
145 161
146 161
147 161
147 162
147 157
148 160
149 159
150 164
150 158
151 156
152 162
153 162
153 165
154 163
155 167
155 175
156 172
157 171
158 168
159 166
160 170
160 176
161 168
162 174
163 169
163 173
164 168
165 169
1 2 3 4 5 6 7 8 9 10 11 
12 13 14 15 16 17 18 19 20 21 22 
23 24 25 26 27 28 29 30 31 32 33 
34 35 36 37 38 39 40 41 42 43 44 
45 46 47 48 49 50 51 52 53 54 55 
56 57 58 59 60 61 62 63 64 65 66 
67 68 69 70 71 72 73 74 75 76 77 
78 79 80 81 82 83 84 85 86 87 88 
89 90 91 92 93 94 95 96 97 98 99 
100 101 102 103 104 105 106 107 108 109 110 
111 112 113 114 115 116 117 118 119 120 121 
122 123 124 125 126 127 128 129 130 131 132 
133 134 135 136 137 138 139 140 141 142 143 
144 145 146 147 148 149 150 151 152 153 154 
155 156 157 158 159 160 161 162 163 164 165 
166 167 168 169 170 171 172 173 174 175 176 
85 95 103 
44 55 63 
125 142 149 
18 29 38 
40 46 64 
114 132 135 
151 156 172 
7 12 28 
79 89 101 
111 128 141 
51 58 71 80 97 
117 123 139 146 
36 49 57 67 
73 88 99 109 
107 113 124 
59 75 86 
17 32 41 
108 112 131 
53 65 74 82 
150 158 168 
84 96 102 120 
153 165 169 
24 34 45 
6 22 25 
130 134 144 
33 42 52 
133 148 160 
37 54 66 
118 126 143 
140 152 162 
72 83 90 
147 157 171 
