220 292 20 40
1 13
1 16
2 13
3 17
3 20
4 22
5 21
6 12
7 12
8 14
9 18
10 15
10 20
11 19
12 24
12 28
13 26
13 28
14 33
15 33
16 28
16 29
17 25
17 27
18 30
19 23
20 32
20 28
21 28
21 31
22 23
23 38
24 34
24 42
25 38
25 40
26 36
26 41
27 37
28 35
28 38
28 44
29 36
30 44
31 39
31 42
32 43
33 43
34 46
34 54
34 55
35 51
36 52
37 50
38 51
39 46
40 49
41 45
41 50
42 48
42 49
43 53
44 47
44 49
44 52
45 66
45 62
46 57
47 57
47 59
48 64
48 56
49 66
50 64
50 65
51 63
52 60
52 61
53 64
54 64
55 64
55 58
56 74
56 76
57 69
57 70
58 73
59 71
60 72
60 75
61 75
62 76
63 70
64 67
64 68
65 71
66 77
67 78
67 86
68 84
68 85
69 82
70 83
70 85
71 87
72 79
73 82
74 86
75 85
75 88
76 80
76 81
77 85
78 97
79 93
80 92
81 97
82 96
82 98
82 95
83 99
83 94
84 89
84 95
85 91
85 92
86 99
87 97
88 90
88 93
89 110
90 108
90 109
91 100
91 103
91 105
92 102
93 101
93 104
93 107
94 110
95 100
96 106
97 110
98 109
99 105
100 112
100 113
101 114
101 115
102 119
103 118
104 116
105 111
106 118
107 118
108 117
109 120
109 121
110 119
111 128
111 127
112 131
113 130
114 131
115 129
115 130
116 123
117 124
118 122
119 123
120 125
121 132
121 126
122 139
123 136
123 137
124 134
125 133
126 134
127 140
128 143
129 133
130 142
131 135
131 138
132 141
133 151
134 147
134 150
135 145
135 149
136 144
136 153
136 154
137 145
138 151
139 144
140 145
140 148
141 146
142 151
143 152
144 155
144 157
145 157
146 163
147 156
147 158
147 159
148 160
149 160
150 162
150 165
151 163
152 164
153 157
154 161
155 169
155 171
156 166
157 166
158 167
159 167
159 172
160 168
161 170
161 173
162 174
162 175
163 174
164 168
165 176
166 184
167 183
168 185
169 187
170 182
171 186
171 187
172 178
172 181
173 179
173 185
174 177
175 180
175 182
176 185
177 195
177 190
178 197
179 192
179 189
180 191
181 193
181 196
182 194
183 195
184 194
184 198
184 188
185 194
186 195
187 189
188 199
189 200
190 206
191 208
192 207
193 201
194 202
194 204
195 199
195 205
196 203
197 201
198 206
198 209
199 214
200 217
201 212
202 216
202 219
203 210
203 213
204 218
205 211
206 210
206 220
207 215
208 217
209 214
1 2 3 4 5 6 7 8 9 10 11 
12 13 14 15 16 17 18 19 20 21 22 
23 24 25 26 27 28 29 30 31 32 33 
34 35 36 37 38 39 40 41 42 43 44 
45 46 47 48 49 50 51 52 53 54 55 
56 57 58 59 60 61 62 63 64 65 66 
67 68 69 70 71 72 73 74 75 76 77 
78 79 80 81 82 83 84 85 86 87 88 
89 90 91 92 93 94 95 96 97 98 99 
100 101 102 103 104 105 106 107 108 109 110 
111 112 113 114 115 116 117 118 119 120 121 
122 123 124 125 126 127 128 129 130 131 132 
133 134 135 136 137 138 139 140 141 142 143 
144 145 146 147 148 149 150 151 152 153 154 
155 156 157 158 159 160 161 162 163 164 165 
166 167 168 169 170 171 172 173 174 175 176 
177 178 179 180 181 182 183 184 185 186 187 
188 189 190 191 192 193 194 195 196 197 198 
199 200 201 202 203 204 205 206 207 208 209 
210 211 212 213 214 215 216 217 218 219 220 
181 193 201 
93 104 116 123 
50 65 71 
109 120 125 133 
136 154 161 
11 19 23 
8 14 33 
147 156 166 
76 80 92 
184 188 199 
165 176 185 
66 77 85 
84 89 110 
67 78 97 
117 124 134 
128 143 152 164 168 
194 204 218 
52 61 75 
96 106 118 
34 54 64 
100 113 130 
51 63 70 
175 180 191 208 217 
167 183 195 
177 190 206 
56 74 86 
131 138 151 
155 169 187 
111 127 140 
31 39 46 
55 58 73 82 
18 30 44 
16 29 36 
132 141 146 163 
192 207 215 
122 139 144 
20 32 43 
198 209 214 
135 149 160 
25 40 49 
