143 179 11 28
1 17
2 21
2 24
3 22
4 15
5 15
6 16
7 23
8 18
8 20
9 14
9 22
9 23
10 19
11 22
12 26
13 25
14 29
15 30
16 38
17 34
17 36
18 31
19 28
20 29
21 35
21 28
22 37
23 28
24 32
25 33
25 39
25 31
26 27
27 45
28 48
29 49
30 43
30 45
30 47
31 49
31 51
32 44
32 49
33 48
34 41
35 42
35 52
36 45
37 40
38 40
39 46
39 50
40 55
41 58
41 62
42 61
43 54
44 57
44 63
45 60
45 62
46 65
47 57
48 59
49 62
50 64
50 59
51 53
52 56
53 69
54 66
54 76
55 66
56 75
57 70
58 70
59 73
60 67
60 77
61 71
61 72
62 71
63 75
64 68
64 73
64 74
65 71
65 78
66 79
66 85
67 90
68 81
69 88
70 84
70 89
71 82
71 90
72 87
73 86
73 91
74 81
75 80
76 83
77 86
78 80
79 100
79 103
80 100
80 95
81 92
82 93
83 102
83 93
84 96
84 94
85 101
86 99
86 104
87 97
87 92
88 98
89 92
90 98
91 100
92 115
93 105
94 111
95 112
96 109
97 110
98 116
99 108
100 106
100 116
101 116
102 112
102 114
103 107
104 113
104 117
105 129
106 122
106 127
107 128
107 130
108 119
109 124
110 125
111 118
111 123
112 119
113 122
114 119
115 123
116 121
116 122
117 120
117 122
117 126
118 138
119 131
119 133
120 131
120 141
120 142
121 135
122 131
122 132
122 134
123 137
124 138
125 143
126 136
127 131
128 135
128 139
129 140
130 143
1 2 3 4 5 6 7 8 9 10 11 12 13 
14 15 16 17 18 19 20 21 22 23 24 25 26 
27 28 29 30 31 32 33 34 35 36 37 38 39 
40 41 42 43 44 45 46 47 48 49 50 51 52 
53 54 55 56 57 58 59 60 61 62 63 64 65 
66 67 68 69 70 71 72 73 74 75 76 77 78 
79 80 81 82 83 84 85 86 87 88 89 90 91 
92 93 94 95 96 97 98 99 100 101 102 103 104 
105 106 107 108 109 110 111 112 113 114 115 116 117 
118 119 120 121 122 123 124 125 126 127 128 129 130 
131 132 133 134 135 136 137 138 139 140 141 142 143 
44 63 75 
79 103 107 
60 67 90 
106 127 131 
97 110 125 143 
96 109 124 138 
16 38 40 
105 129 140 
26 27 45 
65 78 80 
9 14 29 
31 51 53 69 88 98 
84 94 111 
66 85 101 116 
73 91 100 
54 76 83 
64 68 81 
17 34 41 
117 126 136 
86 99 108 119 
2 24 32 
104 113 122 
25 33 48 
10 19 28 
70 89 92 
35 42 61 
30 47 57 
71 82 93 
