240 315 20 45
1 16
1 17
2 18
3 14
3 15
4 24
5 23
6 24
7 23
8 24
9 24
10 13
10 20
10 23
11 21
11 22
12 17
12 19
13 26
13 30
14 30
15 29
16 27
17 34
18 36
19 33
20 30
21 27
22 32
22 34
23 33
23 25
23 28
24 35
24 31
25 40
26 47
27 38
28 46
29 41
30 44
30 47
31 41
31 43
32 48
33 42
34 40
34 45
35 39
35 47
36 37
37 52
37 59
38 57
39 53
40 60
41 49
42 60
43 53
44 58
45 51
45 55
46 56
47 54
48 50
48 52
49 66
49 67
50 66
51 70
52 63
53 64
53 70
53 72
54 66
54 69
54 71
55 68
55 62
56 65
57 70
58 66
59 61
60 69
61 74
61 77
61 82
62 81
63 75
64 79
65 83
66 74
67 78
67 80
67 84
68 83
69 73
69 76
69 79
70 74
71 77
72 74
73 89
74 93
75 86
76 85
77 86
77 87
78 96
78 95
79 93
80 94
81 88
82 86
83 88
83 90
83 94
84 91
84 92
85 97
85 108
86 102
86 106
87 102
88 98
89 103
89 105
89 108
90 104
91 100
91 101
91 103
92 108
93 107
94 102
95 99
95 103
96 108
97 119
98 109
99 114
99 115
99 117
100 119
101 110
102 119
103 110
103 118
104 110
105 111
106 112
106 116
107 117
107 120
108 112
108 113
109 131
109 125
110 130
111 128
112 127
113 121
113 126
114 130
115 130
116 122
116 123
117 132
118 125
119 124
119 125
120 129
120 127
121 134
121 135
122 139
122 141
122 143
123 142
124 139
125 133
126 137
126 138
127 140
128 136
129 136
130 144
131 142
132 144
133 152
133 155
134 145
134 155
135 151
136 151
137 153
138 156
139 147
139 149
139 150
140 148
141 148
142 146
143 154
144 155
145 161
146 165
146 158
147 162
147 167
148 161
149 157
150 158
151 160
152 163
152 158
153 159
154 166
155 164
156 168
157 171
158 179
159 176
160 176
161 169
161 175
162 171
163 173
163 180
164 178
165 180
166 170
166 174
166 177
167 172
168 176
169 182
170 184
171 187
172 183
172 189
172 190
173 188
174 192
175 191
176 186
177 185
177 187
178 183
179 182
180 181
181 204
182 193
182 202
183 197
184 196
184 199
185 200
186 197
186 203
187 195
188 195
189 197
190 201
191 198
192 194
192 204
193 208
194 213
195 214
196 211
197 205
197 209
198 208
199 206
199 210
200 216
201 212
202 207
202 215
203 214
204 212
205 224
205 225
205 219
206 219
207 228
208 227
209 218
209 222
210 221
211 228
212 217
212 220
213 220
214 223
215 219
216 226
216 220
217 234
217 240
218 233
219 229
219 236
220 236
221 230
222 232
223 231
224 234
225 235
225 238
226 239
227 237
227 238
228 230
1 2 3 4 5 6 7 8 9 10 11 12 
13 14 15 16 17 18 19 20 21 22 23 24 
25 26 27 28 29 30 31 32 33 34 35 36 
37 38 39 40 41 42 43 44 45 46 47 48 
49 50 51 52 53 54 55 56 57 58 59 60 
61 62 63 64 65 66 67 68 69 70 71 72 
73 74 75 76 77 78 79 80 81 82 83 84 
85 86 87 88 89 90 91 92 93 94 95 96 
97 98 99 100 101 102 103 104 105 106 107 108 
109 110 111 112 113 114 115 116 117 118 119 120 
121 122 123 124 125 126 127 128 129 130 131 132 
133 134 135 136 137 138 139 140 141 142 143 144 
145 146 147 148 149 150 151 152 153 154 155 156 
157 158 159 160 161 162 163 164 165 166 167 168 
169 170 171 172 173 174 175 176 177 178 179 180 
181 182 183 184 185 186 187 188 189 190 191 192 
193 194 195 196 197 198 199 200 201 202 203 204 
205 206 207 208 209 210 211 212 213 214 215 216 
217 218 219 220 221 222 223 224 225 226 227 228 
229 230 231 232 233 234 235 236 237 238 239 240 
122 143 154 166 
117 132 144 
172 189 197 
10 20 30 
69 76 85 
2 18 36 37 
53 72 74 
12 19 33 
182 193 208 
184 196 211 228 
22 32 48 
103 118 125 
209 218 233 
155 164 178 183 
156 168 176 
180 181 204 
1 16 27 
139 149 157 171 
199 206 219 
121 135 151 
190 201 212 
62 81 88 
38 57 70 
89 105 111 128 136 
52 63 75 86 
177 185 200 216 
46 56 65 83 
210 221 230 
99 114 130 
163 173 188 195 
78 96 108 
109 131 142 
91 100 119 
13 26 47 
67 80 94 
214 223 231 
15 29 41 
54 71 77 
127 140 148 
90 104 110 
194 213 220 
23 25 40 
205 224 234 
134 145 161 
44 58 66 
