120 150 12 17
1 15
2 13
3 13
4 14
5 16
5 19
6 14
7 12
8 11
8 17
9 16
10 18
10 20
11 29
12 24
13 21
14 28
14 30
15 21
15 22
15 27
16 23
17 23
18 30
19 25
19 27
20 26
21 37
22 33
23 37
24 34
25 33
25 38
26 39
27 37
27 40
27 31
28 35
28 36
29 34
30 32
31 45
32 43
33 50
34 41
34 45
34 48
35 42
35 43
35 49
36 47
37 44
38 46
39 46
40 46
41 59
42 56
42 58
43 52
44 52
44 59
44 60
45 51
46 53
46 57
47 54
48 55
49 55
50 52
51 67
52 62
53 65
53 66
54 64
55 69
55 63
56 68
57 69
58 65
59 65
60 70
60 61
61 71
62 79
63 73
63 80
64 72
64 75
65 71
66 71
67 79
68 74
68 76
69 72
69 78
70 77
71 88
72 84
73 82
74 90
75 90
76 81
76 84
76 86
77 83
77 87
78 88
79 84
79 85
80 89
81 99
81 91
81 95
82 97
83 94
84 93
85 95
86 98
87 95
88 92
89 100
89 94
90 96
91 104
92 109
93 103
93 106
94 105
95 110
96 107
97 104
98 101
98 106
98 107
99 102
99 108
100 106
101 113
102 119
103 112
103 118
104 116
105 117
106 114
106 117
107 120
108 115
109 112
110 111
110 116
1 2 3 4 5 6 7 8 9 10 
11 12 13 14 15 16 17 18 19 20 
21 22 23 24 25 26 27 28 29 30 
31 32 33 34 35 36 37 38 39 40 
41 42 43 44 45 46 47 48 49 50 
51 52 53 54 55 56 57 58 59 60 
61 62 63 64 65 66 67 68 69 70 
71 72 73 74 75 76 77 78 79 80 
81 82 83 84 85 86 87 88 89 90 
91 92 93 94 95 96 97 98 99 100 
101 102 103 104 105 106 107 108 109 110 
111 112 113 114 115 116 117 118 119 120 
30 32 43 
77 83 94 
99 102 119 
26 39 46 
88 92 109 112 
53 66 71 
90 96 107 
73 82 97 104 
35 49 55 
12 24 34 
47 54 64 
15 22 33 
42 56 68 
45 51 67 79 
8 17 23 
76 86 98 
89 100 106 
