234 311 18 40
1 19
1 25
2 25
3 14
3 26
4 24
5 20
6 15
7 21
7 23
8 15
9 22
10 16
11 18
12 18
13 17
13 20
14 33
15 27
16 35
17 30
18 38
19 28
20 36
21 29
22 39
22 31
23 31
24 36
25 34
25 37
26 32
27 51
28 51
29 43
30 48
31 41
31 52
32 42
32 49
33 42
34 42
34 46
35 40
35 47
35 50
36 42
36 44
37 50
38 50
39 45
40 59
41 65
41 54
41 58
42 54
42 59
42 60
43 64
43 53
44 61
45 57
46 55
47 58
48 63
49 61
50 62
51 54
51 56
52 61
53 66
54 72
55 66
56 67
56 69
57 78
58 67
58 74
59 68
59 73
60 78
61 66
61 71
62 76
63 75
63 77
64 78
65 70
65 72
66 85
67 87
68 84
68 86
69 86
70 79
70 85
70 90
71 86
72 86
73 85
74 83
75 81
76 80
76 82
76 91
77 82
77 88
77 89
78 85
79 96
79 92
80 100
81 100
82 99
82 102
83 97
84 95
85 93
86 98
87 102
88 100
89 101
89 103
90 98
90 104
91 102
91 94
92 108
93 106
93 117
94 110
95 105
96 110
97 116
98 110
98 112
99 111
99 114
100 111
100 113
101 110
102 107
102 108
102 115
103 105
103 109
104 108
105 126
106 123
107 127
108 120
108 124
109 129
109 120
110 125
111 118
111 122
112 130
113 118
114 128
114 121
115 119
115 126
116 130
117 121
118 131
119 136
119 142
120 135
120 138
121 132
121 140
122 138
122 142
122 143
123 139
124 132
125 137
126 137
127 132
128 137
128 141
129 133
130 134
131 149
132 148
132 150
133 149
134 146
135 155
136 145
136 152
137 153
138 152
139 144
139 147
140 149
140 156
141 152
142 154
143 151
144 162
145 163
146 160
147 163
148 161
149 165
149 158
150 162
150 168
151 167
151 159
152 160
153 164
153 166
154 169
154 157
155 169
156 158
157 175
157 177
158 173
159 171
160 170
160 179
161 174
161 176
161 181
162 178
163 174
163 180
164 178
165 181
166 181
167 181
168 182
169 172
169 178
170 194
170 189
171 195
172 183
173 183
174 191
175 195
176 190
177 187
178 193
178 183
179 192
179 186
180 185
180 188
181 194
181 184
182 192
183 200
184 197
185 206
185 208
186 197
187 196
188 205
189 198
189 201
189 202
190 204
191 207
192 204
193 198
194 203
195 199
195 206
196 209
197 221
198 210
198 216
198 218
199 214
200 219
201 209
202 220
203 215
204 215
205 212
205 217
205 221
206 213
207 211
207 214
208 213
209 225
209 230
209 232
210 234
211 227
211 233
212 234
213 228
213 229
214 233
215 226
216 226
217 224
217 223
218 233
219 231
219 223
220 230
221 230
221 222
1 2 3 4 5 6 7 8 9 10 11 12 13 
14 15 16 17 18 19 20 21 22 23 24 25 26 
27 28 29 30 31 32 33 34 35 36 37 38 39 
40 41 42 43 44 45 46 47 48 49 50 51 52 
53 54 55 56 57 58 59 60 61 62 63 64 65 
66 67 68 69 70 71 72 73 74 75 76 77 78 
79 80 81 82 83 84 85 86 87 88 89 90 91 
92 93 94 95 96 97 98 99 100 101 102 103 104 
105 106 107 108 109 110 111 112 113 114 115 116 117 
118 119 120 121 122 123 124 125 126 127 128 129 130 
131 132 133 134 135 136 137 138 139 140 141 142 143 
144 145 146 147 148 149 150 151 152 153 154 155 156 
157 158 159 160 161 162 163 164 165 166 167 168 169 
170 171 172 173 174 175 176 177 178 179 180 181 182 
183 184 185 186 187 188 189 190 191 192 193 194 195 
196 197 198 199 200 201 202 203 204 205 206 207 208 
209 210 211 212 213 214 215 216 217 218 219 220 221 
222 223 224 225 226 227 228 229 230 231 232 233 234 
198 216 226 
22 39 45 57 78 
56 69 86 
91 94 110 
97 116 130 
93 117 121 
122 143 151 
183 200 219 
180 188 205 
159 171 195 
3 26 32 
132 148 161 
189 201 209 
106 123 139 
15 27 51 
68 84 95 105 
67 87 102 
79 92 108 
100 113 118 
202 220 230 
25 37 50 
13 17 30 48 63 
7 23 31 
43 53 66 
181 184 197 
185 208 213 
174 191 207 
128 141 152 
35 40 59 
136 145 163 
168 182 192 
134 146 160 
120 135 155 169 
153 164 178 
140 156 158 
4 24 36 
176 190 204 
129 133 149 
14 33 42 
194 203 215 
