60 91 6 4
1 14
2 19
3 14
4 11
5 18
6 17
6 19
6 20
7 16
8 11
8 12
9 15
10 13
11 28
12 22
12 23
12 25
13 23
13 28
14 25
15 26
16 23
16 28
16 29
17 22
17 24
18 21
18 29
19 22
19 23
19 27
19 30
20 23
20 24
20 27
21 40
21 31
22 32
23 36
24 37
24 39
25 39
26 34
27 32
27 37
27 40
28 35
28 36
29 37
30 33
30 38
31 41
31 42
32 50
33 42
34 46
34 47
34 49
35 48
35 50
36 45
37 49
38 44
39 43
39 45
39 46
40 49
41 52
41 57
41 60
42 52
43 56
44 51
44 54
44 58
44 59
45 52
45 54
45 57
46 52
46 59
46 60
47 57
47 59
48 53
49 53
49 56
50 52
50 55
50 57
50 59
1 2 3 4 5 6 7 8 9 10 
11 12 13 14 15 16 17 18 19 20 
21 22 23 24 25 26 27 28 29 30 
31 32 33 34 35 36 37 38 39 40 
41 42 43 44 45 46 47 48 49 50 
51 52 53 54 55 56 57 58 59 60 
30 38 44 
35 48 53 
9 15 26 34 
39 43 56 
