72 88 9 11
1 10
2 10
3 12
4 12
5 9
5 11
5 13
6 12
6 16
7 12
7 14
8 13
8 15
9 18
9 19
10 20
11 18
12 23
13 22
13 23
13 24
14 17
14 20
15 23
16 20
16 21
17 31
18 32
18 31
19 25
19 27
20 30
21 26
22 26
22 29
23 30
24 26
24 28
25 38
26 39
27 34
27 39
28 37
28 38
29 35
30 40
31 33
32 36
33 44
34 45
34 48
35 46
36 47
37 43
38 46
39 44
40 41
40 42
41 56
42 50
43 53
43 54
44 49
45 52
46 55
47 51
48 50
49 63
50 60
51 59
52 59
53 58
53 62
54 64
55 63
56 57
56 61
57 68
58 66
59 66
60 66
61 69
62 65
62 71
63 66
64 67
64 70
64 72
1 2 3 4 5 6 7 8 
9 10 11 12 13 14 15 16 
17 18 19 20 21 22 23 24 
25 26 27 28 29 30 31 32 
33 34 35 36 37 38 39 40 
41 42 43 44 45 46 47 48 
49 50 51 52 53 54 55 56 
57 58 59 60 61 62 63 64 
65 66 67 68 69 70 71 72 
50 60 66 
36 47 51 59 
14 17 31 
56 57 68 
22 29 35 46 
43 54 64 
19 25 38 
16 21 26 
5 11 18 
44 49 63 
8 15 23 
