45 53 9 8
1 8
1 9
2 10
3 7
4 6
5 9
6 15
7 14
8 11
8 12
9 14
10 13
10 14
11 18
12 16
13 17
14 18
14 20
15 17
15 19
16 24
17 25
18 22
18 25
19 21
19 23
20 25
21 26
22 26
22 29
23 27
23 30
24 28
25 28
26 33
26 34
27 31
28 35
29 35
30 32
31 39
32 37
32 38
33 39
34 36
34 40
35 39
36 45
37 42
38 42
38 43
39 41
40 44
1 2 3 4 5 
6 7 8 9 10 
11 12 13 14 15 
16 17 18 19 20 
21 22 23 24 25 
26 27 28 29 30 
31 32 33 34 35 
36 37 38 39 40 
41 42 43 44 45 
19 21 26 
22 29 35 
3 7 14 
12 16 24 28 
32 37 42 
4 6 15 
23 27 31 39 
8 11 18 
