48 62 6 7
1 9
1 12
1 13
1 15
2 15
3 10
4 14
5 11
5 14
6 15
7 15
8 15
8 16
9 18
10 19
11 19
11 22
11 23
12 23
13 24
14 17
14 21
15 20
16 18
16 20
17 32
18 30
19 28
19 29
20 26
20 29
20 31
21 32
21 25
21 28
22 32
23 25
23 26
23 30
24 26
24 27
24 29
25 40
26 34
27 38
28 35
29 33
30 36
30 37
30 39
31 35
32 38
33 46
34 44
35 42
35 48
36 47
37 47
38 43
38 45
39 46
40 41
1 2 3 4 5 6 7 8 
9 10 11 12 13 14 15 16 
17 18 19 20 21 22 23 24 
25 26 27 28 29 30 31 32 
33 34 35 36 37 38 39 40 
41 42 43 44 45 46 47 48 
24 27 38 
30 37 47 
11 22 32 
1 12 23 
20 31 35 
25 40 41 
29 33 46 
