54 69 9 9
1 12
2 7
2 9
3 11
4 9
5 10
6 8
7 14
7 15
8 16
9 17
10 17
10 18
11 14
12 13
12 14
13 21
14 20
14 23
15 23
16 19
16 22
16 24
17 19
18 24
19 27
19 28
20 26
21 25
21 29
22 30
23 27
24 26
25 31
26 34
27 32
28 34
28 35
29 33
29 36
30 32
31 37
31 39
32 39
33 39
33 40
34 42
35 41
35 42
36 38
36 39
37 46
37 48
38 44
38 45
38 48
39 43
39 48
40 45
41 47
42 47
43 52
44 49
45 50
45 51
46 50
47 54
48 49
48 53
1 2 3 4 5 6 
7 8 9 10 11 12 
13 14 15 16 17 18 
19 20 21 22 23 24 
25 26 27 28 29 30 
31 32 33 34 35 36 
37 38 39 40 41 42 
43 44 45 46 47 48 
49 50 51 52 53 54 
12 13 21 
14 20 26 
16 22 30 32 
10 18 24 
7 15 23 
37 46 50 
33 40 45 
39 43 52 
38 44 49 
