80 112 8 8
1 16
1 18
1 20
2 11
2 14
2 19
3 12
3 14
3 18
4 16
5 15
6 16
6 17
7 13
7 15
8 13
9 13
9 15
9 20
10 14
11 26
12 25
13 24
14 22
15 22
16 21
17 28
17 29
17 30
18 27
18 29
19 23
20 26
21 36
22 40
23 36
24 35
25 34
25 37
26 33
26 38
26 39
27 31
28 39
29 36
30 32
31 44
31 49
32 41
32 46
33 43
34 48
35 46
35 49
35 50
36 49
37 47
37 48
38 43
39 42
40 45
41 58
42 53
42 55
42 60
43 57
43 58
44 51
44 52
44 54
45 52
46 51
46 58
47 51
47 55
47 56
47 58
48 57
49 57
49 59
50 58
51 70
52 67
52 63
53 69
53 63
54 64
54 62
55 61
56 62
57 66
57 61
58 70
58 63
59 65
59 61
60 68
60 61
61 79
62 71
62 74
62 77
63 76
64 80
65 78
66 78
67 73
68 72
69 80
70 72
70 75
70 76
1 2 3 4 5 6 7 8 9 10 
11 12 13 14 15 16 17 18 19 20 
21 22 23 24 25 26 27 28 29 30 
31 32 33 34 35 36 37 38 39 40 
41 42 43 44 45 46 47 48 49 50 
51 52 53 54 55 56 57 58 59 60 
61 62 63 64 65 66 67 68 69 70 
71 72 73 74 75 76 77 78 79 80 
47 56 62 
22 40 45 52 
2 11 26 
54 64 80 
32 41 58 
19 23 36 
13 24 35 
18 27 31 
