70 103 7 9
1 11
2 11
3 12
4 11
5 15
6 12
6 14
7 12
7 18
8 13
9 19
10 16
10 17
10 20
11 21
12 21
13 23
14 23
14 27
15 21
15 23
15 26
16 24
16 27
17 30
18 27
18 30
19 21
19 22
19 29
20 23
20 25
20 28
21 36
22 37
23 38
24 32
24 37
24 39
25 36
25 31
26 34
26 38
27 38
28 39
28 40
28 31
29 33
29 35
30 39
31 44
31 48
32 47
33 45
34 42
35 49
36 49
37 46
37 47
38 41
38 43
38 49
39 50
40 49
41 51
41 58
42 56
42 59
43 52
43 57
43 58
43 59
44 56
44 57
44 59
45 54
45 58
46 53
46 55
46 56
47 52
48 54
48 56
49 52
49 56
50 51
50 52
50 58
50 60
51 65
51 67
52 64
53 70
53 61
54 69
55 64
56 62
57 66
57 63
58 66
58 68
59 66
60 66
1 2 3 4 5 6 7 8 9 10 
11 12 13 14 15 16 17 18 19 20 
21 22 23 24 25 26 27 28 29 30 
31 32 33 34 35 36 37 38 39 40 
41 42 43 44 45 46 47 48 49 50 
51 52 53 54 55 56 57 58 59 60 
61 62 63 64 65 66 67 68 69 70 
26 34 42 
50 60 66 
8 13 23 
19 22 37 
29 33 45 
46 55 64 
28 40 49 
24 32 47 
10 17 30 
