54 69 9 6
1 10
2 9
2 11
3 12
4 12
5 7
5 8
5 10
6 7
7 17
8 18
9 14
9 16
10 15
10 18
11 14
12 13
12 17
13 24
14 20
15 19
15 23
16 22
17 20
18 21
18 24
19 26
20 27
21 26
21 29
22 28
22 30
23 26
24 25
24 27
25 34
25 35
26 31
27 36
28 34
29 32
29 33
30 33
31 41
32 42
33 37
33 39
34 41
35 38
36 38
36 40
36 41
37 45
38 44
38 48
39 45
40 47
41 47
42 43
42 46
43 50
44 50
44 51
44 53
45 49
46 49
47 50
48 52
48 54
1 2 3 4 5 6 
7 8 9 10 11 12 
13 14 15 16 17 18 
19 20 21 22 23 24 
25 26 27 28 29 30 
31 32 33 34 35 36 
37 38 39 40 41 42 
43 44 45 46 47 48 
49 50 51 52 53 54 
36 40 47 
15 19 26 
25 35 38 
33 37 45 
29 32 42 
12 13 24 
