80 130 8 9
1 14
2 16
3 12
4 18
4 19
5 14
6 19
6 20
7 11
8 14
8 15
8 17
9 13
10 19
11 22
11 27
11 28
12 23
12 27
13 30
14 30
15 25
15 30
16 21
17 21
18 21
18 26
18 27
19 26
20 24
20 29
21 38
21 39
21 31
22 33
23 32
23 35
23 40
24 37
25 33
25 34
25 35
26 36
26 40
27 32
27 33
27 35
28 34
29 39
30 39
31 41
32 44
33 41
34 41
35 43
36 41
37 42
38 44
38 46
38 49
39 45
39 47
39 48
39 50
40 42
41 60
42 58
43 57
44 56
45 53
45 55
46 52
46 57
47 51
48 54
48 59
49 60
50 56
51 65
51 67
52 65
52 69
52 70
52 62
53 64
53 68
53 70
53 63
54 64
54 66
54 68
55 67
55 62
56 70
56 61
56 62
57 66
57 70
57 63
58 65
58 68
58 62
59 64
59 66
59 68
59 70
60 67
61 73
61 79
62 73
62 80
63 71
64 71
64 73
64 74
65 76
65 80
66 71
66 75
66 76
66 77
67 72
67 76
67 80
68 71
68 72
68 76
69 76
70 71
70 78
1 2 3 4 5 6 7 8 9 10 
11 12 13 14 15 16 17 18 19 20 
21 22 23 24 25 26 27 28 29 30 
31 32 33 34 35 36 37 38 39 40 
41 42 43 44 45 46 47 48 49 50 
51 52 53 54 55 56 57 58 59 60 
61 62 63 64 65 66 67 68 69 70 
71 72 73 74 75 76 77 78 79 80 
35 43 57 
20 29 39 
2 16 21 
9 13 30 
38 49 60 
11 22 33 
52 69 76 
26 36 41 
24 37 42 
