56 72 7 9
1 14
2 11
2 13
3 15
4 14
5 12
6 9
7 12
7 16
8 10
8 12
9 22
10 21
11 23
12 19
13 23
14 23
14 24
15 17
15 18
15 20
16 21
17 25
17 31
18 30
19 32
19 26
19 29
20 32
20 27
20 31
21 29
21 30
22 27
22 28
22 30
23 25
23 29
23 30
24 29
25 40
26 38
27 39
28 36
29 34
30 33
30 37
31 40
32 35
32 38
33 44
33 48
34 42
35 43
35 47
36 43
37 42
38 42
38 46
39 42
39 45
40 41
41 50
41 51
42 49
42 54
43 56
44 55
45 52
46 53
47 55
48 51
1 2 3 4 5 6 7 8 
9 10 11 12 13 14 15 16 
17 18 19 20 21 22 23 24 
25 26 27 28 29 30 31 32 
33 34 35 36 37 38 39 40 
41 42 43 44 45 46 47 48 
49 50 51 52 53 54 55 56 
6 9 22 
30 37 42 
7 16 21 
28 36 43 
14 24 29 
39 45 52 
2 11 23 
35 47 55 
38 46 53 
