90 117 9 10
1 11
2 11
2 18
3 13
4 19
5 11
5 15
5 20
6 16
7 14
7 17
8 12
8 19
9 11
10 13
11 22
11 28
12 28
13 23
13 28
14 25
14 27
15 22
16 27
16 29
17 24
17 25
18 21
18 26
18 29
19 28
20 27
20 30
21 36
22 32
23 33
23 34
24 40
25 37
25 39
26 38
26 31
27 32
28 39
29 33
30 32
30 35
31 47
32 42
33 46
34 48
35 44
36 44
36 45
37 41
37 50
38 44
39 42
40 43
40 48
40 49
41 51
42 52
42 57
43 56
43 59
44 51
45 53
46 54
46 55
47 51
48 52
48 58
49 60
50 59
51 63
52 62
53 64
53 61
54 65
55 70
56 66
56 62
57 69
58 64
58 67
59 70
59 62
60 68
61 73
61 79
62 71
62 78
63 79
64 74
65 79
66 73
67 78
68 76
69 80
70 72
70 73
70 75
70 77
71 81
71 88
72 86
73 83
74 86
75 82
76 89
77 89
78 85
78 87
79 84
79 89
80 90
1 2 3 4 5 6 7 8 9 10 
11 12 13 14 15 16 17 18 19 20 
21 22 23 24 25 26 27 28 29 30 
31 32 33 34 35 36 37 38 39 40 
41 42 43 44 45 46 47 48 49 50 
51 52 53 54 55 56 57 58 59 60 
61 62 63 64 65 66 67 68 69 70 
71 72 73 74 75 76 77 78 79 80 
81 82 83 84 85 86 87 88 89 90 
58 67 78 
46 55 70 
54 65 79 
23 34 48 
37 41 51 
30 35 44 
5 15 22 
17 24 40 
64 74 86 
69 80 90 
