90 115 10 14
1 10
2 14
3 16
4 13
4 15
5 11
5 18
6 12
7 18
8 17
9 16
10 27
11 19
12 22
13 23
13 24
14 20
14 21
15 25
16 22
17 26
18 21
19 35
20 31
21 34
21 36
22 28
23 28
23 30
24 28
25 33
26 32
27 29
28 39
28 42
29 37
29 38
29 44
30 43
30 44
31 45
32 44
33 37
33 39
34 41
35 43
36 40
36 42
37 48
37 51
37 52
38 52
39 46
40 46
41 47
42 53
43 47
43 54
44 47
45 49
45 50
46 55
46 59
46 63
47 59
48 60
48 62
49 57
49 59
49 61
50 56
50 59
51 61
52 57
52 59
52 62
53 62
54 58
55 65
56 69
57 66
58 66
58 72
59 68
59 71
60 66
61 67
62 64
63 65
63 70
64 80
65 76
65 80
66 74
67 80
68 77
69 75
70 78
70 79
71 78
72 73
72 81
73 85
73 86
74 90
75 90
76 85
77 83
77 89
78 84
79 84
80 82
80 88
81 85
81 87
1 2 3 4 5 6 7 8 9 
10 11 12 13 14 15 16 17 18 
19 20 21 22 23 24 25 26 27 
28 29 30 31 32 33 34 35 36 
37 38 39 40 41 42 43 44 45 
46 47 48 49 50 51 52 53 54 
55 56 57 58 59 60 61 62 63 
64 65 66 67 68 69 70 71 72 
73 74 75 76 77 78 79 80 81 
82 83 84 85 86 87 88 89 90 
17 26 32 44 
4 15 25 33 
11 19 35 43 
59 71 78 
66 74 90 
61 67 80 
42 53 62 
20 31 45 
13 24 28 
34 41 47 
46 55 65 
70 79 84 
10 27 29 
6 12 22 
