48 67 6 4
1 16
2 15
2 16
3 9
3 10
3 14
4 11
4 14
4 16
5 13
5 14
6 10
6 14
7 11
7 12
8 14
8 16
9 19
10 18
10 20
10 22
11 19
11 21
12 21
12 23
13 19
14 17
15 24
16 18
17 32
17 25
17 26
18 29
18 31
19 28
20 32
20 30
21 27
22 27
22 28
23 30
24 25
24 28
25 33
25 37
26 39
27 35
27 40
28 36
28 37
29 34
29 39
30 34
31 38
32 33
33 47
34 41
35 44
36 43
36 45
36 48
37 42
37 44
37 46
38 47
39 47
40 44
1 2 3 4 5 6 7 8 
9 10 11 12 13 14 15 16 
17 18 19 20 21 22 23 24 
25 26 27 28 29 30 31 32 
33 34 35 36 37 38 39 40 
41 42 43 44 45 46 47 48 
3 9 19 
27 40 44 
17 26 39 
18 31 38 47 
