80 131 8 8
1 12
1 17
1 18
2 11
2 15
2 18
3 13
4 11
4 16
4 18
5 16
5 20
6 13
6 14
7 11
7 12
7 19
8 17
9 12
9 17
9 19
10 18
11 22
11 29
12 27
13 24
13 25
14 23
15 21
15 27
16 27
17 29
18 22
18 26
19 24
20 23
20 24
20 28
20 30
21 40
21 31
22 33
23 38
23 39
24 34
25 35
25 36
26 32
26 34
26 37
26 40
27 32
27 35
28 39
29 33
29 37
29 39
29 40
30 32
30 34
30 38
30 40
31 41
31 47
31 49
32 42
33 42
33 44
33 45
33 46
34 43
34 45
34 46
35 46
36 44
37 44
38 43
39 43
39 46
39 50
40 44
40 48
41 52
41 58
42 51
42 57
42 60
43 52
43 56
43 59
44 53
45 54
46 53
46 57
46 60
47 55
48 52
49 51
50 51
50 52
51 68
51 70
52 64
52 61
52 63
53 63
54 64
54 67
55 68
55 62
56 69
57 66
57 67
58 70
59 63
60 65
60 69
61 74
62 71
63 75
64 77
65 76
65 77
66 77
67 75
68 72
68 80
69 73
69 74
70 78
70 79
1 2 3 4 5 6 7 8 9 10 
11 12 13 14 15 16 17 18 19 20 
21 22 23 24 25 26 27 28 29 30 
31 32 33 34 35 36 37 38 39 40 
41 42 43 44 45 46 47 48 49 50 
51 52 53 54 55 56 57 58 59 60 
61 62 63 64 65 66 67 68 69 70 
71 72 73 74 75 76 77 78 79 80 
31 47 55 
6 14 23 
41 58 70 
43 56 69 
57 66 77 
40 48 52 
25 36 44 
20 28 39 
