81 111 9 12
1 12
1 17
1 18
2 12
2 15
3 16
4 12
5 11
5 14
5 16
6 10
6 16
6 17
7 13
7 16
8 11
8 16
8 18
9 15
10 20
10 22
11 22
12 25
13 19
14 21
15 23
15 26
15 27
16 25
17 24
18 19
19 35
19 36
20 36
21 30
22 36
23 33
23 29
24 34
25 30
26 32
26 31
27 28
27 29
28 41
29 43
29 44
30 42
31 43
32 45
33 42
34 41
35 39
35 40
36 37
36 38
37 46
38 48
38 54
39 50
40 52
41 49
41 51
41 53
42 49
43 52
44 47
44 52
45 49
46 55
46 57
47 58
48 55
48 60
48 62
49 59
49 61
50 55
50 58
51 55
51 59
51 61
52 55
52 63
53 56
53 62
54 60
55 64
56 66
56 67
57 71
58 68
58 69
58 70
59 71
60 69
61 65
62 72
63 69
64 78
65 78
66 79
67 74
68 77
69 73
69 81
70 75
70 80
71 74
71 76
72 74
1 2 3 4 5 6 7 8 9 
10 11 12 13 14 15 16 17 18 
19 20 21 22 23 24 25 26 27 
28 29 30 31 32 33 34 35 36 
37 38 39 40 41 42 43 44 45 
46 47 48 49 50 51 52 53 54 
55 56 57 58 59 60 61 62 63 
64 65 66 67 68 69 70 71 72 
73 74 75 76 77 78 79 80 81 
62 72 74 
56 66 79 
7 13 19 
35 40 52 
46 57 71 
24 34 41 
58 68 77 
26 32 45 49 
10 20 36 
55 64 78 
38 54 60 
23 33 42 
