90 139 9 8
1 16
1 20
2 13
3 12
4 11
5 17
5 18
6 13
7 12
8 19
9 14
10 15
10 16
11 21
11 22
12 27
12 28
13 24
13 25
13 26
13 27
14 21
14 23
14 28
15 22
15 27
16 24
16 25
16 27
17 23
17 26
17 29
18 27
19 30
20 25
21 38
21 40
22 40
23 33
23 40
24 35
24 31
25 37
26 37
27 40
28 32
28 39
29 34
29 36
30 36
31 44
32 46
33 43
33 50
34 41
34 42
34 47
35 41
36 48
37 48
38 41
39 41
40 45
40 49
41 57
42 52
42 56
42 58
43 53
43 59
44 60
45 55
45 56
46 53
46 59
47 51
47 57
48 54
49 54
49 58
49 59
50 59
51 65
52 67
52 62
53 65
53 69
54 64
55 68
55 70
56 68
56 63
57 66
57 70
58 61
58 62
59 68
59 61
60 64
61 74
61 75
62 72
62 74
62 75
63 78
64 78
64 79
65 71
65 73
65 77
66 71
66 74
67 72
67 76
68 75
69 74
69 80
70 78
71 81
72 84
72 86
72 87
73 87
74 81
74 82
74 89
75 85
75 90
76 87
76 90
77 89
78 86
78 87
78 88
79 86
79 87
80 83
80 84
80 89
1 2 3 4 5 6 7 8 9 10 
11 12 13 14 15 16 17 18 19 20 
21 22 23 24 25 26 27 28 29 30 
31 32 33 34 35 36 37 38 39 40 
41 42 43 44 45 46 47 48 49 50 
51 52 53 54 55 56 57 58 59 60 
61 62 63 64 65 66 67 68 69 70 
71 72 73 74 75 76 77 78 79 80 
81 82 83 84 85 86 87 88 89 90 
65 77 89 
28 39 41 
8 19 30 36 
33 50 59 
1 20 25 
5 18 27 
56 63 78 
24 31 44 60 64 
