60 69 10 9
1 7
2 10
3 9
3 11
4 7
5 8
5 12
6 7
7 15
8 15
9 18
10 13
11 14
11 16
11 17
12 16
13 19
14 24
15 20
16 22
16 23
17 24
18 21
19 28
20 25
21 26
21 30
22 29
23 28
24 27
25 36
26 31
27 32
27 34
28 33
29 35
30 34
31 37
32 39
33 37
34 38
34 42
35 40
36 41
37 46
37 47
38 44
39 43
40 43
40 45
41 44
42 48
43 54
44 49
44 51
45 50
45 53
46 49
47 51
47 52
48 53
49 60
50 56
50 59
51 55
51 57
52 55
53 60
54 58
1 2 3 4 5 6 
7 8 9 10 11 12 
13 14 15 16 17 18 
19 20 21 22 23 24 
25 26 27 28 29 30 
31 32 33 34 35 36 
37 38 39 40 41 42 
43 44 45 46 47 48 
49 50 51 52 53 54 
55 56 57 58 59 60 
21 30 34 
16 22 29 35 40 
5 8 15 
28 33 37 
43 54 58 
20 25 36 41 44 
11 17 24 
47 52 55 
42 48 53 
