90 123 9 13
1 17
1 19
2 12
3 19
4 14
5 13
5 15
5 16
5 19
6 12
7 11
7 18
8 19
9 19
10 14
10 20
11 26
11 27
11 30
12 23
12 24
12 26
12 28
13 27
14 23
15 21
15 26
16 22
17 26
18 22
19 27
19 29
20 25
20 27
21 35
22 36
23 40
24 31
25 39
26 36
27 32
27 38
28 40
29 33
30 34
30 36
30 37
31 44
32 45
33 47
33 49
34 41
34 42
34 46
35 50
36 50
37 45
38 48
39 43
40 43
41 54
42 60
43 56
43 57
44 52
44 54
45 51
45 52
45 57
46 52
46 54
47 51
47 56
47 60
48 53
48 55
49 53
50 58
50 59
51 69
51 70
52 66
53 64
54 67
55 69
56 64
56 61
57 68
58 65
58 62
59 69
59 63
60 66
61 74
61 79
62 75
63 72
63 74
63 78
64 76
65 74
66 71
66 80
67 76
68 73
68 74
69 77
70 72
71 81
72 84
73 82
73 83
74 85
74 88
75 84
76 87
76 90
77 81
78 81
78 86
79 82
80 83
80 89
1 2 3 4 5 6 7 8 9 10 
11 12 13 14 15 16 17 18 19 20 
21 22 23 24 25 26 27 28 29 30 
31 32 33 34 35 36 37 38 39 40 
41 42 43 44 45 46 47 48 49 50 
51 52 53 54 55 56 57 58 59 60 
61 62 63 64 65 66 67 68 69 70 
71 72 73 74 75 76 77 78 79 80 
81 82 83 84 85 86 87 88 89 90 
58 65 74 
7 18 22 
21 35 50 
19 29 33 
51 70 72 
24 31 44 
27 32 45 
12 28 40 
61 79 82 
69 77 81 
1 17 26 
54 67 76 
20 25 39 43 
