63 83 7 9
1 15
2 10
2 13
3 12
4 18
5 11
5 14
6 16
7 15
8 14
8 17
9 10
10 22
10 25
11 20
12 20
13 24
13 27
14 20
15 27
16 21
17 23
17 26
18 19
18 21
19 34
19 36
19 29
20 34
20 35
20 29
21 36
22 36
23 35
23 36
24 32
24 33
25 32
25 36
26 30
26 31
27 32
27 35
27 28
27 29
28 42
29 44
30 42
31 42
32 39
32 40
32 44
33 45
34 37
34 41
35 38
35 41
36 42
36 43
37 49
37 54
38 46
39 52
40 50
41 51
42 46
43 48
44 47
44 48
44 53
45 48
46 56
47 55
47 63
48 62
49 57
50 59
51 58
51 61
52 60
53 56
54 56
54 61
1 2 3 4 5 6 7 8 9 
10 11 12 13 14 15 16 17 18 
19 20 21 22 23 24 25 26 27 
28 29 30 31 32 33 34 35 36 
37 38 39 40 41 42 43 44 45 
46 47 48 49 50 51 52 53 54 
55 56 57 58 59 60 61 62 63 
33 45 48 
6 16 21 
39 52 60 
10 22 36 
3 12 20 
27 28 42 
40 50 59 
35 38 46 
37 49 57 
