81 107 9 14
1 10
1 16
2 18
3 13
4 15
5 15
6 18
7 11
7 12
8 14
9 15
9 17
10 24
10 26
11 21
11 22
12 21
13 21
13 23
14 19
14 20
15 25
16 21
17 27
18 21
19 29
20 29
20 31
21 29
22 35
23 34
23 30
24 35
25 28
25 30
26 32
26 36
27 33
27 29
28 44
29 39
29 40
29 42
30 43
31 38
32 45
33 37
33 42
34 38
34 41
35 42
36 38
37 49
37 54
38 47
38 50
39 54
40 49
40 51
40 53
41 50
41 53
42 52
43 50
44 46
44 47
44 52
45 48
46 56
47 55
47 63
48 56
48 59
49 57
50 56
51 58
52 62
53 60
53 61
54 58
55 71
56 66
56 68
57 64
58 72
59 67
59 69
60 67
61 67
62 67
63 65
63 70
63 71
64 73
64 75
64 80
65 76
65 80
66 77
67 74
68 81
69 77
70 74
70 78
70 79
71 80
72 80
1 2 3 4 5 6 7 8 9 
10 11 12 13 14 15 16 17 18 
19 20 21 22 23 24 25 26 27 
28 29 30 31 32 33 34 35 36 
37 38 39 40 41 42 43 44 45 
46 47 48 49 50 51 52 53 54 
55 56 57 58 59 60 61 62 63 
64 65 66 67 68 69 70 71 72 
73 74 75 76 77 78 79 80 81 
20 31 38 
14 19 29 
59 69 77 
25 28 44 
52 62 67 
47 55 71 
56 68 81 
30 43 50 
11 22 35 
40 51 58 
32 45 48 
7 12 21 
49 57 64 
9 17 27 
