50 58 5 7
1 12
2 11
3 14
3 17
4 18
5 12
6 19
7 15
8 13
9 16
9 19
10 12
10 20
11 29
12 22
12 25
12 27
12 29
13 24
14 30
15 23
15 30
16 25
17 21
17 30
18 26
18 30
19 25
20 28
20 29
21 32
21 36
21 38
22 31
23 34
24 33
25 35
26 34
27 39
28 33
28 34
28 40
29 31
30 37
30 39
31 42
31 48
32 43
32 47
33 46
34 44
35 46
36 45
36 49
37 41
38 48
39 50
40 46
1 2 3 4 5 6 7 8 9 10 
11 12 13 14 15 16 17 18 19 20 
21 22 23 24 25 26 27 28 29 30 
31 32 33 34 35 36 37 38 39 40 
41 42 43 44 45 46 47 48 49 50 
3 14 30 
28 40 46 
15 23 34 
2 11 29 
9 16 25 
12 27 39 
8 13 24 33 
