48 65 6 5
1 15
1 16
2 12
3 12
4 15
5 9
5 12
6 16
7 10
7 11
8 10
8 13
8 14
9 21
9 24
10 18
10 22
11 20
12 18
12 20
13 17
13 18
14 19
14 20
15 23
16 21
17 28
17 29
17 31
18 25
19 26
20 25
20 26
20 28
21 31
22 26
22 28
23 27
24 32
24 26
24 30
24 31
25 37
26 33
27 33
28 35
28 38
29 35
30 40
31 36
32 34
32 39
32 40
33 41
33 44
34 47
35 47
36 45
36 46
37 45
37 48
38 41
39 42
40 43
40 47
1 2 3 4 5 6 7 8 
9 10 11 12 13 14 15 16 
17 18 19 20 21 22 23 24 
25 26 27 28 29 30 31 32 
33 34 35 36 37 38 39 40 
41 42 43 44 45 46 47 48 
14 19 26 
24 30 40 
32 34 47 
23 27 33 
17 29 35 
