80 111 10 9
1 12
1 14
2 15
3 14
4 10
4 13
5 16
6 9
7 9
8 11
8 15
9 23
10 19
10 20
10 24
11 17
11 21
12 24
13 18
13 19
14 19
15 22
16 23
17 26
18 30
18 31
19 32
19 26
19 28
20 26
20 28
21 32
22 27
23 32
23 25
24 26
24 29
25 34
25 37
26 36
26 40
27 33
28 37
29 33
29 35
29 38
30 38
30 39
31 38
32 40
33 41
34 48
35 47
36 47
37 44
38 42
38 45
38 46
39 43
40 47
41 50
41 52
42 53
43 50
43 54
43 56
44 50
45 49
45 53
46 54
47 55
48 51
49 64
50 61
51 58
52 64
52 57
52 58
53 59
53 60
54 59
55 62
55 63
56 63
57 67
57 72
58 66
58 69
58 72
59 70
60 68
60 71
61 68
61 70
62 65
62 68
62 71
63 67
63 68
64 67
65 78
66 74
67 75
68 73
68 76
68 78
68 79
69 79
70 80
71 78
72 77
1 2 3 4 5 6 7 8 
9 10 11 12 13 14 15 16 
17 18 19 20 21 22 23 24 
25 26 27 28 29 30 31 32 
33 34 35 36 37 38 39 40 
41 42 43 44 45 46 47 48 
49 50 51 52 53 54 55 56 
57 58 59 60 61 62 63 64 
65 66 67 68 69 70 71 72 
73 74 75 76 77 78 79 80 
34 48 51 58 
45 49 64 
62 65 78 
11 21 32 
38 46 54 
43 56 63 
22 27 33 
1 12 24 
29 35 47 
