70 94 7 11
1 12
1 13
2 14
3 17
4 18
5 16
5 20
6 18
7 18
7 19
8 15
9 12
10 11
11 26
12 22
12 26
12 27
12 29
13 27
14 28
15 22
16 24
16 27
16 28
16 30
17 21
17 24
18 24
18 25
18 28
18 29
19 22
19 23
20 22
20 23
20 25
21 36
22 38
23 32
23 40
24 35
24 36
25 37
26 38
27 32
27 35
27 37
28 34
28 39
28 31
29 33
29 40
30 34
30 36
30 37
31 48
31 50
32 41
32 46
33 41
34 47
35 43
36 44
37 45
37 48
38 41
39 42
39 49
40 41
41 52
41 58
41 59
42 60
43 51
44 52
45 54
46 57
47 53
48 55
49 56
50 55
51 63
52 64
52 69
53 62
54 61
55 62
56 68
57 66
57 63
58 67
59 65
59 63
60 70
1 2 3 4 5 6 7 8 9 10 
11 12 13 14 15 16 17 18 19 20 
21 22 23 24 25 26 27 28 29 30 
31 32 33 34 35 36 37 38 39 40 
41 42 43 44 45 46 47 48 49 50 
51 52 53 54 55 56 57 58 59 60 
61 62 63 64 65 66 67 68 69 70 
10 11 26 
39 49 56 68 
41 58 67 
31 50 55 
1 13 27 
43 51 63 
34 47 53 62 
37 45 54 61 
8 15 22 
36 44 52 
32 46 57 
