90 124 10 13
1 13
1 17
2 10
2 11
3 10
4 15
5 15
5 16
6 11
7 11
7 14
7 18
8 17
9 11
9 12
9 13
10 20
10 26
10 27
11 23
11 24
11 27
12 19
12 21
12 22
13 20
14 24
15 20
16 20
16 24
16 25
16 26
17 22
18 27
19 36
20 35
21 33
21 28
22 29
22 30
23 34
23 28
24 36
25 32
26 31
27 28
28 43
29 37
30 43
31 38
31 40
31 42
32 41
33 39
34 41
35 42
35 45
36 39
36 44
37 51
38 46
38 47
39 48
39 54
40 50
40 52
41 51
41 54
42 47
43 54
44 51
44 53
45 49
46 56
47 56
47 57
47 59
48 59
49 55
50 58
50 63
51 61
51 62
52 59
53 55
54 56
54 60
55 72
56 66
56 67
57 70
58 65
59 71
60 65
60 69
61 68
62 71
63 64
64 79
65 73
66 78
67 75
67 78
68 81
69 80
70 74
70 80
71 77
72 76
73 86
73 90
74 90
75 90
76 87
77 82
77 88
77 89
78 83
78 88
79 85
80 83
80 84
80 87
81 84
1 2 3 4 5 6 7 8 9 
10 11 12 13 14 15 16 17 18 
19 20 21 22 23 24 25 26 27 
28 29 30 31 32 33 34 35 36 
37 38 39 40 41 42 43 44 45 
46 47 48 49 50 51 52 53 54 
55 56 57 58 59 60 61 62 63 
64 65 66 67 68 69 70 71 72 
73 74 75 76 77 78 79 80 81 
82 83 84 85 86 87 88 89 90 
25 32 41 
22 30 43 
7 18 27 
64 79 85 
70 74 90 
45 49 55 
61 68 81 84 
21 33 39 
12 19 36 
56 66 78 
29 37 51 
72 76 87 
50 58 65 
