63 77 9 11
1 9
1 10
2 9
3 9
4 13
5 8
5 12
5 14
6 10
6 11
7 14
8 17
9 20
10 18
11 19
11 21
12 20
13 15
13 16
14 17
15 22
15 24
16 25
16 28
17 27
18 27
19 25
19 26
20 23
21 24
22 29
23 33
23 35
24 29
25 34
26 32
27 34
28 34
28 30
28 31
29 39
29 42
30 36
31 36
31 38
31 41
32 40
33 37
33 40
34 41
35 36
36 48
37 45
37 49
38 43
39 44
40 46
40 47
41 43
42 43
43 53
43 56
44 50
45 51
46 55
47 54
48 52
49 53
50 63
51 57
51 58
52 61
53 59
54 60
55 59
55 62
56 60
1 2 3 4 5 6 7 
8 9 10 11 12 13 14 
15 16 17 18 19 20 21 
22 23 24 25 26 27 28 
29 30 31 32 33 34 35 
36 37 38 39 40 41 42 
43 44 45 46 47 48 49 
50 51 52 53 54 55 56 
57 58 59 60 61 62 63 
44 50 63 
37 45 51 
40 46 55 
5 8 17 
47 54 60 
31 38 43 
28 30 36 
10 18 27 
48 52 61 
15 22 29 
11 21 24 
