48 59 8 7
1 11
2 9
2 10
3 8
4 11
4 12
5 8
6 7
6 11
6 12
7 13
8 17
8 18
9 15
9 16
10 14
10 15
11 15
11 18
12 14
12 15
13 20
14 19
14 24
15 23
16 22
17 20
18 21
19 29
20 28
21 25
21 29
21 30
22 27
22 29
23 26
24 28
25 33
26 33
27 31
28 35
28 36
29 34
30 32
31 39
32 40
33 37
33 38
34 39
35 41
36 42
37 43
38 45
39 47
40 48
41 43
41 44
41 46
42 45
1 2 3 4 5 6 
7 8 9 10 11 12 
13 14 15 16 17 18 
19 20 21 22 23 24 
25 26 27 28 29 30 
31 32 33 34 35 36 
37 38 39 40 41 42 
43 44 45 46 47 48 
36 42 45 
21 30 32 40 48 
28 35 41 
33 37 43 
6 7 13 20 
29 34 39 
9 16 22 
