45 55 9 6
1 8
2 7
3 8
3 10
4 6
4 9
5 6
6 13
7 11
8 13
9 12
9 14
10 12
10 15
11 19
12 16
12 20
13 17
13 18
14 19
15 19
16 24
17 21
17 24
18 22
19 23
20 25
21 26
21 30
22 27
23 27
24 29
24 30
25 26
25 28
26 34
26 31
27 31
28 32
28 33
29 31
30 35
31 36
32 40
33 37
33 38
34 39
35 39
36 42
37 44
37 45
38 41
38 42
39 42
40 43
1 2 3 4 5 
6 7 8 9 10 
11 12 13 14 15 
16 17 18 19 20 
21 22 23 24 25 
26 27 28 29 30 
31 32 33 34 35 
36 37 38 39 40 
41 42 43 44 45 
24 29 31 
30 35 39 
32 40 43 
2 7 11 19 
13 18 22 27 
12 20 25 
