72 91 9 7
1 12
2 15
3 15
4 16
5 9
5 15
6 11
7 13
7 14
8 10
8 11
9 20
10 21
10 23
11 18
11 21
11 24
12 19
12 20
13 23
14 20
15 17
15 22
16 24
17 32
18 25
18 28
19 27
20 30
20 31
21 31
22 31
23 26
23 29
24 31
25 39
26 33
27 35
27 36
27 38
28 34
29 34
29 40
30 33
31 37
32 39
33 46
33 47
34 44
34 45
34 48
35 42
36 41
36 48
37 42
38 42
38 43
39 41
40 42
41 49
41 50
42 56
43 55
44 52
45 51
46 53
46 54
46 56
47 55
48 52
49 61
50 63
51 60
52 64
52 59
53 61
54 58
54 62
55 57
56 63
57 66
58 65
58 68
58 72
59 69
60 69
61 71
62 66
62 70
63 67
64 71
1 2 3 4 5 6 7 8 
9 10 11 12 13 14 15 16 
17 18 19 20 21 22 23 24 
25 26 27 28 29 30 31 32 
33 34 35 36 37 38 39 40 
41 42 43 44 45 46 47 48 
49 50 51 52 53 54 55 56 
57 58 59 60 61 62 63 64 
65 66 67 68 69 70 71 72 
7 14 20 
15 17 32 39 
4 16 24 
23 26 33 
31 37 42 
52 59 69 
38 43 55 
