45 57 9 9
1 7
2 8
3 6
4 8
4 9
4 10
5 8
6 15
7 11
8 13
8 15
9 12
9 14
9 15
10 15
11 20
12 18
12 19
13 20
14 17
15 16
15 20
16 24
16 25
17 21
18 22
19 25
20 23
21 29
22 28
23 26
23 27
23 28
24 29
25 27
25 30
26 34
27 31
28 35
29 33
29 35
30 32
30 34
31 40
32 37
33 39
34 39
35 36
35 38
36 41
36 43
37 43
38 42
39 44
39 45
40 43
40 45
1 2 3 4 5 
6 7 8 9 10 
11 12 13 14 15 
16 17 18 19 20 
21 22 23 24 25 
26 27 28 29 30 
31 32 33 34 35 
36 37 38 39 40 
41 42 43 44 45 
4 10 15 
32 37 43 
12 19 25 
16 24 29 
18 22 28 
8 13 20 
27 31 40 
23 26 34 
35 38 42 
