45 52 9 8
1 9
2 7
3 10
4 8
5 6
6 14
6 15
7 13
8 11
8 12
9 11
10 11
11 18
11 19
12 16
13 17
14 20
15 20
16 25
17 21
17 24
18 22
19 22
20 22
20 23
21 29
21 30
22 27
23 27
24 26
24 28
25 27
26 31
27 35
28 32
29 34
29 31
30 33
31 37
31 40
32 40
33 36
33 40
34 38
35 39
36 44
37 45
38 41
38 42
38 43
39 45
40 44
1 2 3 4 5 
6 7 8 9 10 
11 12 13 14 15 
16 17 18 19 20 
21 22 23 24 25 
26 27 28 29 30 
31 32 33 34 35 
36 37 38 39 40 
41 42 43 44 45 
12 16 25 27 
1 9 11 
6 14 20 
31 37 45 
21 30 33 
7 13 17 
28 32 40 
29 34 38 
