60 72 10 10
1 9
2 7
3 8
4 10
4 12
5 10
6 11
7 14
8 17
9 14
10 15
11 13
11 18
12 15
12 16
13 23
14 21
14 22
15 19
16 20
17 24
18 23
19 27
19 28
20 25
21 30
22 27
23 26
23 30
24 27
24 29
25 32
25 35
26 33
27 34
27 36
28 35
29 35
30 33
30 31
31 38
32 37
33 40
34 38
34 41
35 40
36 37
36 38
36 39
36 42
37 43
37 46
38 47
38 48
39 45
40 48
41 45
42 44
43 50
44 49
45 54
46 51
47 53
48 52
49 55
50 56
51 58
52 55
53 57
53 60
54 55
54 59
1 2 3 4 5 6 
7 8 9 10 11 12 
13 14 15 16 17 18 
19 20 21 22 23 24 
25 26 27 28 29 30 
31 32 33 34 35 36 
37 38 39 40 41 42 
43 44 45 46 47 48 
49 50 51 52 53 54 
55 56 57 58 59 60 
2 7 14 
36 42 44 49 55 
16 20 25 
34 41 45 
30 31 38 
19 28 35 
37 43 50 56 
46 51 58 
3 8 17 24 
11 13 23 
