70 95 7 10
1 16
1 17
1 20
2 12
2 13
2 19
3 11
4 14
4 16
5 18
6 17
6 18
7 17
8 18
9 15
9 17
10 18
10 20
11 21
11 29
12 21
12 26
13 22
14 21
15 23
15 28
16 25
16 27
17 24
18 30
19 22
20 24
21 38
21 31
22 32
22 33
23 38
24 37
25 31
26 36
26 38
27 35
27 39
27 40
27 31
28 32
29 34
29 36
30 36
31 43
31 48
32 46
33 49
34 47
35 41
36 43
37 44
37 45
38 49
38 50
39 49
40 42
41 57
41 58
42 51
43 53
44 56
45 54
46 56
47 56
48 52
48 59
48 60
49 56
50 55
51 66
52 64
52 66
52 67
52 61
53 66
53 67
53 68
54 70
54 61
55 67
55 69
56 64
57 63
58 65
58 62
59 67
60 67
60 69
60 63
1 2 3 4 5 6 7 8 9 10 
11 12 13 14 15 16 17 18 19 20 
21 22 23 24 25 26 27 28 29 30 
31 32 33 34 35 36 37 38 39 40 
41 42 43 44 45 46 47 48 49 50 
51 52 53 54 55 56 57 58 59 60 
61 62 63 64 65 66 67 68 69 70 
42 51 66 
18 30 36 
37 44 56 
41 57 63 
15 28 32 
16 25 31 
38 50 55 
22 33 49 
48 59 67 
4 14 21 
