80 125 8 10
1 14
1 15
2 15
3 12
3 13
3 18
3 20
4 20
5 15
5 16
5 19
5 20
6 11
6 19
7 17
7 19
8 11
8 12
8 17
8 18
9 13
9 15
9 17
9 20
10 11
10 12
10 13
10 19
11 22
11 27
12 29
13 30
14 24
14 29
15 25
16 23
16 29
17 28
18 22
19 29
20 21
20 26
21 38
22 37
23 32
24 37
24 39
25 34
26 35
26 39
27 32
28 40
28 31
29 33
29 36
30 36
31 46
32 42
32 47
32 49
33 44
33 46
33 50
34 44
34 46
34 47
35 42
35 44
35 49
36 41
36 45
36 46
37 43
38 47
39 44
40 43
40 47
40 48
41 51
42 57
43 57
44 58
45 51
45 56
46 53
46 60
47 53
47 54
47 59
48 54
48 56
48 59
49 52
50 55
50 58
51 68
51 63
52 66
52 62
53 65
53 70
54 64
54 65
54 67
55 62
56 64
57 69
57 61
58 65
59 62
60 68
61 76
61 78
62 77
63 73
63 79
64 75
65 76
65 80
66 76
67 71
68 73
68 74
69 75
70 72
1 2 3 4 5 6 7 8 9 10 
11 12 13 14 15 16 17 18 19 20 
21 22 23 24 25 26 27 28 29 30 
31 32 33 34 35 36 37 38 39 40 
41 42 43 44 45 46 47 48 49 50 
51 52 53 54 55 56 57 58 59 60 
61 62 63 64 65 66 67 68 69 70 
71 72 73 74 75 76 77 78 79 80 
13 30 36 
57 69 75 
53 70 72 
21 38 47 
52 66 76 
16 23 32 
50 55 62 
54 67 71 
28 31 46 
15 25 34 
