72 104 9 7
1 13
2 9
2 12
2 15
3 14
3 15
4 9
4 10
5 12
5 16
6 13
7 9
7 12
7 14
8 11
8 13
9 20
9 21
10 23
11 23
12 19
13 22
14 18
14 22
15 23
16 17
16 20
16 22
16 24
17 32
17 25
17 26
18 25
18 29
18 30
19 27
20 25
21 25
21 26
21 29
22 30
23 28
23 29
24 30
24 31
25 35
26 34
27 38
28 37
28 38
29 33
30 39
30 40
31 36
32 34
33 44
34 43
35 42
36 46
36 47
37 44
37 48
38 44
39 41
39 47
40 45
41 49
42 54
43 49
44 54
45 51
45 56
46 50
46 55
47 53
47 54
48 52
48 56
49 64
49 59
49 60
50 62
51 58
52 57
53 59
54 58
55 60
56 61
56 63
57 65
57 70
58 65
59 67
59 71
60 68
60 70
60 72
61 65
61 66
61 72
62 69
62 71
63 71
64 71
1 2 3 4 5 6 7 8 
9 10 11 12 13 14 15 16 
17 18 19 20 21 22 23 24 
25 26 27 28 29 30 31 32 
33 34 35 36 37 38 39 40 
41 42 43 44 45 46 47 48 
49 50 51 52 53 54 55 56 
57 58 59 60 61 62 63 64 
65 66 67 68 69 70 71 72 
24 31 36 
4 10 23 
39 41 49 
46 50 62 
19 27 38 
56 63 71 
35 42 54 
