70 102 7 9
1 12
1 19
2 15
3 18
4 14
5 17
5 20
6 11
6 20
7 12
7 13
7 16
8 20
9 15
10 18
11 25
12 28
13 22
13 28
13 30
14 21
14 23
14 29
15 24
15 26
15 27
15 30
16 22
16 24
17 28
18 28
19 22
19 24
19 27
20 21
21 39
22 37
23 32
24 31
25 32
25 40
26 38
27 36
28 36
28 38
29 33
29 34
29 35
29 37
30 35
30 38
31 42
31 50
32 46
33 41
33 47
34 41
34 43
34 49
35 50
36 44
36 49
37 43
37 44
38 45
39 44
40 43
40 45
40 48
40 50
41 55
41 59
42 56
43 52
43 54
43 57
44 57
45 57
46 51
46 53
47 60
48 54
49 57
50 58
51 65
51 61
52 66
53 66
54 65
54 70
55 65
55 63
56 67
56 62
57 65
57 62
58 64
58 68
58 62
59 66
59 69
60 62
1 2 3 4 5 6 7 8 9 10 
11 12 13 14 15 16 17 18 19 20 
21 22 23 24 25 26 27 28 29 30 
31 32 33 34 35 36 37 38 39 40 
41 42 43 44 45 46 47 48 49 50 
51 52 53 54 55 56 57 58 59 60 
61 62 63 64 65 66 67 68 69 70 
14 23 32 
6 11 25 
33 47 60 62 
31 42 56 
5 17 28 
15 26 38 
43 52 66 
40 48 54 
21 39 44 
