54 69 9 8
1 11
2 9
3 12
4 7
4 10
5 8
5 9
6 12
7 17
8 14
9 13
9 16
9 18
10 14
10 15
11 14
12 16
13 24
14 19
15 19
16 19
17 20
17 21
18 22
18 23
19 27
19 30
20 28
21 29
22 29
23 25
23 26
24 28
25 36
26 33
26 34
27 36
28 35
29 32
29 33
30 31
31 38
32 40
33 38
34 41
34 42
35 37
35 40
36 39
37 43
37 48
38 44
38 45
39 48
40 43
40 45
40 46
41 43
42 44
42 47
43 54
44 51
45 49
45 50
46 52
47 51
47 52
48 51
48 53
1 2 3 4 5 6 
7 8 9 10 11 12 
13 14 15 16 17 18 
19 20 21 22 23 24 
25 26 27 28 29 30 
31 32 33 34 35 36 
37 38 39 40 41 42 
43 44 45 46 47 48 
49 50 51 52 53 54 
10 15 19 
34 41 43 
18 22 29 
36 39 48 
5 8 14 
30 31 38 
17 20 28 
40 46 52 
