72 93 8 9
1 18
2 13
2 16
3 15
3 17
3 18
4 16
5 18
6 15
6 16
7 10
8 11
8 12
9 13
9 14
10 23
10 25
11 21
11 26
12 20
13 19
13 27
14 20
15 22
16 27
17 24
17 25
18 27
19 31
20 35
21 33
21 34
21 29
22 34
23 36
24 30
25 34
25 28
26 32
26 36
27 35
28 39
29 45
30 40
30 43
31 38
31 43
32 39
33 37
33 42
33 44
34 41
34 43
35 37
36 37
37 50
37 54
38 51
39 46
39 51
40 54
41 49
42 48
42 54
43 52
43 54
44 53
45 47
45 53
46 61
47 59
47 63
48 55
48 56
49 58
50 61
51 55
51 60
52 55
52 61
53 62
54 57
55 70
56 67
56 72
57 66
58 64
59 69
60 68
61 65
61 71
62 71
63 67
1 2 3 4 5 6 7 8 9 
10 11 12 13 14 15 16 17 18 
19 20 21 22 23 24 25 26 27 
28 29 30 31 32 33 34 35 36 
37 38 39 40 41 42 43 44 45 
46 47 48 49 50 51 52 53 54 
55 56 57 58 59 60 61 62 63 
64 65 66 67 68 69 70 71 72 
25 28 39 
47 63 67 
54 57 66 
17 24 30 
33 44 53 
31 38 51 
34 41 49 58 64 
21 29 45 
10 23 36 
