70 103 10 7
1 13
2 13
3 8
3 12
4 11
4 14
5 9
6 10
6 12
7 14
8 17
8 18
8 21
9 21
10 15
10 19
10 21
11 21
12 20
13 20
14 16
14 18
15 23
15 24
16 26
17 22
18 25
19 22
20 22
20 28
21 25
21 27
22 33
22 34
22 31
23 35
23 29
24 34
24 29
25 33
25 30
25 31
26 35
27 29
28 32
28 33
29 42
30 38
30 40
31 37
32 42
33 36
33 38
34 39
35 41
35 42
36 43
37 47
37 49
38 46
38 47
38 48
39 44
39 47
40 45
40 46
40 49
41 46
41 47
41 48
42 43
42 48
43 51
43 53
43 54
44 53
45 50
45 51
45 56
46 53
47 55
48 55
49 51
49 52
50 62
50 63
51 57
51 61
52 58
53 58
54 58
55 59
56 60
57 70
58 67
59 65
60 66
61 64
61 66
62 68
63 67
63 69
63 70
1 2 3 4 5 6 7 
8 9 10 11 12 13 14 
15 16 17 18 19 20 21 
22 23 24 25 26 27 28 
29 30 31 32 33 34 35 
36 37 38 39 40 41 42 
43 44 45 46 47 48 49 
50 51 52 53 54 55 56 
57 58 59 60 61 62 63 
64 65 66 67 68 69 70 
5 9 21 
39 44 53 
14 16 26 35 
55 59 65 
43 54 58 
51 57 70 
45 56 60 66 
