63 80 9 9
1 10
1 13
2 13
3 13
4 14
5 9
5 12
5 14
6 11
7 8
7 14
8 21
9 16
10 18
10 19
10 20
11 16
11 17
12 15
13 20
14 21
15 23
15 25
16 27
17 22
17 28
18 28
19 24
19 26
20 27
21 27
22 31
23 30
24 30
25 35
25 29
26 32
26 35
27 33
27 34
28 29
29 36
30 38
31 37
31 42
32 38
33 39
33 40
34 38
35 41
36 45
36 49
37 47
38 43
39 47
40 44
40 47
41 43
41 48
42 46
43 51
43 56
44 52
45 50
45 55
46 54
47 53
48 55
49 53
50 59
50 60
51 58
51 61
52 59
52 63
53 57
54 59
55 57
56 58
56 62
1 2 3 4 5 6 7 
8 9 10 11 12 13 14 
15 16 17 18 19 20 21 
22 23 24 25 26 27 28 
29 30 31 32 33 34 35 
36 37 38 39 40 41 42 
43 44 45 46 47 48 49 
50 51 52 53 54 55 56 
57 58 59 60 61 62 63 
17 22 31 
27 34 38 
33 39 47 
5 9 16 
40 44 52 
7 8 21 
36 49 53 
15 23 30 
41 48 55 
