72 97 8 8
1 12
1 13
2 11
3 18
4 10
4 14
5 15
6 13
6 17
7 16
8 13
8 18
9 11
10 19
11 25
12 20
12 22
12 24
13 23
13 27
14 21
14 24
14 26
15 19
16 25
16 27
17 19
18 21
19 33
19 34
19 30
20 28
21 35
21 36
22 29
23 30
24 33
24 36
24 30
25 29
25 31
26 32
26 33
27 30
28 37
28 41
29 38
30 43
30 45
31 38
32 45
33 42
33 45
34 39
35 39
35 40
36 44
37 50
38 51
38 54
39 48
40 50
41 48
42 47
42 50
43 49
43 53
44 46
44 50
44 51
45 48
45 52
46 55
47 58
48 63
49 60
49 62
49 63
50 59
51 63
52 60
53 57
53 59
53 61
54 56
54 58
55 67
56 70
57 71
58 65
59 72
60 64
60 69
61 66
62 70
63 68
63 69
1 2 3 4 5 6 7 8 9 
10 11 12 13 14 15 16 17 18 
19 20 21 22 23 24 25 26 27 
28 29 30 31 32 33 34 35 36 
37 38 39 40 41 42 43 44 45 
46 47 48 49 50 51 52 53 54 
55 56 57 58 59 60 61 62 63 
64 65 66 67 68 69 70 71 72 
28 41 48 
35 40 50 
49 62 70 
46 55 67 
4 10 19 
25 31 38 
53 57 71 
42 47 58 
