49 65 7 6
1 8
2 8
2 9
3 12
3 13
4 9
4 10
4 11
5 12
6 8
6 9
7 14
8 17
8 19
9 21
10 18
11 20
12 16
12 17
13 21
14 15
14 21
15 27
16 26
17 28
18 23
19 25
20 24
21 22
21 24
22 34
22 31
23 35
24 32
24 33
24 34
25 29
25 30
26 34
26 31
27 34
28 35
28 31
29 36
30 40
31 37
32 38
32 41
33 40
33 42
34 37
35 39
36 45
37 46
37 47
37 48
38 44
38 48
39 43
39 48
40 49
41 49
42 43
42 45
42 48
1 2 3 4 5 6 7 
8 9 10 11 12 13 14 
15 16 17 18 19 20 21 
22 23 24 25 26 27 28 
29 30 31 32 33 34 35 
36 37 38 39 40 41 42 
43 44 45 46 47 48 49 
8 19 25 
32 41 49 
12 16 26 
11 20 24 
18 23 35 
29 36 45 
