81 106 9 8
1 12
2 11
2 15
2 17
3 14
3 17
4 10
5 13
5 16
6 18
7 12
8 12
8 17
9 10
9 12
10 20
11 23
12 25
13 21
14 19
14 26
15 24
16 25
17 27
18 22
19 35
20 34
20 36
21 33
21 29
22 28
22 29
22 30
23 32
24 29
25 32
26 31
27 29
28 40
28 43
29 39
30 38
31 37
31 38
32 44
33 38
34 41
35 38
35 42
36 41
36 45
37 46
37 48
38 47
38 54
39 49
40 51
40 52
41 49
42 46
43 50
44 52
44 53
45 52
46 59
46 60
46 62
47 55
48 58
49 56
49 58
49 62
50 59
51 56
51 57
51 60
51 61
52 57
53 63
54 60
55 67
56 70
56 72
57 67
58 65
59 64
59 66
59 70
60 65
61 69
62 68
62 71
63 69
64 79
65 77
66 80
67 81
68 73
68 79
69 79
70 74
70 75
71 75
71 76
71 78
72 81
1 2 3 4 5 6 7 8 9 
10 11 12 13 14 15 16 17 18 
19 20 21 22 23 24 25 26 27 
28 29 30 31 32 33 34 35 36 
37 38 39 40 41 42 43 44 45 
46 47 48 49 50 51 52 53 54 
55 56 57 58 59 60 61 62 63 
64 65 66 67 68 69 70 71 72 
73 74 75 76 77 78 79 80 81 
2 15 24 29 
59 64 79 
51 61 69 
14 19 35 
38 54 60 
5 13 21 
6 18 22 
20 34 41 
