80 116 10 13
1 10
2 12
2 13
3 14
4 11
5 15
6 15
7 12
7 16
8 9
9 21
9 22
10 17
11 22
12 18
12 20
13 19
13 23
13 24
14 22
15 18
16 19
17 32
17 29
18 27
18 28
19 26
19 31
20 28
20 29
21 29
22 32
22 30
23 31
24 25
24 31
25 35
26 34
27 35
27 39
28 33
29 38
30 33
31 34
31 40
32 36
32 37
33 44
33 45
33 48
34 48
35 43
35 45
35 46
36 48
37 41
37 42
37 47
38 41
38 44
38 47
39 42
39 46
39 47
40 42
40 45
40 48
41 53
42 56
43 49
43 55
44 51
44 53
45 51
45 52
45 54
46 50
47 53
48 55
49 64
49 57
49 61
50 61
50 62
51 60
52 59
53 58
53 61
54 61
55 62
56 62
56 63
57 72
58 65
59 72
60 70
60 71
61 70
62 65
62 66
62 67
63 72
64 68
64 69
65 77
66 77
67 75
67 80
68 73
69 79
70 76
70 80
71 78
72 74
72 77
72 79
1 2 3 4 5 6 7 8 
9 10 11 12 13 14 15 16 
17 18 19 20 21 22 23 24 
25 26 27 28 29 30 31 32 
33 34 35 36 37 38 39 40 
41 42 43 44 45 46 47 48 
49 50 51 52 53 54 55 56 
57 58 59 60 61 62 63 64 
65 66 67 68 69 70 71 72 
73 74 75 76 77 78 79 80 
9 21 29 
45 54 61 
64 68 73 
19 26 34 
4 11 22 
49 57 72 
13 23 31 
62 66 77 
32 36 48 
60 71 78 
53 58 65 
1 10 17 
24 25 35 
