72 91 9 12
1 10
2 14
3 9
3 12
4 14
5 12
5 16
6 12
7 10
7 13
8 11
8 15
9 20
10 20
10 24
11 23
12 20
13 22
14 17
14 18
14 21
15 23
16 19
16 23
17 27
18 27
19 25
20 26
20 29
21 30
22 28
23 32
24 25
24 29
24 31
25 34
25 36
25 37
26 35
26 39
27 39
28 37
29 40
30 35
31 33
31 38
32 39
33 42
34 43
34 46
35 47
36 48
37 43
38 41
38 45
39 42
40 44
41 55
42 51
42 54
43 50
43 52
43 56
44 54
45 50
46 49
46 55
47 53
48 54
49 64
50 62
51 59
51 60
52 57
53 64
53 62
53 63
54 57
54 61
55 62
56 58
57 69
58 70
59 65
60 67
61 66
62 65
62 68
63 66
63 71
64 72
1 2 3 4 5 6 7 8 
9 10 11 12 13 14 15 16 
17 18 19 20 21 22 23 24 
25 26 27 28 29 30 31 32 
33 34 35 36 37 38 39 40 
41 42 43 44 45 46 47 48 
49 50 51 52 53 54 55 56 
57 58 59 60 61 62 63 64 
65 66 67 68 69 70 71 72 
51 60 67 
14 21 30 35 
38 41 55 
7 13 22 28 37 
40 44 54 
56 58 70 
43 52 57 
46 49 64 
8 11 23 
3 9 20 
16 19 25 
31 33 42 
