48 59 6 7
1 15
2 12
3 9
3 10
3 11
4 10
4 14
4 16
5 10
6 16
7 16
8 13
9 21
10 19
10 20
11 23
11 24
12 17
12 18
13 19
14 19
15 18
16 22
17 26
18 30
19 32
20 27
20 29
21 28
21 31
22 25
23 32
24 25
25 34
25 37
26 33
26 40
27 35
28 33
28 35
29 35
29 38
30 36
31 34
32 34
32 39
33 43
34 43
34 46
35 44
35 48
36 45
37 45
38 42
38 43
38 44
38 45
39 41
40 47
1 2 3 4 5 6 7 8 
9 10 11 12 13 14 15 16 
17 18 19 20 21 22 23 24 
25 26 27 28 29 30 31 32 
33 34 35 36 37 38 39 40 
41 42 43 44 45 46 47 48 
25 37 45 
8 13 19 
3 9 21 
26 40 47 
11 23 32 
20 27 35 
1 15 18 
