48 60 6 6
1 15
2 9
2 16
3 12
4 15
5 13
6 16
7 10
7 11
8 14
9 17
9 20
10 21
10 22
10 24
11 24
12 24
13 18
13 19
14 17
15 20
16 19
16 23
17 32
18 25
18 28
19 30
19 31
20 26
20 30
21 25
21 29
22 27
22 31
23 31
24 32
24 31
25 37
26 40
27 34
28 38
29 35
30 39
31 33
31 35
31 39
31 40
32 36
33 41
33 45
34 42
35 45
36 42
37 48
38 45
39 44
39 47
39 48
40 43
40 46
1 2 3 4 5 6 7 8 
9 10 11 12 13 14 15 16 
17 18 19 20 21 22 23 24 
25 26 27 28 29 30 31 32 
33 34 35 36 37 38 39 40 
41 42 43 44 45 46 47 48 
27 34 42 
3 12 24 
20 26 40 
18 28 38 45 
8 14 17 
21 29 35 
