50 75 5 4
1 19
2 13
2 18
3 15
4 17
4 20
5 16
5 18
6 11
6 17
7 19
8 16
9 14
10 12
11 23
12 21
12 23
12 26
13 22
13 27
14 29
15 22
15 25
16 21
16 22
16 29
17 21
17 28
18 24
18 28
18 29
19 29
19 30
20 21
20 26
20 28
21 36
22 36
23 34
23 40
24 31
25 32
25 40
26 35
26 31
27 37
28 38
28 39
29 33
30 37
31 42
31 44
31 47
32 44
32 48
33 43
33 46
33 49
33 50
34 44
34 47
34 50
35 42
35 50
36 45
36 48
37 42
38 41
38 46
38 49
39 42
39 44
39 46
40 42
40 46
1 2 3 4 5 6 7 8 9 10 
11 12 13 14 15 16 17 18 19 20 
21 22 23 24 25 26 27 28 29 30 
31 32 33 34 35 36 37 38 39 40 
41 42 43 44 45 46 47 48 49 50 
9 14 29 
13 27 37 
18 24 31 
6 11 23 
