90 146 9 9
1 16
2 12
2 20
3 12
3 14
4 11
5 12
5 20
6 16
7 13
7 17
8 18
8 20
9 15
10 16
10 19
11 22
11 29
11 30
12 26
13 25
13 26
13 27
13 30
14 26
15 21
15 29
16 23
16 28
16 29
17 22
17 23
17 26
18 25
18 29
19 24
19 25
20 23
20 26
21 33
21 34
21 37
22 38
22 39
23 39
24 33
25 32
26 35
27 34
27 36
28 33
28 36
28 40
29 34
29 35
29 31
30 34
31 42
31 50
32 45
32 48
33 47
34 44
34 48
35 48
35 50
36 50
37 43
37 49
38 48
39 41
39 44
40 44
40 46
41 52
41 54
42 58
42 60
43 56
44 52
44 57
45 53
46 53
47 52
47 55
48 59
49 56
50 51
50 55
50 59
51 69
52 66
52 62
53 63
54 70
54 63
55 65
55 61
56 67
56 68
57 63
58 66
59 61
60 64
61 77
62 72
63 71
63 75
64 74
65 79
65 80
66 79
67 72
68 76
69 78
70 73
70 74
71 83
71 87
72 85
72 87
72 89
73 83
73 85
74 85
74 87
74 88
74 89
75 82
75 84
75 85
75 88
76 83
76 85
76 86
76 87
77 84
77 87
78 89
79 81
79 82
79 83
79 84
80 84
80 85
80 90
1 2 3 4 5 6 7 8 9 10 
11 12 13 14 15 16 17 18 19 20 
21 22 23 24 25 26 27 28 29 30 
31 32 33 34 35 36 37 38 39 40 
41 42 43 44 45 46 47 48 49 50 
51 52 53 54 55 56 57 58 59 60 
61 62 63 64 65 66 67 68 69 70 
71 72 73 74 75 76 77 78 79 80 
81 82 83 84 85 86 87 88 89 90 
42 60 64 74 
3 14 26 
52 62 72 
51 69 78 89 
37 49 56 
22 38 48 
19 24 33 
40 46 53 
44 57 63 
