60 79 10 10
1 11
1 12
2 8
3 9
4 8
5 10
5 11
6 7
7 14
7 18
8 15
9 16
10 15
10 17
11 15
12 13
12 18
13 21
14 20
14 21
14 22
15 19
15 21
15 24
16 20
17 20
18 23
19 27
20 30
21 26
22 25
22 29
23 28
24 28
25 31
26 34
26 31
27 32
27 33
27 36
28 32
29 32
30 35
30 31
31 39
31 40
32 37
32 38
33 39
34 41
34 42
35 37
36 39
36 41
37 45
38 44
38 46
39 43
40 47
40 48
41 45
42 43
43 51
44 49
44 53
45 54
46 51
47 50
47 51
48 52
49 57
49 58
50 56
51 55
51 59
52 56
53 57
54 55
54 60
1 2 3 4 5 6 
7 8 9 10 11 12 
13 14 15 16 17 18 
19 20 21 22 23 24 
25 26 27 28 29 30 
31 32 33 34 35 36 
37 38 39 40 41 42 
43 44 45 46 47 48 
49 50 51 52 53 54 
55 56 57 58 59 60 
3 9 16 20 
34 42 43 
44 53 57 
47 50 56 
12 13 21 
15 24 28 
22 29 32 
27 33 39 
38 46 51 
30 35 37 
