60 77 6 8
1 11
1 15
2 12
2 14
2 20
3 12
4 18
5 16
5 17
6 13
6 19
7 15
8 16
9 12
9 20
10 16
10 18
11 27
12 27
13 30
14 23
14 24
15 22
15 28
16 24
16 29
17 27
18 28
19 25
19 26
20 21
21 40
22 38
23 32
23 36
23 31
24 32
24 37
25 33
25 31
26 39
26 31
27 39
28 35
28 36
29 34
29 37
30 33
31 44
32 47
33 48
34 50
35 41
36 45
36 48
36 49
37 47
38 41
38 42
38 43
39 48
40 46
41 53
41 59
42 51
42 58
43 54
44 52
45 56
45 60
46 54
47 55
48 52
48 57
49 60
50 57
50 60
1 2 3 4 5 6 7 8 9 10 
11 12 13 14 15 16 17 18 19 20 
21 22 23 24 25 26 27 28 29 30 
31 32 33 34 35 36 37 38 39 40 
41 42 43 44 45 46 47 48 49 50 
51 52 53 54 55 56 57 58 59 60 
36 49 60 
40 46 54 
29 34 50 
5 17 27 
28 35 41 
6 13 30 33 
15 22 38 
31 44 52 
