54 68 9 6
1 7
2 7
2 8
3 10
4 9
4 12
5 7
5 11
6 9
7 17
8 13
8 17
9 15
9 16
10 17
11 14
11 16
12 17
12 18
13 23
14 22
15 20
15 22
16 24
17 19
17 22
18 21
19 27
20 25
21 26
22 25
22 28
22 29
23 26
24 30
25 32
25 31
26 35
27 33
28 32
28 34
29 36
30 35
31 37
31 38
32 41
33 38
33 42
34 39
34 41
35 41
36 40
36 42
37 47
38 45
38 48
39 46
39 48
40 44
41 43
42 48
43 53
44 50
45 52
46 49
47 51
47 54
48 49
1 2 3 4 5 6 
7 8 9 10 11 12 
13 14 15 16 17 18 
19 20 21 22 23 24 
25 26 27 28 29 30 
31 32 33 34 35 36 
37 38 39 40 41 42 
43 44 45 46 47 48 
49 50 51 52 53 54 
38 45 52 
12 18 21 26 
17 19 27 33 
31 37 47 
40 44 50 
16 24 30 35 
