70 94 10 11
1 9
2 8
3 11
4 14
5 11
6 10
6 13
7 12
7 14
8 20
9 16
9 17
10 15
11 15
11 17
11 19
12 15
12 17
13 18
14 15
14 20
14 21
15 24
16 22
17 28
18 23
18 25
19 24
19 26
20 24
20 27
21 28
22 32
22 31
23 30
24 29
25 35
25 31
26 32
26 34
27 33
28 33
29 36
29 37
30 39
31 38
32 41
33 42
34 36
35 38
35 40
36 45
37 47
38 44
39 48
40 49
41 43
41 47
41 49
42 46
42 48
43 50
43 52
43 53
44 50
44 56
45 54
46 51
46 55
46 56
47 56
48 51
49 50
49 54
50 60
51 57
51 58
52 61
53 58
53 59
54 62
55 60
56 61
56 63
57 66
57 69
58 70
59 64
59 66
60 68
60 70
61 67
62 65
63 65
1 2 3 4 5 6 7 
8 9 10 11 12 13 14 
15 16 17 18 19 20 21 
22 23 24 25 26 27 28 
29 30 31 32 33 34 35 
36 37 38 39 40 41 42 
43 44 45 46 47 48 49 
50 51 52 53 54 55 56 
57 58 59 60 61 62 63 
64 65 66 67 68 69 70 
35 40 49 
56 63 65 
6 10 15 
29 37 47 
20 27 33 
46 55 60 
43 52 61 
18 23 30 39 48 
36 45 54 
14 21 28 
9 16 22 
