63 71 9 10
1 9
2 9
3 11
4 8
4 10
5 14
6 12
7 13
8 16
9 20
10 17
11 15
12 19
13 18
14 21
15 24
16 27
17 22
17 25
18 28
19 27
20 23
20 26
21 25
21 26
22 35
22 31
23 34
24 30
25 33
26 32
27 30
28 29
29 39
30 39
31 37
31 42
32 38
33 36
33 40
34 38
35 41
36 49
37 46
37 47
38 44
39 49
40 43
40 45
40 48
41 49
42 44
43 50
44 56
45 52
46 50
47 54
47 55
48 51
48 53
49 56
50 58
50 63
51 59
52 59
53 60
53 61
54 61
55 57
55 61
56 62
1 2 3 4 5 6 7 
8 9 10 11 12 13 14 
15 16 17 18 19 20 21 
22 23 24 25 26 27 28 
29 30 31 32 33 34 35 
36 37 38 39 40 41 42 
43 44 45 46 47 48 49 
50 51 52 53 54 55 56 
57 58 59 60 61 62 63 
20 23 34 38 
13 18 28 29 39 
47 54 61 
12 19 27 
37 46 50 
45 52 59 
3 11 15 24 30 
31 42 44 
35 41 49 
4 10 17 
