64 78 8 6
1 15
2 10
3 9
3 12
4 10
5 9
5 16
6 14
7 10
7 11
8 13
9 17
9 19
10 17
11 22
12 21
12 23
12 24
13 19
14 18
15 21
16 20
17 25
17 26
17 31
18 26
19 27
20 27
21 30
22 29
22 31
23 28
23 30
24 32
24 25
24 27
25 35
25 36
26 37
26 40
27 39
28 34
29 38
29 39
30 34
31 36
32 33
33 42
33 48
34 42
35 43
36 41
36 42
36 45
37 43
38 44
38 47
39 43
40 46
41 55
42 55
43 51
43 56
44 49
45 53
46 52
47 50
47 52
48 54
49 63
50 58
51 62
52 57
53 57
54 60
55 64
56 59
56 61
1 2 3 4 5 6 7 8 
9 10 11 12 13 14 15 16 
17 18 19 20 21 22 23 24 
25 26 27 28 29 30 31 32 
33 34 35 36 37 38 39 40 
41 42 43 44 45 46 47 48 
49 50 51 52 53 54 55 56 
57 58 59 60 61 62 63 64 
44 49 63 
5 16 20 27 
40 46 52 
45 53 57 
7 11 22 
6 14 18 26 
