90 126 9 9
1 12
1 17
2 14
2 19
2 20
3 11
3 12
3 14
4 13
4 15
5 11
5 14
5 15
5 16
6 12
6 15
6 19
7 14
7 15
7 16
8 13
8 15
8 16
9 14
9 16
9 18
9 19
10 11
10 16
10 20
11 27
12 30
13 21
14 28
15 29
16 23
16 25
17 24
17 26
18 30
19 24
20 22
21 37
22 34
23 37
23 40
24 33
25 32
25 39
26 35
27 37
28 39
29 36
29 38
29 31
30 36
31 46
32 43
33 45
34 43
35 41
36 44
37 44
37 47
37 50
38 42
38 48
39 42
40 49
41 56
42 54
42 57
43 55
44 58
45 60
46 51
47 58
48 53
48 57
49 52
50 59
50 60
51 63
52 65
53 70
54 62
55 64
56 67
56 70
57 63
58 66
58 69
58 70
59 68
59 61
60 64
60 63
61 80
62 71
62 73
63 72
63 76
64 74
64 75
65 77
66 76
67 80
68 73
69 77
70 73
70 78
70 79
71 89
72 86
73 81
74 85
75 82
75 87
76 85
76 88
77 90
78 83
78 89
78 90
79 84
80 89
1 2 3 4 5 6 7 8 9 10 
11 12 13 14 15 16 17 18 19 20 
21 22 23 24 25 26 27 28 29 30 
31 32 33 34 35 36 37 38 39 40 
41 42 43 44 45 46 47 48 49 50 
51 52 53 54 55 56 57 58 59 60 
61 62 63 64 65 66 67 68 69 70 
71 72 73 74 75 76 77 78 79 80 
81 82 83 84 85 86 87 88 89 90 
35 41 56 
64 74 85 
48 53 70 
37 47 58 
59 68 73 
49 52 65 77 
25 32 43 
31 46 51 63 
9 18 30 
