50 63 5 6
1 18
2 19
3 17
4 12
4 14
4 20
5 17
6 16
7 13
7 18
8 15
9 11
9 18
10 17
11 26
11 30
12 26
12 28
13 25
14 23
15 21
16 24
17 25
17 26
17 28
17 29
18 25
18 26
18 30
19 29
20 22
20 26
20 27
21 37
21 31
22 35
23 38
24 37
25 39
25 40
26 34
27 36
28 33
29 37
30 32
30 38
31 49
32 43
32 44
32 46
33 44
34 44
34 45
34 47
35 50
36 41
36 42
36 44
36 48
37 44
38 49
39 47
40 49
1 2 3 4 5 6 7 8 9 10 
11 12 13 14 15 16 17 18 19 20 
21 22 23 24 25 26 27 28 29 30 
31 32 33 34 35 36 37 38 39 40 
41 42 43 44 45 46 47 48 49 50 
4 14 23 38 
25 39 47 
22 35 50 
8 15 21 
2 19 29 
28 33 44 
