45 54 9 7
1 7
2 8
3 8
4 6
4 9
5 8
5 10
6 12
6 13
7 12
8 14
9 11
9 12
10 15
11 16
12 17
12 20
13 18
13 19
14 16
15 20
16 25
17 22
18 21
18 23
19 21
20 22
20 24
21 28
22 26
22 28
23 27
23 29
24 30
25 30
26 33
27 32
27 34
28 35
29 34
29 31
30 34
31 40
32 36
33 37
34 38
34 39
35 37
36 42
37 44
38 41
38 44
39 43
40 45
1 2 3 4 5 
6 7 8 9 10 
11 12 13 14 15 
16 17 18 19 20 
21 22 23 24 25 
26 27 28 29 30 
31 32 33 34 35 
36 37 38 39 40 
41 42 43 44 45 
34 39 43 
13 19 21 
5 10 15 20 
32 36 42 
26 33 37 
31 40 45 
16 25 30 
