90 144 9 9
1 15
2 12
2 20
3 11
3 13
4 11
4 18
4 19
4 20
5 11
5 14
5 15
6 18
7 11
7 17
8 13
8 18
9 18
10 11
10 16
11 21
12 24
12 25
12 27
13 22
13 24
13 26
13 30
14 23
14 24
14 28
14 30
15 21
15 30
16 21
16 28
16 30
17 23
17 24
18 26
19 27
20 28
20 29
20 30
21 34
22 35
22 38
23 34
23 37
24 38
24 31
25 33
26 37
27 36
27 40
28 32
28 38
29 39
30 33
31 47
32 42
32 44
32 45
32 49
33 41
33 45
33 46
34 42
34 44
34 50
35 44
36 43
36 46
36 48
37 41
37 42
37 44
38 45
39 42
39 49
40 44
40 46
41 60
42 54
43 52
44 55
45 60
46 60
47 53
47 54
47 57
48 56
48 59
49 52
50 51
50 58
50 59
51 65
51 62
52 68
52 69
53 68
54 64
54 66
55 65
55 63
56 61
57 67
57 70
58 61
59 66
60 64
61 76
61 80
62 74
62 78
63 71
63 72
63 74
63 75
64 75
65 71
65 74
65 77
66 76
67 77
68 74
68 75
69 73
70 72
70 74
70 79
71 89
72 86
73 85
73 88
74 81
75 87
76 86
77 83
78 84
79 82
79 89
80 90
1 2 3 4 5 6 7 8 9 10 
11 12 13 14 15 16 17 18 19 20 
21 22 23 24 25 26 27 28 29 30 
31 32 33 34 35 36 37 38 39 40 
41 42 43 44 45 46 47 48 49 50 
51 52 53 54 55 56 57 58 59 60 
61 62 63 64 65 66 67 68 69 70 
71 72 73 74 75 76 77 78 79 80 
81 82 83 84 85 86 87 88 89 90 
12 25 33 
48 56 61 
22 35 44 
24 31 47 
36 43 52 
62 78 84 
57 67 77 
4 19 27 
20 29 39 
