60 83 6 7
1 16
1 20
2 17
3 16
4 13
4 14
4 16
5 11
5 15
6 16
6 19
7 12
7 17
7 18
8 17
9 15
9 16
9 18
10 15
11 23
11 27
12 22
12 23
13 25
14 27
15 26
15 27
15 28
16 22
16 29
17 21
17 27
18 22
18 24
19 29
19 30
20 28
21 33
22 38
23 33
24 40
25 37
26 35
26 38
27 39
27 40
28 31
29 32
29 34
30 36
31 42
31 48
32 44
33 41
33 49
34 43
35 45
35 46
36 43
37 50
38 44
38 47
39 48
40 49
41 53
41 55
41 58
42 55
43 56
44 51
44 59
44 60
45 51
45 58
46 56
46 60
47 52
47 60
48 51
48 57
49 55
50 54
50 60
1 2 3 4 5 6 7 8 9 10 
11 12 13 14 15 16 17 18 19 20 
21 22 23 24 25 26 27 28 29 30 
31 32 33 34 35 36 37 38 39 40 
41 42 43 44 45 46 47 48 49 50 
51 52 53 54 55 56 57 58 59 60 
17 21 33 
29 34 43 
27 39 48 
13 25 37 50 
31 42 55 
18 24 40 
1 20 28 
