90 125 9 11
1 20
2 13
2 14
3 11
3 12
3 18
4 14
5 16
6 14
6 17
6 18
7 20
8 18
9 19
10 15
10 19
11 21
12 24
12 29
13 23
13 26
14 30
15 25
16 28
17 24
18 22
19 23
20 27
21 32
22 34
23 33
23 40
23 31
24 31
25 36
26 31
27 35
27 37
28 31
29 31
30 32
30 38
30 39
31 43
31 47
32 41
32 44
33 42
33 49
34 47
34 50
35 46
36 45
37 45
38 43
39 43
39 44
39 48
40 45
41 58
41 60
42 52
43 54
43 60
44 57
44 60
45 55
46 53
47 60
48 52
49 51
50 56
50 59
51 64
51 67
51 63
52 67
52 62
53 70
54 62
55 64
55 65
55 68
56 68
56 69
57 64
57 70
58 66
59 66
59 61
60 68
61 74
61 76
62 76
63 71
64 73
64 80
65 71
65 72
66 76
67 75
67 78
68 77
69 77
69 79
70 71
71 89
72 81
72 83
72 88
73 86
73 89
74 81
74 82
75 81
75 88
76 81
76 89
77 84
77 88
78 88
79 87
79 90
80 85
80 89
1 2 3 4 5 6 7 8 9 10 
11 12 13 14 15 16 17 18 19 20 
21 22 23 24 25 26 27 28 29 30 
31 32 33 34 35 36 37 38 39 40 
41 42 43 44 45 46 47 48 49 50 
51 52 53 54 55 56 57 58 59 60 
61 62 63 64 65 66 67 68 69 70 
71 72 73 74 75 76 77 78 79 80 
81 82 83 84 85 86 87 88 89 90 
18 22 34 
51 63 71 
13 26 31 
41 58 66 
25 36 45 
35 46 53 70 
67 78 88 
39 48 52 
11 21 32 
30 38 43 
6 17 24 
