80 108 10 11
1 15
2 9
2 11
3 11
3 15
4 12
5 12
5 14
6 10
7 13
7 15
8 16
9 17
9 24
10 17
11 19
11 21
12 17
12 18
13 17
13 22
14 17
14 19
14 20
15 19
16 23
16 24
17 31
18 26
18 29
19 26
20 26
20 28
21 25
22 30
23 32
23 27
24 30
25 40
26 37
27 34
27 35
28 33
28 36
29 40
30 38
30 39
31 37
32 33
33 42
34 47
35 47
35 48
36 45
37 46
38 45
39 44
40 41
40 43
41 50
42 56
43 49
43 52
43 55
44 56
45 50
45 52
45 53
46 52
46 54
47 53
47 54
47 56
48 51
48 52
49 64
49 61
50 57
50 59
51 60
52 60
53 62
54 64
55 62
56 58
56 63
57 66
57 68
58 71
59 69
60 68
61 71
62 67
62 72
63 65
64 69
64 70
65 75
65 77
66 79
66 80
67 74
68 73
68 75
69 78
70 74
71 76
72 80
1 2 3 4 5 6 7 8 
9 10 11 12 13 14 15 16 
17 18 19 20 21 22 23 24 
25 26 27 28 29 30 31 32 
33 34 35 36 37 38 39 40 
41 42 43 44 45 46 47 48 
49 50 51 52 53 54 55 56 
57 58 59 60 61 62 63 64 
65 66 67 68 69 70 71 72 
73 74 75 76 77 78 79 80 
33 42 56 
18 29 40 
62 72 80 
64 70 74 
28 36 45 
13 22 30 
50 59 69 
6 10 17 
27 34 47 
49 61 71 
48 51 60 
