49 64 7 6
1 8
1 11
2 10
2 13
3 12
4 13
5 8
6 10
7 8
7 9
7 14
8 20
9 19
10 19
11 18
12 17
13 15
13 18
13 21
14 16
15 26
16 23
16 25
16 28
17 22
18 27
19 27
20 26
21 24
21 27
22 30
23 29
23 30
24 35
25 34
26 31
27 32
27 33
27 34
28 34
29 36
29 37
29 38
30 38
30 40
31 36
32 37
32 42
33 38
33 41
34 38
34 39
35 37
36 43
37 47
37 48
38 48
39 46
40 46
40 48
41 44
42 43
42 45
42 49
1 2 3 4 5 6 7 
8 9 10 11 12 13 14 
15 16 17 18 19 20 21 
22 23 24 25 26 27 28 
29 30 31 32 33 34 35 
36 37 38 39 40 41 42 
43 44 45 46 47 48 49 
34 39 46 
17 22 30 
7 14 16 
8 20 26 
1 11 18 
33 41 44 
