56 71 8 6
1 9
2 13
3 8
3 12
4 11
5 10
6 13
7 12
7 14
8 18
9 16
10 20
11 20
12 19
13 21
14 15
14 17
15 22
15 26
16 22
16 27
16 28
17 25
17 26
18 26
18 27
19 23
19 24
20 23
21 23
22 29
23 33
24 34
25 30
26 34
27 32
28 35
28 31
29 36
29 37
30 38
30 42
31 42
32 42
33 37
34 40
34 41
35 39
35 40
36 43
36 44
36 46
37 47
37 48
38 47
39 49
40 47
41 49
42 43
42 44
42 45
43 52
43 55
44 56
45 54
45 56
46 50
47 56
48 56
49 51
49 53
1 2 3 4 5 6 7 
8 9 10 11 12 13 14 
15 16 17 18 19 20 21 
22 23 24 25 26 27 28 
29 30 31 32 33 34 35 
36 37 38 39 40 41 42 
43 44 45 46 47 48 49 
50 51 52 53 54 55 56 
1 9 16 
36 46 50 
5 10 20 
3 8 18 
35 39 49 
27 32 42 
