100 154 10 17
1 15
1 17
2 11
2 14
3 15
3 17
3 20
4 14
5 16
5 17
5 19
6 14
6 18
7 15
8 12
8 15
9 15
10 13
10 15
10 16
10 18
11 23
11 26
12 29
13 22
14 23
14 27
15 22
15 23
16 22
16 28
17 23
18 24
18 25
19 21
19 30
20 22
20 29
21 35
21 37
21 39
22 34
22 38
22 31
23 32
23 37
24 33
24 36
25 40
25 31
26 35
26 39
27 34
28 32
29 39
30 39
31 45
31 46
32 42
32 50
33 45
33 48
33 49
34 42
34 47
34 50
35 43
35 45
36 48
37 42
37 44
38 41
39 41
39 42
39 45
40 42
41 53
41 57
42 56
43 60
44 56
45 57
46 54
46 58
47 59
47 60
48 51
48 55
48 60
49 52
49 57
50 53
51 64
52 70
53 64
54 67
54 69
55 70
56 65
56 69
56 63
57 65
57 61
58 66
58 68
58 62
59 66
60 64
61 74
62 76
63 72
63 74
63 80
64 77
65 77
66 79
66 80
67 76
67 78
68 71
68 77
69 73
70 75
70 80
71 86
72 85
72 90
73 81
73 87
74 88
75 82
76 90
77 90
78 84
78 86
79 90
80 83
80 89
81 91
81 93
82 91
83 94
84 98
84 99
84 92
85 99
85 100
86 97
87 96
88 99
88 95
89 96
89 97
90 97
1 2 3 4 5 6 7 8 9 10 
11 12 13 14 15 16 17 18 19 20 
21 22 23 24 25 26 27 28 29 30 
31 32 33 34 35 36 37 38 39 40 
41 42 43 44 45 46 47 48 49 50 
51 52 53 54 55 56 57 58 59 60 
61 62 63 64 65 66 67 68 69 70 
71 72 73 74 75 76 77 78 79 80 
81 82 83 84 85 86 87 88 89 90 
91 92 93 94 95 96 97 98 99 100 
48 51 64 
16 28 32 
49 52 70 
25 40 42 
66 79 90 
80 83 94 
57 61 74 
35 43 60 
75 82 91 
73 87 96 
8 12 29 
19 30 39 
14 27 34 
37 44 56 
10 13 22 
58 62 76 
68 71 86 
