50 82 5 3
1 13
1 16
1 19
1 20
2 11
2 16
3 17
3 20
4 12
4 17
4 20
5 17
6 12
6 14
6 17
6 19
7 12
7 14
7 18
7 19
8 13
8 15
8 16
8 17
9 20
10 13
10 19
11 21
12 25
12 30
13 21
13 23
14 26
14 27
15 29
16 22
17 24
17 30
18 21
18 28
19 30
20 27
21 34
21 39
21 31
22 33
22 35
23 38
24 34
24 39
25 33
25 35
25 38
25 39
26 37
26 39
26 31
27 40
28 32
28 40
28 31
29 37
30 32
30 36
31 43
32 43
32 49
33 43
33 47
34 44
34 47
35 50
36 42
36 45
37 41
37 44
37 45
38 43
39 42
39 46
40 44
40 48
1 2 3 4 5 6 7 8 9 10 
11 12 13 14 15 16 17 18 19 20 
21 22 23 24 25 26 27 28 29 30 
31 32 33 34 35 36 37 38 39 40 
41 42 43 44 45 46 47 48 49 50 
8 15 29 37 
2 11 21 
13 23 38 
