90 124 10 9
1 12
1 14
2 13
3 10
4 13
4 15
5 12
5 17
6 13
7 18
8 11
8 18
9 16
10 20
11 21
12 20
12 22
13 25
13 26
14 19
14 21
14 23
15 24
16 21
17 19
17 27
18 21
19 29
20 31
21 33
21 35
21 30
22 31
23 33
24 32
24 33
24 28
25 30
26 30
27 34
27 36
28 45
29 39
29 40
29 41
30 38
31 37
31 45
32 42
33 38
33 42
33 43
34 40
35 38
35 40
35 44
36 39
37 54
38 48
38 51
39 47
39 50
40 46
41 52
42 47
43 53
44 49
45 54
46 55
46 62
47 57
48 61
49 57
50 59
51 61
52 57
52 58
53 56
53 61
54 60
54 63
55 71
56 67
56 70
57 69
57 72
58 66
59 64
59 72
60 68
61 66
62 70
63 65
64 74
64 80
65 80
65 81
66 77
67 75
68 76
68 78
68 80
68 81
69 74
69 79
70 73
70 74
70 77
71 77
72 76
72 79
73 85
74 85
75 86
76 84
76 86
76 87
76 88
77 85
78 83
79 90
80 87
81 82
81 89
1 2 3 4 5 6 7 8 9 
10 11 12 13 14 15 16 17 18 
19 20 21 22 23 24 25 26 27 
28 29 30 31 32 33 34 35 36 
37 38 39 40 41 42 43 44 45 
46 47 48 49 50 51 52 53 54 
55 56 57 58 59 60 61 62 63 
64 65 66 67 68 69 70 71 72 
73 74 75 76 77 78 79 80 81 
82 83 84 85 86 87 88 89 90 
46 62 70 
55 71 77 
14 23 33 
9 16 21 
56 67 75 86 
24 28 45 
27 34 40 
54 63 65 
35 44 49 57 
