56 66 7 8
1 9
1 12
1 13
2 11
2 16
3 15
4 13
5 16
6 10
7 15
8 14
9 24
10 19
11 17
12 20
12 21
13 22
14 23
15 18
16 24
17 26
18 30
19 26
19 27
19 29
20 25
20 26
21 31
22 28
22 29
22 30
23 31
24 32
25 36
25 40
26 35
27 33
27 38
28 35
29 37
30 33
31 40
32 34
32 39
33 43
33 48
34 48
35 43
35 44
36 43
37 47
38 41
38 45
38 46
39 42
40 48
41 56
42 53
43 50
43 54
43 55
44 49
45 56
46 51
47 52
48 49
1 2 3 4 5 6 7 8 
9 10 11 12 13 14 15 16 
17 18 19 20 21 22 23 24 
25 26 27 28 29 30 31 32 
33 34 35 36 37 38 39 40 
41 42 43 44 45 46 47 48 
49 50 51 52 53 54 55 56 
37 47 52 
12 21 31 
39 42 53 
6 10 19 
2 11 17 26 
25 36 43 
32 34 48 
38 41 56 
