63 83 9 9
1 8
2 8
3 11
4 9
4 11
5 12
5 13
6 10
6 14
7 11
8 16
8 21
9 17
9 19
10 18
11 20
12 15
12 18
13 21
14 19
15 25
15 27
16 23
16 28
17 23
17 24
18 23
18 24
19 22
20 24
20 26
21 23
22 32
22 34
23 33
23 35
24 34
24 29
24 31
25 34
26 34
26 30
27 34
28 33
29 36
29 42
30 39
31 40
31 42
32 36
32 41
33 37
33 38
34 42
35 39
36 46
37 43
37 49
38 45
39 47
40 47
41 48
42 44
43 55
44 50
44 52
45 55
46 56
47 53
47 54
48 52
49 51
49 52
50 63
51 57
51 58
51 62
52 60
53 58
53 61
54 59
55 63
56 63
1 2 3 4 5 6 7 
8 9 10 11 12 13 14 
15 16 17 18 19 20 21 
22 23 24 25 26 27 28 
29 30 31 32 33 34 35 
36 37 38 39 40 41 42 
43 44 45 46 47 48 49 
50 51 52 53 54 55 56 
57 58 59 60 61 62 63 
31 40 47 
15 27 34 
44 50 63 
6 10 18 
16 28 33 
23 35 39 
41 48 52 
5 13 21 
37 43 55 
