49 66 7 9
1 14
2 14
3 13
3 14
4 8
4 11
5 9
6 10
6 11
6 12
7 9
8 20
9 19
9 20
10 18
11 18
12 18
12 21
13 15
13 17
14 15
14 16
15 25
16 24
16 26
16 27
16 28
17 28
18 22
19 27
20 23
21 23
21 27
22 30
23 33
23 29
24 31
25 29
26 35
27 32
27 34
28 34
29 40
30 40
31 37
31 38
31 41
32 36
32 41
33 39
34 41
34 42
35 41
36 44
37 46
37 47
38 49
39 43
39 46
40 44
40 49
41 48
41 49
42 45
42 46
42 49
1 2 3 4 5 6 7 
8 9 10 11 12 13 14 
15 16 17 18 19 20 21 
22 23 24 25 26 27 28 
29 30 31 32 33 34 35 
36 37 38 39 40 41 42 
43 44 45 46 47 48 49 
16 24 31 
23 33 39 
13 17 28 
15 25 29 
32 36 44 
4 8 20 
22 30 40 
9 19 27 
26 35 41 
