49 63 7 6
1 10
1 12
1 13
2 8
2 9
3 9
3 14
4 12
5 13
6 11
6 13
7 10
8 21
9 19
10 18
10 20
10 21
11 21
12 16
12 17
13 15
14 17
15 27
16 25
16 28
17 22
18 22
19 24
20 23
20 25
21 25
21 26
22 32
22 30
23 33
23 35
24 31
25 35
26 34
27 29
28 30
29 41
30 40
31 38
32 37
32 38
32 40
33 36
33 38
33 40
34 38
34 39
34 42
35 38
36 44
36 47
37 46
37 48
38 43
39 49
40 45
41 49
42 45
1 2 3 4 5 6 7 
8 9 10 11 12 13 14 
15 16 17 18 19 20 21 
22 23 24 25 26 27 28 
29 30 31 32 33 34 35 
36 37 38 39 40 41 42 
43 44 45 46 47 48 49 
19 24 31 38 
10 18 22 
27 29 41 49 
34 42 45 
16 28 30 
3 14 17 
