54 70 6 8
1 11
1 16
2 14
3 16
4 13
4 15
5 15
5 18
6 17
7 12
8 14
9 10
9 15
10 27
11 24
11 26
12 19
12 27
13 20
13 27
14 22
14 27
15 27
16 24
17 23
17 25
18 21
19 35
20 28
21 29
22 34
23 35
23 36
24 30
24 31
25 36
26 33
26 36
27 32
28 39
29 41
29 44
30 37
31 38
32 42
33 45
34 39
34 40
35 39
36 37
36 43
37 49
37 50
37 52
38 48
38 51
38 52
39 50
39 53
40 53
40 54
41 46
41 50
42 47
43 48
44 48
44 49
45 48
45 51
45 53
1 2 3 4 5 6 7 8 9 
10 11 12 13 14 15 16 17 18 
19 20 21 22 23 24 25 26 27 
28 29 30 31 32 33 34 35 36 
37 38 39 40 41 42 43 44 45 
46 47 48 49 50 51 52 53 54 
24 30 37 
18 21 29 
26 33 45 
36 43 48 
9 10 27 
14 22 34 
13 20 28 39 
32 42 47 
