48 54 8 9
1 9
1 11
2 11
3 8
4 7
5 12
6 7
6 10
7 17
8 18
9 15
10 17
11 13
11 16
12 14
12 17
13 21
14 24
15 20
15 23
15 24
16 22
17 20
18 19
19 25
20 28
21 29
22 26
23 30
24 27
25 36
26 32
26 31
27 35
28 34
29 33
29 35
30 35
31 39
31 41
32 38
32 42
33 40
34 39
35 40
36 37
37 44
37 46
38 46
39 45
39 47
40 48
41 45
42 43
1 2 3 4 5 6 
7 8 9 10 11 12 
13 14 15 16 17 18 
19 20 21 22 23 24 
25 26 27 28 29 30 
31 32 33 34 35 36 
37 38 39 40 41 42 
43 44 45 46 47 48 
29 33 40 
25 36 37 
24 27 35 
16 22 26 
20 28 34 39 
31 41 45 
1 9 15 
32 38 46 
6 10 17 
