63 80 9 10
1 10
1 12
2 14
3 14
4 8
5 8
5 11
6 9
7 13
8 16
8 17
8 19
9 19
10 19
11 19
12 15
12 20
13 20
13 21
14 18
15 24
16 27
17 23
17 26
18 25
19 22
19 28
20 23
21 22
22 34
23 33
24 30
25 29
26 29
27 32
28 35
28 31
29 37
29 38
30 41
30 42
31 37
32 36
32 37
33 40
34 37
34 39
34 42
35 40
35 41
36 43
37 48
38 48
39 47
40 45
40 47
41 44
41 46
42 49
43 55
44 50
44 52
45 54
45 55
46 53
47 50
47 56
48 50
48 51
49 55
50 59
50 62
51 61
52 63
53 61
54 57
54 58
55 61
56 60
56 61
1 2 3 4 5 6 7 
8 9 10 11 12 13 14 
15 16 17 18 19 20 21 
22 23 24 25 26 27 28 
29 30 31 32 33 34 35 
36 37 38 39 40 41 42 
43 44 45 46 47 48 49 
50 51 52 53 54 55 56 
57 58 59 60 61 62 63 
1 10 19 
18 25 29 
42 49 55 
8 16 27 32 
15 24 30 
23 33 40 
13 21 22 
41 46 53 61 
28 31 37 
44 52 63 
