80 115 10 10
1 15
2 9
2 13
3 11
3 12
4 16
5 11
6 10
6 14
7 10
8 15
9 17
9 23
9 24
10 19
11 19
11 23
12 23
13 18
13 20
14 21
15 18
16 22
17 25
18 32
18 28
18 29
18 31
19 26
19 27
20 25
21 25
22 28
22 30
23 25
24 25
25 35
25 38
26 36
26 37
27 34
28 34
29 34
29 39
30 40
31 33
32 34
33 43
34 43
35 44
36 42
36 48
37 41
38 42
39 46
39 47
40 42
40 45
41 50
41 55
42 54
43 51
44 50
44 54
45 50
45 54
46 49
46 52
46 55
47 52
47 53
47 56
48 56
49 60
49 61
50 62
51 58
52 60
52 63
53 57
53 60
54 64
54 59
54 60
55 58
56 64
57 67
57 72
58 70
58 72
59 68
60 65
60 66
61 66
61 71
62 66
63 67
64 69
64 70
65 74
65 76
65 79
66 79
67 74
67 77
68 74
68 80
69 76
69 80
70 75
70 76
70 78
71 73
71 76
72 75
1 2 3 4 5 6 7 8 
9 10 11 12 13 14 15 16 
17 18 19 20 21 22 23 24 
25 26 27 28 29 30 31 32 
33 34 35 36 37 38 39 40 
41 42 43 44 45 46 47 48 
49 50 51 52 53 54 55 56 
57 58 59 60 61 62 63 64 
65 66 67 68 69 70 71 72 
73 74 75 76 77 78 79 80 
25 35 44 
31 33 43 
22 30 40 
26 37 41 
3 12 23 
54 59 68 
52 63 67 
36 48 56 
18 32 34 
50 62 66 
