80 114 8 11
1 12
1 18
2 14
3 19
4 20
5 16
6 11
6 15
6 19
7 12
7 16
8 12
8 13
9 16
10 14
10 17
11 23
12 24
13 28
14 21
14 26
15 29
16 29
17 22
17 24
18 24
18 25
19 27
19 28
20 30
21 32
21 35
21 40
22 32
22 36
22 37
23 36
24 33
24 36
24 39
25 32
25 34
25 31
26 36
26 38
26 40
27 32
27 33
27 36
28 32
28 36
29 32
29 40
30 38
30 31
31 41
31 44
32 43
32 50
33 50
34 45
34 47
34 48
35 42
36 46
36 50
37 47
38 45
39 50
40 49
41 56
42 57
43 58
44 52
45 53
45 54
46 53
47 60
48 57
49 51
49 55
50 59
51 67
51 69
52 64
52 68
52 61
53 66
53 68
54 61
54 62
55 67
56 64
56 65
57 62
58 61
59 70
59 63
60 70
61 71
62 73
63 71
63 72
64 73
64 74
64 77
65 75
66 80
67 76
68 73
69 78
69 80
70 75
70 79
1 2 3 4 5 6 7 8 9 10 
11 12 13 14 15 16 17 18 19 20 
21 22 23 24 25 26 27 28 29 30 
31 32 33 34 35 36 37 38 39 40 
41 42 43 44 45 46 47 48 49 50 
51 52 53 54 55 56 57 58 59 60 
61 62 63 64 65 66 67 68 69 70 
71 72 73 74 75 76 77 78 79 80 
31 41 56 
6 15 29 
8 13 28 
22 37 47 
49 55 67 
34 48 57 
53 66 80 
24 39 50 
43 58 61 
11 23 36 
4 20 30 
