60 72 6 7
1 12
2 17
2 18
2 20
3 11
3 16
4 17
5 13
5 18
6 11
6 15
7 14
8 11
8 19
9 16
10 13
11 27
12 23
12 26
13 22
14 26
15 26
15 29
16 21
16 23
17 25
18 24
19 28
20 25
20 30
21 32
21 35
22 33
23 40
24 31
25 33
26 32
26 36
26 37
27 34
27 38
28 36
28 39
29 36
30 33
31 41
31 47
32 42
32 45
33 43
34 50
35 46
36 44
36 47
37 43
38 48
39 49
40 50
41 53
41 58
42 54
43 57
43 60
44 51
44 55
45 52
46 52
47 51
47 59
48 56
49 58
50 58
1 2 3 4 5 6 7 8 9 10 
11 12 13 14 15 16 17 18 19 20 
21 22 23 24 25 26 27 28 29 30 
31 32 33 34 35 36 37 38 39 40 
41 42 43 44 45 46 47 48 49 50 
51 52 53 54 55 56 57 58 59 60 
18 24 31 
35 46 52 
28 39 49 58 
27 38 48 56 
20 30 33 
15 29 36 
7 14 26 
