80 100 10 9
1 10
2 14
3 9
3 16
4 13
4 15
5 11
6 15
7 12
8 12
9 17
10 23
11 19
11 20
11 21
12 22
12 23
13 23
14 21
15 24
16 18
17 25
17 30
18 26
19 28
20 28
21 29
21 31
22 32
23 29
24 27
24 29
25 36
25 38
26 37
27 34
28 37
29 33
29 39
30 35
30 40
31 38
32 35
33 41
33 42
33 48
34 46
35 44
36 43
37 41
37 45
37 47
38 48
39 44
40 44
41 54
42 50
42 56
43 51
43 52
44 52
44 53
45 50
46 49
47 49
48 55
49 59
50 60
51 61
51 62
52 64
53 63
54 57
55 57
56 64
56 58
57 71
58 69
59 65
60 70
60 71
61 68
61 71
62 68
63 66
63 67
64 66
64 72
65 78
66 74
66 79
67 80
68 77
69 74
69 78
70 73
70 75
70 78
71 80
72 76
1 2 3 4 5 6 7 8 
9 10 11 12 13 14 15 16 
17 18 19 20 21 22 23 24 
25 26 27 28 29 30 31 32 
33 34 35 36 37 38 39 40 
41 42 43 44 45 46 47 48 
49 50 51 52 53 54 55 56 
57 58 59 60 61 62 63 64 
65 66 67 68 69 70 71 72 
73 74 75 76 77 78 79 80 
2 14 21 
63 67 80 
34 46 49 
30 40 44 
37 45 50 
51 62 68 
11 20 28 
59 65 78 
64 72 76 
