64 76 8 10
1 14
2 9
2 13
3 14
4 11
4 16
5 12
5 15
6 10
7 9
8 12
9 19
10 21
11 23
11 24
12 17
13 17
13 20
14 18
14 22
15 21
16 19
17 27
17 28
18 30
19 26
20 25
20 29
21 32
22 25
22 31
23 29
24 28
25 34
26 35
27 37
27 40
28 35
29 39
30 33
31 38
32 36
32 37
33 45
34 42
34 43
35 41
35 47
36 44
36 46
37 41
38 48
39 42
40 46
41 53
42 49
42 51
43 52
44 50
45 55
46 49
46 54
47 50
47 56
48 52
48 56
49 59
50 61
51 62
52 59
52 60
53 58
54 57
55 64
55 63
56 58
1 2 3 4 5 6 7 8 
9 10 11 12 13 14 15 16 
17 18 19 20 21 22 23 24 
25 26 27 28 29 30 31 32 
33 34 35 36 37 38 39 40 
41 42 43 44 45 46 47 48 
49 50 51 52 53 54 55 56 
57 58 59 60 61 62 63 64 
42 51 62 
19 26 35 
30 33 45 55 
27 40 46 
41 53 58 
22 31 38 48 
34 43 52 
11 24 28 
36 44 50 
5 15 21 
