60 70 10 9
1 8
1 9
2 10
3 7
4 12
5 7
6 11
7 15
8 17
9 14
9 16
10 15
11 18
12 13
12 15
13 23
14 21
15 22
15 23
16 24
17 19
17 24
18 20
19 26
20 25
20 30
21 28
21 29
22 27
23 26
24 27
25 33
26 31
27 34
27 36
28 34
28 35
29 31
30 32
31 41
31 42
32 38
33 37
34 38
35 40
36 39
37 47
38 48
39 44
40 43
41 44
41 45
41 46
42 48
43 50
44 51
45 49
45 53
46 50
47 52
48 54
49 58
49 59
50 60
51 60
52 59
53 55
53 60
54 56
54 57
1 2 3 4 5 6 
7 8 9 10 11 12 
13 14 15 16 17 18 
19 20 21 22 23 24 
25 26 27 28 29 30 
31 32 33 34 35 36 
37 38 39 40 41 42 
43 44 45 46 47 48 
49 50 51 52 53 54 
55 56 57 58 59 60 
28 35 40 43 50 
20 30 32 38 
9 16 24 
37 47 52 59 
31 42 48 
36 39 44 
17 19 26 
2 10 15 
12 13 23 
