50 61 10 7
1 9
2 9
2 10
3 8
4 8
4 10
5 6
5 7
6 12
7 14
8 11
8 13
8 14
9 15
10 15
11 20
12 18
12 19
13 17
14 16
14 17
14 19
15 19
16 25
17 23
18 22
19 25
20 21
20 24
21 30
22 26
22 29
23 27
23 28
24 26
25 30
26 33
27 31
28 32
29 34
30 35
30 31
31 38
32 36
33 36
34 37
34 40
35 37
35 39
36 43
37 45
38 44
39 43
40 41
40 42
41 46
41 49
42 47
43 46
44 50
45 48
1 2 3 4 5 
6 7 8 9 10 
11 12 13 14 15 
16 17 18 19 20 
21 22 23 24 25 
26 27 28 29 30 
31 32 33 34 35 
36 37 38 39 40 
41 42 43 44 45 
46 47 48 49 50 
31 38 44 50 
8 13 17 
37 45 48 
5 6 12 
23 28 32 36 
20 24 26 
14 16 25 
