42 53 6 6
1 12
2 8
2 11
3 13
4 10
4 12
5 9
6 13
7 14
8 15
8 18
8 20
9 21
10 21
11 17
11 18
12 15
12 21
13 18
13 19
14 16
14 20
15 24
15 27
16 28
17 23
18 22
19 24
19 26
20 25
20 27
21 28
22 30
23 35
24 32
25 32
25 34
25 31
26 29
27 33
27 29
28 31
29 38
30 38
31 37
31 40
32 36
32 39
32 41
33 40
34 37
34 42
35 37
1 2 3 4 5 6 7 
8 9 10 11 12 13 14 
15 16 17 18 19 20 21 
22 23 24 25 26 27 28 
29 30 31 32 33 34 35 
36 37 38 39 40 41 42 
5 9 21 
11 17 23 35 37 
27 33 40 
22 30 38 
14 16 28 
19 26 29 
