49 58 7 6
1 9
1 14
2 8
3 10
3 12
4 9
5 13
5 14
6 11
7 8
8 18
9 15
10 16
11 17
12 20
13 17
13 21
14 19
14 20
15 22
15 28
16 24
17 27
18 27
19 25
20 26
21 23
22 32
23 32
24 33
24 31
25 32
26 34
26 29
26 31
27 35
28 30
28 31
29 36
30 40
30 42
31 40
32 38
33 39
33 41
34 39
35 37
36 45
36 49
37 44
37 47
38 43
39 43
40 48
41 47
42 43
42 45
42 46
1 2 3 4 5 6 7 
8 9 10 11 12 13 14 
15 16 17 18 19 20 21 
22 23 24 25 26 27 28 
29 30 31 32 33 34 35 
36 37 38 39 40 41 42 
43 44 45 46 47 48 49 
26 34 39 
10 16 24 
27 35 37 
19 25 32 
33 41 47 
3 12 20 
