100 161 10 10
1 20
2 13
2 16
2 18
3 15
4 15
4 17
5 11
6 12
7 17
8 16
8 19
9 12
9 20
10 14
10 20
11 28
11 30
12 26
13 25
14 22
14 29
15 26
15 27
15 30
16 26
17 23
17 24
18 23
18 25
19 28
20 21
20 27
20 28
20 30
21 33
22 34
22 38
22 39
23 35
23 39
24 32
24 33
24 38
25 40
26 38
27 35
27 38
27 39
27 31
28 39
28 40
29 36
29 39
29 31
30 32
30 33
30 37
30 31
31 45
31 46
32 47
33 41
34 43
34 48
34 50
35 42
36 44
37 42
38 50
39 47
40 42
40 49
41 51
41 55
41 57
42 54
42 56
43 51
43 53
44 60
45 51
45 54
46 52
47 52
47 55
47 57
47 58
48 54
48 58
49 53
49 58
50 59
51 64
51 67
51 61
52 61
53 65
54 61
55 62
55 63
56 64
57 61
58 68
58 69
59 62
60 66
60 70
61 74
62 72
63 77
63 78
64 80
65 71
65 76
66 75
66 80
67 72
67 76
68 75
68 79
69 73
69 79
70 77
70 80
71 86
72 90
73 86
74 83
75 83
75 84
76 83
76 88
77 84
77 85
77 90
78 82
78 86
79 84
79 85
79 89
80 81
80 87
81 91
81 92
81 93
82 96
82 97
82 99
82 91
83 98
84 95
85 99
86 97
86 100
86 91
87 96
87 91
88 94
89 98
90 100
1 2 3 4 5 6 7 8 9 10 
11 12 13 14 15 16 17 18 19 20 
21 22 23 24 25 26 27 28 29 30 
31 32 33 34 35 36 37 38 39 40 
41 42 43 44 45 46 47 48 49 50 
51 52 53 54 55 56 57 58 59 60 
61 62 63 64 65 66 67 68 69 70 
71 72 73 74 75 76 77 78 79 80 
81 82 83 84 85 86 87 88 89 90 
91 92 93 94 95 96 97 98 99 100 
36 44 60 
65 71 86 
31 46 52 
79 89 98 
20 21 33 
76 88 94 
50 59 62 
30 37 42 
2 13 25 
61 74 83 
