81 98 9 15
1 16
2 12
2 13
3 11
4 15
5 14
6 17
7 13
8 10
8 13
9 18
10 23
11 26
12 22
13 25
13 27
14 21
14 24
15 19
16 24
17 20
17 22
18 22
19 35
20 32
20 36
21 33
21 36
22 34
22 28
22 30
23 28
24 35
25 36
26 29
26 31
27 28
28 42
29 40
30 45
31 39
31 41
32 40
32 43
33 44
34 38
35 44
36 37
36 38
37 48
38 51
38 53
39 48
40 53
41 47
42 49
43 50
43 54
44 48
45 46
45 52
46 59
46 62
47 59
48 56
49 58
49 59
50 56
51 55
51 60
51 63
52 56
53 63
54 57
54 61
55 67
55 69
56 70
57 68
58 66
59 71
60 68
61 69
62 65
63 64
63 72
64 74
64 77
65 80
66 77
66 78
67 76
68 73
68 75
69 73
70 73
71 81
72 79
1 2 3 4 5 6 7 8 9 
10 11 12 13 14 15 16 17 18 
19 20 21 22 23 24 25 26 27 
28 29 30 31 32 33 34 35 36 
37 38 39 40 41 42 43 44 45 
46 47 48 49 50 51 52 53 54 
55 56 57 58 59 60 61 62 63 
64 65 66 67 68 69 70 71 72 
73 74 75 76 77 78 79 80 81 
22 34 38 
55 67 76 
59 71 81 
43 50 56 
10 23 28 
26 29 40 
21 33 44 
31 39 48 
54 61 69 
49 58 66 
62 65 80 
13 25 36 
63 72 79 
51 60 68 
1 16 24 
