80 114 8 8
1 11
2 12
3 11
3 18
4 15
5 13
6 14
7 12
7 20
8 16
9 17
9 19
10 11
11 27
12 22
12 28
13 23
14 23
14 24
15 26
16 23
17 27
18 29
19 21
19 30
20 25
21 35
21 37
22 32
23 33
23 40
24 34
24 36
25 34
25 39
26 35
27 38
27 39
28 32
28 40
29 39
30 33
30 34
30 31
31 45
31 50
32 49
33 43
33 50
34 47
35 44
36 50
37 42
37 47
38 46
38 47
38 48
39 45
40 41
40 45
41 55
41 57
41 59
42 59
43 52
43 58
44 51
44 54
44 60
45 57
46 52
46 54
46 56
47 51
47 53
47 54
47 55
48 60
49 51
49 52
49 57
49 59
50 51
50 54
51 64
51 70
52 64
52 65
53 66
54 64
55 66
55 63
56 64
56 69
57 68
58 61
58 62
59 67
59 61
60 66
61 71
62 74
63 76
64 71
64 80
65 76
65 77
66 76
66 79
67 75
67 78
68 73
69 72
70 74
1 2 3 4 5 6 7 8 9 10 
11 12 13 14 15 16 17 18 19 20 
21 22 23 24 25 26 27 28 29 30 
31 32 33 34 35 36 37 38 39 40 
41 42 43 44 45 46 47 48 49 50 
51 52 53 54 55 56 57 58 59 60 
61 62 63 64 65 66 67 68 69 70 
71 72 73 74 75 76 77 78 79 80 
15 26 35 
12 22 32 
24 36 50 
8 16 23 
56 69 72 
37 42 59 
9 17 27 
7 20 25 
