80 107 10 15
1 10
1 13
2 10
3 12
4 16
5 16
6 11
7 12
7 14
8 9
8 15
9 20
10 19
10 21
11 22
12 17
12 22
13 20
13 24
14 18
14 23
15 19
15 22
16 23
17 31
18 25
19 26
19 28
19 31
20 31
21 29
22 32
22 30
22 31
23 32
24 27
24 31
25 34
25 35
26 37
26 40
27 36
28 37
29 33
30 37
31 33
31 38
32 39
33 43
34 48
35 44
36 41
36 46
37 42
38 41
38 43
39 45
40 47
41 50
41 52
42 53
42 55
43 52
44 49
44 54
45 52
45 56
46 49
46 51
47 56
48 49
49 61
50 57
50 62
51 64
51 59
52 58
52 61
53 61
54 64
55 57
56 60
56 63
57 69
58 66
59 71
60 68
60 69
61 70
62 72
63 65
64 67
65 73
66 78
66 80
67 73
68 76
68 80
69 74
69 77
70 75
71 74
71 76
71 79
72 74
72 77
72 79
1 2 3 4 5 6 7 8 
9 10 11 12 13 14 15 16 
17 18 19 20 21 22 23 24 
25 26 27 28 29 30 31 32 
33 34 35 36 37 38 39 40 
41 42 43 44 45 46 47 48 
49 50 51 52 53 54 55 56 
57 58 59 60 61 62 63 64 
65 66 67 68 69 70 71 72 
73 74 75 76 77 78 79 80 
6 11 22 
19 28 37 
61 70 75 
51 59 71 
8 9 20 
34 48 49 
64 67 73 
21 29 33 
14 18 25 
26 40 47 56 
50 62 72 
42 55 57 
52 58 66 
24 27 36 
12 17 31 
