54 77 6 7
1 13
2 13
3 15
4 11
4 12
5 10
5 17
5 18
6 13
7 16
8 13
9 12
9 14
10 20
11 20
11 21
11 26
12 19
12 20
13 19
13 23
14 20
14 22
15 19
16 24
16 27
17 20
17 25
18 20
18 26
19 30
20 35
21 32
22 29
23 34
24 33
24 36
25 28
26 36
27 31
28 41
28 42
28 43
29 45
30 40
30 41
31 38
31 45
32 43
33 39
33 44
33 45
34 38
34 39
34 42
35 37
35 39
35 45
36 40
36 41
36 44
37 47
37 54
38 48
38 50
38 51
39 53
40 53
41 49
42 50
42 52
42 54
43 47
44 48
45 46
45 51
45 52
1 2 3 4 5 6 7 8 9 
10 11 12 13 14 15 16 17 18 
19 20 21 22 23 24 25 26 27 
28 29 30 31 32 33 34 35 36 
37 38 39 40 41 42 43 44 45 
46 47 48 49 50 51 52 53 54 
5 10 20 
21 32 43 
17 25 28 
16 27 31 
3 15 19 
13 23 34 
22 29 45 
