72 96 8 8
1 10
2 16
3 10
4 18
5 10
5 14
6 11
6 12
6 17
7 17
7 18
8 13
8 17
9 11
9 15
9 16
10 22
11 20
12 22
13 19
14 23
15 21
15 26
16 19
16 24
17 25
17 27
18 23
19 32
20 36
20 30
21 32
21 28
22 33
22 28
23 35
23 31
24 32
24 29
25 34
26 32
27 32
28 42
28 43
29 44
30 39
31 39
32 37
33 43
34 37
34 41
35 40
35 45
36 38
37 47
37 53
37 54
38 47
38 49
38 52
39 47
39 54
40 47
41 48
42 48
43 48
43 50
43 54
44 50
44 53
44 54
45 46
45 47
45 51
46 58
47 63
48 55
49 61
50 61
51 59
52 60
52 62
53 63
54 56
54 57
55 68
56 72
57 68
58 69
58 70
59 72
60 67
61 66
62 65
63 64
63 71
1 2 3 4 5 6 7 8 9 
10 11 12 13 14 15 16 17 18 
19 20 21 22 23 24 25 26 27 
28 29 30 31 32 33 34 35 36 
37 38 39 40 41 42 43 44 45 
46 47 48 49 50 51 52 53 54 
55 56 57 58 59 60 61 62 63 
64 65 66 67 68 69 70 71 72 
54 57 68 
15 26 32 
23 31 39 
45 51 59 72 
28 42 48 
22 33 43 
52 62 65 
38 49 61 
