63 82 7 8
1 16
2 11
2 15
3 17
4 14
5 12
6 10
7 18
8 18
9 13
10 23
10 24
11 21
11 24
12 20
12 26
13 19
13 21
13 25
14 22
14 27
15 20
16 23
17 21
18 24
18 27
19 28
20 36
20 31
21 32
22 33
22 35
23 30
24 29
25 29
26 34
27 28
28 38
28 42
29 39
30 40
31 39
31 40
31 44
32 39
32 41
32 43
33 38
34 45
35 45
36 37
36 38
37 51
38 49
38 54
39 52
40 48
40 53
41 46
41 53
42 50
42 52
43 51
44 47
45 47
46 56
46 60
47 56
47 61
48 57
48 61
48 62
48 63
49 61
50 56
50 62
51 62
52 55
52 57
52 58
53 59
54 62
1 2 3 4 5 6 7 8 9 
10 11 12 13 14 15 16 17 18 
19 20 21 22 23 24 25 26 27 
28 29 30 31 32 33 34 35 36 
37 38 39 40 41 42 43 44 45 
46 47 48 49 50 51 52 53 54 
55 56 57 58 59 60 61 62 63 
31 44 47 
13 19 28 
32 43 51 
1 16 23 
2 15 20 
26 34 45 
3 17 21 
22 33 38 
