80 114 8 10
1 15
1 17
2 11
3 14
4 11
4 14
4 19
5 12
6 17
7 16
7 18
8 11
8 20
9 13
10 11
10 16
11 21
12 23
12 24
12 28
13 27
14 22
14 24
15 23
15 24
15 29
16 25
16 28
17 27
18 27
19 22
19 28
19 30
20 23
20 26
20 30
21 37
22 38
23 40
24 35
24 38
25 33
26 34
26 36
27 39
28 32
28 38
29 37
29 31
30 39
31 50
32 45
32 48
33 46
34 42
35 44
35 46
36 46
37 48
38 43
39 41
39 49
40 47
41 54
41 59
42 60
43 53
43 56
44 51
44 57
45 56
46 56
46 59
47 56
48 55
48 56
49 58
50 52
51 65
51 70
52 62
53 70
54 69
55 62
56 61
57 64
57 66
57 69
58 63
59 67
59 68
60 61
61 76
61 79
62 80
63 75
63 78
64 74
64 75
64 80
65 71
66 73
66 79
66 80
67 71
67 72
67 73
68 71
68 72
68 79
69 71
69 77
69 78
70 73
1 2 3 4 5 6 7 8 9 10 
11 12 13 14 15 16 17 18 19 20 
21 22 23 24 25 26 27 28 29 30 
31 32 33 34 35 36 37 38 39 40 
41 42 43 44 45 46 47 48 49 50 
51 52 53 54 55 56 57 58 59 60 
61 62 63 64 65 66 67 68 69 70 
71 72 73 74 75 76 77 78 79 80 
49 58 63 
25 33 46 
32 45 56 
34 42 60 61 
51 65 71 
31 50 52 62 
41 54 69 
9 13 27 
43 53 70 
11 21 37 
