72 93 8 10
1 14
2 10
2 18
3 18
4 13
5 11
5 16
6 14
7 14
7 15
7 16
8 17
9 12
9 18
10 27
11 25
12 26
13 21
13 23
13 24
13 26
14 24
15 22
15 23
16 20
16 24
17 19
18 26
19 35
20 35
20 28
20 31
21 29
22 32
22 31
23 30
24 34
25 35
26 36
26 30
27 33
28 43
29 44
30 37
31 42
32 45
33 41
34 38
34 44
35 37
35 40
36 39
36 43
37 46
37 52
37 53
38 49
39 48
39 52
40 48
41 51
41 54
42 47
42 48
42 49
42 52
43 48
43 51
44 50
45 51
46 55
46 58
47 57
47 62
48 59
49 56
50 61
50 63
51 59
52 56
53 58
54 60
55 64
56 69
57 71
58 66
59 70
60 69
61 69
62 65
63 67
63 68
63 72
1 2 3 4 5 6 7 8 9 
10 11 12 13 14 15 16 17 18 
19 20 21 22 23 24 25 26 27 
28 29 30 31 32 33 34 35 36 
37 38 39 40 41 42 43 44 45 
46 47 48 49 50 51 52 53 54 
55 56 57 58 59 60 61 62 63 
64 65 66 67 68 69 70 71 72 
35 40 48 
41 54 60 69 
32 45 51 
46 55 64 
47 62 65 
20 28 43 
37 53 58 
13 21 29 44 
9 12 26 
34 38 49 
