56 70 8 8
1 12
2 9
3 10
3 13
3 14
4 8
4 10
5 10
5 11
6 14
7 12
7 14
8 21
9 18
10 20
11 15
11 16
12 21
13 15
13 17
14 19
15 23
15 24
16 25
17 28
18 22
18 27
19 26
20 28
21 26
22 35
23 31
24 32
24 35
25 34
25 30
26 31
27 33
27 29
28 30
28 31
29 37
29 40
30 39
31 42
32 41
33 39
34 39
35 36
35 38
36 45
37 43
37 44
38 45
39 46
39 47
40 48
40 49
41 43
42 49
43 53
44 53
45 54
46 56
47 52
47 54
48 50
49 51
49 53
49 55
1 2 3 4 5 6 7 
8 9 10 11 12 13 14 
15 16 17 18 19 20 21 
22 23 24 25 26 27 28 
29 30 31 32 33 34 35 
36 37 38 39 40 41 42 
43 44 45 46 47 48 49 
50 51 52 53 54 55 56 
11 16 25 
2 9 18 
31 42 49 
35 36 45 
37 44 53 
14 19 26 
10 20 28 
32 41 43 
