81 104 9 12
1 10
2 12
3 14
4 16
5 17
6 11
6 15
7 14
8 10
9 13
9 18
10 26
11 21
12 22
12 23
12 25
13 27
14 19
15 24
16 23
17 23
18 20
19 33
19 30
20 35
20 31
21 34
22 29
23 30
24 29
24 31
25 36
25 28
25 30
26 34
27 32
28 40
28 41
28 44
29 38
29 44
30 41
31 43
32 38
32 39
32 41
33 37
33 44
34 38
35 38
35 41
35 43
35 45
36 40
36 42
36 43
37 46
38 46
38 53
39 54
40 51
41 47
42 52
43 50
44 47
45 48
45 49
46 61
47 55
47 62
48 57
49 56
49 59
50 58
50 61
51 55
52 60
52 63
53 61
54 59
55 72
56 64
57 69
58 65
59 69
60 66
60 67
60 70
61 71
62 68
63 69
64 76
64 80
65 78
66 74
66 79
67 80
68 73
68 75
69 80
70 81
71 73
72 77
72 81
1 2 3 4 5 6 7 8 9 
10 11 12 13 14 15 16 17 18 
19 20 21 22 23 24 25 26 27 
28 29 30 31 32 33 34 35 36 
37 38 39 40 41 42 43 44 45 
46 47 48 49 50 51 52 53 54 
55 56 57 58 59 60 61 62 63 
64 65 66 67 68 69 70 71 72 
73 74 75 76 77 78 79 80 81 
33 37 46 
36 42 52 
4 16 23 
50 58 65 78 
61 71 73 
11 21 34 
48 57 69 
49 56 64 
13 27 32 
60 67 80 
9 18 20 
6 15 24 
