56 70 8 8
1 9
2 13
2 14
3 9
4 8
5 9
6 11
6 12
7 8
7 10
8 21
9 19
9 20
10 16
10 18
11 15
11 18
12 18
13 17
13 20
14 19
15 23
15 26
16 28
17 24
18 25
19 22
19 27
20 23
21 23
22 33
23 29
24 33
25 33
26 32
26 35
26 29
27 34
27 30
27 31
28 30
29 37
30 38
30 41
30 42
31 39
31 40
32 36
33 37
34 40
35 40
36 46
37 43
38 43
39 48
40 44
40 49
41 45
41 48
42 46
42 47
43 53
44 55
45 50
46 54
47 50
47 52
48 56
49 51
49 54
1 2 3 4 5 6 7 
8 9 10 11 12 13 14 
15 16 17 18 19 20 21 
22 23 24 25 26 27 28 
29 30 31 32 33 34 35 
36 37 38 39 40 41 42 
43 44 45 46 47 48 49 
50 51 52 53 54 55 56 
8 21 23 
18 25 33 
27 34 40 
30 38 43 
41 45 50 
31 39 48 
26 32 36 46 
2 14 19 
