63 78 9 11
1 12
2 8
2 12
3 14
4 11
5 14
6 10
7 9
7 13
8 15
8 16
8 18
9 15
10 17
10 20
11 21
12 19
13 19
14 17
15 26
15 27
15 28
16 23
17 24
17 25
17 27
18 27
19 25
20 28
21 22
21 24
21 28
22 30
23 34
24 31
25 35
26 33
26 29
27 34
28 32
29 41
30 42
31 36
32 38
33 36
34 37
35 38
35 39
35 40
36 46
37 47
38 44
39 43
40 45
40 48
41 44
41 48
41 49
42 44
43 51
43 52
43 56
44 53
45 55
46 54
47 50
48 54
49 52
50 57
50 62
51 59
52 62
53 59
53 61
54 63
55 60
56 58
56 60
1 2 3 4 5 6 7 
8 9 10 11 12 13 14 
15 16 17 18 19 20 21 
22 23 24 25 26 27 28 
29 30 31 32 33 34 35 
36 37 38 39 40 41 42 
43 44 45 46 47 48 49 
50 51 52 53 54 55 56 
57 58 59 60 61 62 63 
40 45 55 60 
26 33 36 
41 49 52 
8 18 27 
16 23 34 
4 11 21 
22 30 42 44 
35 39 43 
10 20 28 
7 9 15 
37 47 50 
