50 62 10 10
5 10
1 8
3 10
3 8
3 6
4 6
4 7
2 9
10 11
8 13
8 12
6 12
6 15
7 14
9 15
11 16
13 17
12 19
12 20
14 18
15 18
15 20
16 21
17 23
19 22
18 22
18 25
18 24
20 25
20 24
21 30
23 26
22 30
22 29
25 29
25 27
24 28
30 32
30 35
26 35
29 35
29 31
27 33
28 34
32 36
32 39
35 39
31 37
33 38
34 40
36 41
39 42
39 43
37 43
38 44
40 45
41 49
42 50
43 46
43 48
44 48
45 47
1 2 3 4 5
10 8 6 7 9
11 13 12 14 15
16 17 19 18 20
21 23 22 25 24
30 26 29 27 28
32 35 31 33 34
36 39 37 38 40
41 42 43 44 45
49 50 46 48 47
10 11 16 21 30
8 13 17 23 26 35
12 19 22
4 7 14 18
2 9 15
32 36 41
39 42 50
29 31 37 43
25 27 33 38 44 48
24 28 34 40 45 47
