120 181 12 21
1 15
1 12
1 18
1 20
1 14
2 12
2 13
2 14
2 16
3 13
3 14
3 18
4 14
4 18
5 11
5 12
6 14
6 16
6 18
6 20
8 16
8 18
8 20
9 16
9 18
9 19
9 20
10 12
10 16
10 20
11 21
12 22
12 24
12 25
12 27
13 23
14 23
14 26
14 29
15 25
16 25
16 27
17 27
18 24
18 29
19 28
20 30
21 33
22 38
23 31
23 35
23 38
24 32
24 35
24 36
24 38
25 31
25 35
26 34
26 35
27 32
27 36
28 40
29 37
30 39
31 46
31 44
31 50
32 48
32 49
33 47
34 41
35 44
35 46
35 50
36 43
36 50
37 50
38 48
39 45
40 42
41 51
42 59
43 54
44 53
44 56
45 58
46 55
47 57
48 57
48 60
49 52
50 56
50 58
51 61
52 66
53 68
54 67
55 63
56 62
56 68
56 70
57 65
57 61
58 61
58 62
58 69
59 70
59 69
60 64
61 80
61 73
61 78
62 71
62 73
62 76
63 79
64 74
65 75
66 80
67 76
68 72
68 80
69 71
69 73
69 76
70 77
71 84
71 87
72 81
72 83
72 84
73 84
73 89
75 88
76 84
77 86
78 81
78 85
78 90
79 82
80 83
80 90
81 93
81 99
82 97
83 91
84 94
85 95
85 100
86 92
87 94
88 96
89 98
90 95
91 110
92 105
93 103
93 106
94 109
95 101
96 104
97 107
98 102
99 107
99 108
99 109
100 106
101 117
102 119
103 113
104 120
105 116
106 115
106 112
107 114
107 115
108 111
109 113
109 118
110 112
1 2 3 4 5 6 7 8 9 10 
11 12 13 14 15 16 17 18 19 20 
21 22 23 24 25 26 27 28 29 30 
31 32 33 34 35 36 37 38 39 40 
41 42 43 44 45 46 47 48 49 50 
51 52 53 54 55 56 57 58 59 60 
61 62 63 64 65 66 67 68 69 70 
71 72 73 74 75 76 77 78 79 80 
81 82 83 84 85 86 87 88 89 90 
91 92 93 94 95 96 97 98 99 100 
101 102 103 104 105 106 107 108 109 110 
111 112 113 114 115 116 117 118 119 120
5 11 21 33 47 57
65 75 88
96 104 120
12 22 38
48 60 64 74 90
95 101 117
3 13 23
46 55 63 79 82 97 107
32 49 52 66 80
1 15 25
83 91 110 112
26 34 41 51 61
99 108 111
7 17 27
36 43 54 67 76
29 37 50
70 77 86 92 105 116
9 19 28 40 42 59
89 98 102 119
20 30 39 45 58
71 87 94
