272 352 16 47
1 26
1 29
2 27
3 34
4 19
5 19
5 22
6 19
6 24
7 33
7 30
7 31
8 23
9 28
10 32
11 19
12 25
13 19
13 20
14 18
14 27
15 32
15 21
16 30
17 25
18 42
19 46
20 48
21 48
21 49
22 41
23 47
23 48
24 38
25 37
26 40
27 43
27 45
28 41
28 44
29 51
30 46
31 50
32 35
32 45
33 36
33 41
34 39
35 62
36 65
36 61
36 62
37 64
37 53
38 55
39 58
39 59
40 53
40 54
41 67
42 57
42 61
43 63
44 61
45 60
46 55
47 55
48 52
48 56
49 55
50 66
51 68
52 69
53 69
54 83
55 75
56 85
57 78
58 70
58 79
59 81
60 82
60 84
61 72
61 77
62 69
62 73
63 82
64 71
65 74
66 76
67 80
68 74
69 87
70 89
71 96
71 86
72 89
72 94
73 100
74 101
74 95
75 89
76 96
76 92
77 98
77 99
78 100
79 97
80 98
81 102
81 91
82 96
83 88
84 89
84 93
85 102
85 90
86 115
87 117
88 110
88 111
89 108
89 114
90 103
91 109
91 113
91 115
92 111
92 119
93 116
94 117
95 111
95 112
96 105
97 104
97 107
98 103
98 118
99 106
100 115
101 103
102 104
103 121
103 125
104 135
105 130
106 128
106 122
107 121
108 133
108 124
109 131
110 129
111 126
112 134
112 120
113 133
114 122
114 123
114 127
115 123
116 121
117 133
118 132
118 136
119 133
120 140
120 150
121 146
122 140
123 153
124 141
124 153
125 144
126 142
126 151
127 147
127 150
128 144
129 145
130 138
130 142
130 152
131 143
132 142
133 139
134 140
134 149
135 148
135 150
136 137
137 157
138 158
139 170
139 154
139 156
140 163
141 161
142 169
143 164
144 165
144 158
145 162
146 155
147 162
148 167
148 169
149 158
150 166
151 160
152 168
152 159
153 166
154 172
155 173
155 182
156 179
157 180
158 172
159 175
160 171
160 184
161 178
161 187
162 174
163 176
164 171
165 174
166 177
167 185
167 187
168 181
168 186
169 183
170 179
171 201
171 203
172 196
173 194
173 198
174 188
175 194
175 190
176 193
176 200
176 189
177 204
178 195
178 191
179 202
180 199
181 193
182 196
183 192
184 195
185 195
186 195
187 197
187 203
188 213
189 205
189 208
190 218
191 214
192 212
192 216
193 217
194 208
195 215
196 220
197 216
198 206
198 213
199 210
199 211
200 219
201 216
202 207
203 209
203 221
204 220
205 228
206 224
206 222
207 231
207 232
208 236
209 234
210 227
211 233
211 238
212 226
213 237
214 230
215 234
216 235
217 229
218 229
219 225
219 234
220 229
221 233
221 223
222 246
222 249
223 243
223 254
224 248
225 240
226 242
227 239
227 250
227 253
228 254
229 240
230 239
231 240
232 242
232 255
233 251
234 241
235 239
236 245
236 247
236 252
237 252
238 244
239 257
239 263
240 260
241 270
242 265
243 256
243 262
244 257
245 262
246 258
247 259
247 261
247 264
248 264
248 271
249 268
249 272
250 269
251 267
252 266
252 270
253 269
254 265
255 258
1 2 3 4 5 6 7 8 9 10 11 12 13 14 15 16 17 
18 19 20 21 22 23 24 25 26 27 28 29 30 31 32 33 34 
35 36 37 38 39 40 41 42 43 44 45 46 47 48 49 50 51 
52 53 54 55 56 57 58 59 60 61 62 63 64 65 66 67 68 
69 70 71 72 73 74 75 76 77 78 79 80 81 82 83 84 85 
86 87 88 89 90 91 92 93 94 95 96 97 98 99 100 101 102 
103 104 105 106 107 108 109 110 111 112 113 114 115 116 117 118 119 
120 121 122 123 124 125 126 127 128 129 130 131 132 133 134 135 136 
137 138 139 140 141 142 143 144 145 146 147 148 149 150 151 152 153 
154 155 156 157 158 159 160 161 162 163 164 165 166 167 168 169 170 
171 172 173 174 175 176 177 178 179 180 181 182 183 184 185 186 187 
188 189 190 191 192 193 194 195 196 197 198 199 200 201 202 203 204 
205 206 207 208 209 210 211 212 213 214 215 216 217 218 219 220 221 
222 223 224 225 226 227 228 229 230 231 232 233 234 235 236 237 238 
239 240 241 242 243 244 245 246 247 248 249 250 251 252 253 254 255 
256 257 258 259 260 261 262 263 264 265 266 267 268 269 270 271 272 
5 22 41 
169 183 192 
219 225 240 
24 38 55 
50 66 76 
236 245 262 
85 90 103 
77 99 106 
129 145 162 
67 80 98 
238 244 257 
42 57 78 100 
118 136 137 157 180 199 
214 230 239 
167 185 195 
109 131 143 164 171 
206 224 248 
43 63 82 
51 68 74 
58 70 89 
166 177 204 220 
84 93 116 121 
232 255 258 
227 250 269 
193 217 229 
152 159 175 
37 64 71 
40 54 83 88 
140 163 176 
203 209 234 
189 205 228 254 
130 138 158 
139 170 179 
126 151 160 
144 165 174 
32 35 62 
28 44 61 
187 197 216 
13 20 48 
124 141 161 
69 87 117 
233 251 267 
39 59 81 
91 113 133 
155 182 196 
213 237 252 
212 226 242 
