416 559 26 81
1 25
1 29
1 30
2 27
3 19
3 30
4 32
4 22
5 21
6 22
7 24
8 22
9 22
10 20
10 26
11 18
12 22
12 28
13 17
14 23
15 27
15 31
16 24
17 38
18 45
18 46
19 37
20 35
20 39
21 40
21 44
22 43
23 39
24 39
25 36
25 48
26 42
27 47
28 37
29 39
30 33
31 41
32 34
33 51
34 59
35 56
36 60
37 52
38 58
39 54
39 56
39 63
40 50
41 49
41 57
42 54
43 56
44 52
45 64
45 53
46 55
46 61
47 55
48 55
48 62
49 69
50 66
50 68
50 72
51 74
51 77
52 69
53 79
54 65
54 80
55 66
55 70
56 67
56 73
57 78
58 74
59 75
60 69
61 66
62 76
63 75
64 71
65 84
66 96
67 83
68 82
68 90
69 88
70 84
71 88
72 85
72 92
73 87
73 95
74 83
74 94
75 93
76 91
77 81
77 89
78 86
79 91
80 95
81 97
81 98
81 104
82 110
83 105
83 111
84 99
84 100
85 106
85 112
86 101
87 108
88 110
89 102
90 112
91 103
92 109
93 107
94 105
95 105
96 107
97 120
97 122
97 123
98 118
99 113
99 118
100 115
101 126
102 126
103 116
104 121
105 116
106 117
106 124
107 117
107 127
108 115
109 115
109 125
110 114
111 119
112 128
113 130
113 131
114 139
115 141
115 143
116 133
116 135
117 135
118 141
119 133
120 141
121 132
121 141
122 138
122 141
123 129
124 137
124 139
125 135
126 134
126 144
127 140
127 142
128 133
128 136
129 153
130 155
130 157
131 158
132 147
133 145
134 149
134 154
134 159
135 150
136 156
137 147
137 151
138 148
139 146
139 159
140 155
141 152
142 148
143 155
144 160
144 149
144 155
145 171
146 171
147 164
147 168
148 174
149 170
150 169
151 167
151 172
152 165
153 174
154 166
155 176
156 161
156 162
157 175
158 173
158 174
159 175
160 163
161 181
161 185
162 186
163 177
164 192
164 187
165 179
165 183
166 191
167 183
168 187
168 188
169 182
170 190
171 178
171 186
172 184
173 186
174 190
175 180
175 189
176 186
177 194
178 197
178 202
179 205
180 193
180 201
180 206
181 196
181 204
182 198
182 203
182 207
183 200
184 195
185 200
186 195
187 196
187 199
188 208
189 207
190 195
191 195
192 197
193 224
193 217
194 211
194 212
194 214
195 214
196 216
197 209
197 210
198 216
199 222
200 218
200 221
201 209
202 218
203 223
204 223
205 219
206 220
206 223
207 213
207 218
208 215
209 238
210 233
211 227
211 239
212 231
212 235
213 233
213 237
214 235
215 225
216 236
216 237
217 240
218 237
219 228
219 229
220 234
221 226
221 233
222 225
222 230
222 237
223 238
224 232
225 247
226 250
227 245
227 251
228 250
228 252
229 250
230 254
231 248
231 249
232 244
232 246
232 247
233 253
234 241
234 255
235 247
236 254
237 243
238 242
239 256
240 253
241 270
242 259
243 266
244 262
244 268
245 271
246 265
246 269
247 260
248 267
249 263
249 270
250 272
251 272
252 262
253 262
254 258
254 259
255 261
255 264
256 257
257 274
257 279
258 273
258 282
259 278
259 287
260 273
261 275
262 278
263 286
264 277
264 278
265 280
266 283
267 288
267 281
268 273
268 276
269 284
270 280
271 285
272 285
273 298
274 296
275 290
276 295
277 300
277 302
278 292
279 289
279 296
279 304
280 290
280 291
280 294
281 304
282 292
283 293
284 297
285 300
285 303
286 293
286 299
286 304
287 295
288 300
288 301
289 313
290 307
291 305
292 308
292 315
293 309
294 311
294 318
295 316
296 317
297 320
297 312
298 313
299 309
299 314
300 315
301 316
302 319
303 305
304 306
304 310
305 323
305 335
306 333
307 330
307 331
308 322
308 323
309 324
309 327
310 328
311 334
312 323
313 328
314 331
315 332
316 333
316 336
317 325
317 333
318 328
319 326
319 327
319 329
320 321
320 328
321 342
322 340
322 345
323 339
324 345
325 347
326 349
327 347
328 342
329 352
329 342
330 337
331 343
331 348
331 350
332 341
333 337
333 351
334 338
335 345
336 344
336 346
337 365
337 366
338 364
339 361
340 358
341 355
341 367
342 355
343 357
343 360
344 353
345 354
346 353
347 359
347 361
347 368
348 363
349 359
349 366
350 360
351 353
351 362
351 363
352 355
352 356
353 384
353 369
354 372
355 378
356 377
357 370
358 380
358 381
359 374
360 379
360 383
361 374
362 378
363 370
364 379
365 382
366 375
367 371
367 376
368 373
368 377
369 385
369 400
370 396
371 392
372 400
373 400
374 398
375 388
375 394
376 390
376 392
376 393
377 387
378 386
378 394
379 390
379 395
380 400
381 397
381 399
382 392
383 387
384 389
384 391
385 412
385 414
386 416
387 406
388 409
389 407
390 404
391 410
391 411
392 401
392 403
393 405
394 408
395 403
396 414
396 415
397 403
398 402
399 406
400 413
1 2 3 4 5 6 7 8 9 10 11 12 13 14 15 16 
17 18 19 20 21 22 23 24 25 26 27 28 29 30 31 32 
33 34 35 36 37 38 39 40 41 42 43 44 45 46 47 48 
49 50 51 52 53 54 55 56 57 58 59 60 61 62 63 64 
65 66 67 68 69 70 71 72 73 74 75 76 77 78 79 80 
81 82 83 84 85 86 87 88 89 90 91 92 93 94 95 96 
97 98 99 100 101 102 103 104 105 106 107 108 109 110 111 112 
113 114 115 116 117 118 119 120 121 122 123 124 125 126 127 128 
129 130 131 132 133 134 135 136 137 138 139 140 141 142 143 144 
145 146 147 148 149 150 151 152 153 154 155 156 157 158 159 160 
161 162 163 164 165 166 167 168 169 170 171 172 173 174 175 176 
177 178 179 180 181 182 183 184 185 186 187 188 189 190 191 192 
193 194 195 196 197 198 199 200 201 202 203 204 205 206 207 208 
209 210 211 212 213 214 215 216 217 218 219 220 221 222 223 224 
225 226 227 228 229 230 231 232 233 234 235 236 237 238 239 240 
241 242 243 244 245 246 247 248 249 250 251 252 253 254 255 256 
257 258 259 260 261 262 263 264 265 266 267 268 269 270 271 272 
273 274 275 276 277 278 279 280 281 282 283 284 285 286 287 288 
289 290 291 292 293 294 295 296 297 298 299 300 301 302 303 304 
305 306 307 308 309 310 311 312 313 314 315 316 317 318 319 320 
321 322 323 324 325 326 327 328 329 330 331 332 333 334 335 336 
337 338 339 340 341 342 343 344 345 346 347 348 349 350 351 352 
353 354 355 356 357 358 359 360 361 362 363 364 365 366 367 368 
369 370 371 372 373 374 375 376 377 378 379 380 381 382 383 384 
385 386 387 388 389 390 391 392 393 394 395 396 397 398 399 400 
401 402 403 404 405 406 407 408 409 410 411 412 413 414 415 416 
247 260 273 
21 44 52 
311 334 338 364 379 
343 357 370 
109 125 135 
216 236 254 
259 287 295 
384 389 407 
89 102 126 
217 240 253 
297 312 323 
39 63 75 
309 324 345 
46 61 66 
55 70 84 
179 205 219 
41 49 69 
294 318 328 
144 160 163 177 194 
154 166 191 195 
181 204 223 
227 245 271 285 
110 114 139 
128 136 156 
26 42 54 
175 189 207 
368 373 400 
315 332 341 
151 167 183 
331 348 363 
155 176 186 
337 365 382 392 
73 87 108 115 
231 248 267 
121 132 147 
123 129 153 174 
45 53 79 91 
208 215 225 
141 152 165 
375 388 409 
258 282 292 
111 119 133 
161 185 200 
246 265 280 
255 261 275 290 
56 67 83 
13 17 38 58 74 
376 393 405 
239 256 257 
304 306 333 
374 398 402 
206 220 234 
30 33 51 
360 383 387 
322 340 358 
122 138 148 
319 326 349 
288 301 316 
81 98 118 
351 362 378 
317 325 347 
178 202 218 
3 19 37 
150 169 182 
228 252 262 
381 397 403 
149 170 190 
68 90 112 
193 224 232 
266 283 293 
352 356 377 
64 71 88 
197 210 233 
279 289 313 
320 321 342 
249 263 286 
113 131 158 
221 226 250 
336 346 353 
180 201 209 
187 199 222 
