336 468 14 55
1 32
1 48
2 45
3 37
3 39
3 42
4 44
5 30
5 36
6 32
7 33
8 38
9 37
10 34
10 35
11 43
12 44
13 27
14 32
14 46
14 48
15 41
15 44
16 31
17 29
18 45
19 47
20 25
20 28
21 40
22 33
23 43
24 26
24 28
25 56
25 59
25 67
26 71
27 50
28 51
29 54
30 52
31 53
32 66
33 66
34 56
35 49
35 64
36 70
36 72
37 49
38 63
39 50
40 51
40 69
41 60
41 62
41 65
42 60
42 61
43 63
44 53
44 55
45 51
46 57
47 58
48 63
48 68
49 82
49 85
49 93
50 87
51 77
52 84
53 74
53 88
54 92
55 87
56 83
57 80
58 76
59 75
60 92
61 80
62 89
63 89
64 84
64 86
65 78
65 90
66 73
67 73
67 79
68 77
69 75
69 96
70 81
71 91
71 95
72 78
72 84
72 94
73 106
74 116
75 105
76 99
76 101
77 120
78 113
79 106
80 102
81 104
82 103
83 112
83 119
84 98
85 107
85 109
86 108
86 113
86 120
87 103
88 102
88 117
89 97
89 114
90 98
91 118
92 106
93 111
93 114
94 100
94 110
94 115
95 116
96 109
97 143
97 123
98 135
98 127
99 129
99 122
100 132
100 138
101 131
101 133
102 142
102 123
103 124
104 140
105 128
105 142
105 121
106 134
107 130
107 140
108 140
109 137
110 135
110 141
111 127
112 136
112 138
113 126
114 126
115 144
115 124
115 125
116 122
117 123
118 139
119 138
120 122
120 127
121 145
121 162
122 162
123 151
123 168
124 156
125 156
126 154
126 162
127 160
128 156
128 167
129 156
130 152
130 164
131 154
131 160
131 163
131 165
132 157
132 158
132 164
133 149
133 166
134 148
135 147
135 167
136 145
136 161
137 150
138 150
138 161
139 160
139 167
140 160
141 146
141 150
141 154
142 145
143 152
143 155
143 159
144 153
145 170
146 180
147 182
148 179
149 179
150 177
151 174
151 188
152 183
152 187
153 178
154 175
155 191
156 181
156 185
156 186
157 190
158 169
158 177
159 172
160 173
161 182
162 182
163 189
164 182
165 188
166 170
166 184
166 192
167 175
168 171
168 176
169 196
169 203
169 215
170 197
170 201
171 193
171 194
172 199
172 213
173 211
173 212
174 210
174 216
175 198
175 215
176 210
177 200
177 206
178 197
179 196
180 203
181 202
181 207
182 202
182 215
183 193
183 203
184 208
184 214
185 197
186 206
187 198
187 205
188 206
189 199
189 206
190 204
191 196
191 213
192 195
192 199
192 209
192 213
193 232
194 226
195 238
196 230
197 223
198 219
198 239
199 239
200 225
201 222
201 236
202 240
203 221
203 233
204 235
205 226
206 218
207 217
208 224
208 229
209 224
210 235
211 231
211 236
212 225
212 227
213 228
213 238
214 218
214 225
215 234
216 220
216 237
217 263
217 245
217 250
218 256
218 252
219 261
219 251
220 247
220 255
221 256
221 260
221 249
222 256
222 242
222 251
223 258
223 243
223 250
224 242
224 246
225 264
225 253
226 257
227 254
228 254
229 261
229 262
230 260
230 243
231 241
231 251
232 250
233 259
234 264
234 242
235 249
236 254
237 248
238 260
238 262
239 260
239 250
239 253
240 244
240 249
240 251
241 283
242 276
243 265
244 277
244 284
244 288
245 287
246 285
247 267
248 266
249 271
249 279
250 274
251 280
252 270
253 286
254 272
254 286
255 275
255 276
256 285
257 282
258 269
259 265
260 273
260 282
261 274
261 278
262 268
262 281
263 288
264 283
265 299
265 303
265 311
266 308
267 290
268 291
269 290
270 305
271 291
271 293
272 292
273 295
273 301
274 289
274 312
275 306
276 306
277 300
277 310
278 289
278 296
279 294
280 298
281 297
282 301
282 302
283 291
284 304
285 289
286 307
287 297
288 299
288 309
289 336
290 320
291 313
292 334
293 324
294 319
294 331
295 335
296 325
297 314
298 313
299 325
299 332
300 327
300 335
301 316
301 331
302 317
302 321
302 323
303 331
304 330
305 317
305 333
306 328
307 328
308 326
309 329
310 322
311 315
311 318
312 322
1 2 3 4 5 6 7 8 9 10 11 12 13 14 15 16 17 18 19 20 21 22 23 24 
25 26 27 28 29 30 31 32 33 34 35 36 37 38 39 40 41 42 43 44 45 46 47 48 
49 50 51 52 53 54 55 56 57 58 59 60 61 62 63 64 65 66 67 68 69 70 71 72 
73 74 75 76 77 78 79 80 81 82 83 84 85 86 87 88 89 90 91 92 93 94 95 96 
97 98 99 100 101 102 103 104 105 106 107 108 109 110 111 112 113 114 115 116 117 118 119 120 
121 122 123 124 125 126 127 128 129 130 131 132 133 134 135 136 137 138 139 140 141 142 143 144 
145 146 147 148 149 150 151 152 153 154 155 156 157 158 159 160 161 162 163 164 165 166 167 168 
169 170 171 172 173 174 175 176 177 178 179 180 181 182 183 184 185 186 187 188 189 190 191 192 
193 194 195 196 197 198 199 200 201 202 203 204 205 206 207 208 209 210 211 212 213 214 215 216 
217 218 219 220 221 222 223 224 225 226 227 228 229 230 231 232 233 234 235 236 237 238 239 240 
241 242 243 244 245 246 247 248 249 250 251 252 253 254 255 256 257 258 259 260 261 262 263 264 
265 266 267 268 269 270 271 272 273 274 275 276 277 278 279 280 281 282 283 284 285 286 287 288 
289 290 291 292 293 294 295 296 297 298 299 300 301 302 303 304 305 306 307 308 309 310 311 312 
313 314 315 316 317 318 319 320 321 322 323 324 325 326 327 328 329 330 331 332 333 334 335 336 
86 108 140 
192 209 224 
244 284 304 330 
5 30 52 84 
157 190 204 235 
233 259 265 
251 280 298 313 
288 309 329 
226 257 282 
46 57 80 
67 79 106 
223 258 269 290 
286 307 328 
262 268 291 
272 292 334 
231 241 283 
277 310 322 
193 232 250 
248 266 308 326 
88 117 123 
24 26 71 
48 68 77 
273 295 335 
143 159 172 
153 178 197 
41 62 89 
245 287 297 
168 176 210 
278 296 325 
10 34 56 
93 111 127 
25 59 75 
255 275 306 
212 227 254 
134 148 179 
69 96 109 
218 252 270 305 
8 38 63 
17 29 54 92 
131 163 189 
99 129 156 
141 146 180 203 
44 55 87 
135 147 182 
91 118 139 
47 58 76 
49 82 103 
271 293 324 
13 27 50 
16 31 53 
181 207 217 
83 119 138 
249 279 294 
65 90 98 
177 200 225 
