585 804 45 114
1 19
2 23
2 26
3 25
4 15
5 22
6 25
7 18
8 16
9 15
9 21
9 22
10 24
11 20
12 17
12 20
13 14
14 29
15 30
16 38
17 29
18 39
19 35
20 34
21 31
22 33
22 27
23 32
23 37
24 30
25 28
25 30
26 36
27 44
27 47
28 41
28 46
29 51
30 46
31 49
31 50
32 51
33 42
33 52
34 52
35 40
35 43
35 45
36 50
37 51
38 51
39 48
40 64
40 56
41 53
41 57
42 65
43 58
44 58
45 59
46 54
47 55
47 58
47 62
47 63
48 61
49 59
50 60
51 58
52 59
53 72
54 69
54 77
55 66
56 70
57 70
57 76
58 75
59 66
60 67
61 72
61 73
62 70
63 68
63 74
64 75
65 67
65 71
65 78
66 80
66 91
67 83
68 81
69 88
70 79
71 83
72 90
73 82
73 86
74 89
74 90
75 87
76 88
77 79
78 84
78 85
79 101
79 103
80 92
81 95
82 98
82 99
83 102
84 96
84 104
85 100
85 93
86 95
87 100
88 96
89 100
90 94
91 97
92 107
93 116
94 110
94 117
95 107
96 108
97 105
98 106
98 110
98 111
99 114
100 116
101 108
102 109
102 112
103 114
104 113
104 115
105 122
106 122
107 130
108 127
109 126
110 129
111 121
112 118
112 120
113 123
114 123
114 125
115 119
115 124
116 130
117 128
117 122
118 136
119 138
120 138
121 133
121 137
122 140
123 131
123 132
123 139
124 140
124 141
125 137
126 143
127 136
128 142
129 140
130 134
130 135
131 149
131 151
132 150
133 146
134 155
135 151
136 153
137 151
137 156
138 146
139 145
139 147
139 155
140 144
140 150
140 155
141 148
142 151
142 154
143 152
144 160
145 158
146 164
147 168
148 167
149 162
149 168
150 168
150 157
151 169
152 158
152 159
153 160
153 163
154 166
155 165
156 161
157 175
158 178
159 174
160 177
161 182
162 170
162 175
163 172
163 173
163 181
163 182
164 182
165 171
166 176
166 179
167 180
168 173
169 176
170 184
171 193
171 184
172 192
173 185
173 188
174 186
175 184
176 191
177 192
178 190
178 191
179 195
179 184
179 189
180 194
180 184
181 183
181 187
182 191
183 200
183 204
184 208
185 199
186 200
186 205
187 208
188 196
188 206
189 208
190 201
190 208
191 198
191 203
192 197
192 207
193 202
194 206
195 199
196 212
197 217
198 210
199 221
200 213
200 214
201 210
202 212
203 215
204 216
205 217
206 209
206 211
207 218
207 219
208 220
209 225
209 222
210 229
210 230
210 232
211 233
212 227
213 226
213 228
214 228
215 230
216 224
216 223
217 234
218 222
219 231
220 229
221 233
222 243
223 241
224 240
224 244
225 238
226 239
226 243
227 237
227 243
228 241
229 235
229 238
230 242
230 246
230 247
231 236
232 242
233 236
234 245
235 248
236 248
237 253
238 256
238 258
238 260
238 248
239 258
239 250
240 253
241 256
241 259
241 248
242 249
243 257
243 255
244 251
245 252
246 256
246 254
247 258
248 265
248 269
249 268
249 270
250 272
251 263
252 266
253 267
254 271
255 263
255 267
255 273
256 272
257 261
258 262
258 266
259 264
260 263
261 284
262 279
263 286
264 278
265 275
265 279
265 284
266 282
267 274
267 280
267 285
268 277
268 281
269 284
270 283
271 276
272 280
273 283
274 296
275 292
275 293
275 295
276 289
277 288
278 291
279 290
280 288
281 289
281 297
282 296
282 287
283 298
284 294
284 299
285 295
286 289
287 308
287 310
288 305
289 309
289 311
290 307
291 308
292 300
293 307
294 303
295 305
296 301
296 312
297 304
297 308
298 306
298 311
299 302
299 305
300 313
301 318
302 315
303 314
304 316
304 319
305 324
306 319
307 313
308 320
308 322
308 317
309 321
309 314
310 319
311 323
311 325
312 314
313 332
313 337
314 335
315 332
316 328
316 332
317 331
318 329
319 336
320 334
320 335
321 330
322 326
322 327
322 331
322 338
323 336
324 338
325 332
325 333
326 343
326 345
327 341
328 343
329 341
330 341
331 349
332 344
333 340
333 351
334 344
334 346
335 344
336 348
336 350
337 339
337 347
338 342
338 344
339 353
339 356
340 364
341 353
341 358
342 361
343 353
344 360
345 363
346 362
347 361
348 357
349 354
349 360
349 361
350 352
350 355
351 359
352 375
353 369
354 371
354 374
355 368
355 376
356 370
357 369
357 377
358 369
359 365
359 367
359 375
360 372
361 372
362 366
362 373
362 375
363 370
364 370
365 390
366 386
366 379
367 388
368 378
369 389
370 380
370 381
371 382
372 379
373 384
374 390
375 382
376 389
377 385
377 387
377 383
378 393
378 402
379 395
380 393
381 396
382 393
383 399
384 403
385 396
385 400
386 391
387 392
387 397
388 398
388 401
389 394
389 395
390 401
391 412
392 405
393 409
393 413
394 404
394 414
395 415
396 412
397 414
398 416
399 407
400 406
400 411
401 408
401 410
402 414
403 415
404 418
404 419
405 424
405 425
406 429
407 421
407 429
408 426
409 419
409 422
409 423
410 424
411 420
412 417
412 427
413 426
414 428
415 426
416 428
417 442
418 433
419 432
420 432
421 437
421 440
422 431
422 441
423 432
423 434
423 439
424 442
425 442
426 430
426 442
427 435
427 440
428 436
429 438
430 448
431 449
431 444
432 452
433 454
434 455
434 445
435 451
436 443
437 444
438 446
439 446
440 451
441 450
441 453
441 444
441 447
442 454
443 456
444 458
444 461
445 463
445 468
446 459
447 457
447 466
448 457
449 467
450 463
451 458
452 464
452 465
453 460
454 458
455 462
456 470
457 479
458 470
459 480
459 472
460 473
460 478
461 477
461 478
462 470
463 474
463 478
464 469
464 475
465 471
466 476
467 481
468 475
469 487
469 490
470 489
471 483
471 488
471 494
472 482
473 482
474 484
474 485
474 492
475 489
476 486
476 487
476 491
476 494
477 486
478 486
479 482
479 489
479 493
479 494
480 488
481 487
482 499
483 495
484 503
484 504
484 505
485 498
485 502
486 500
487 495
488 497
488 498
489 507
490 501
491 496
492 498
493 499
493 506
494 504
495 519
495 508
496 518
497 516
498 520
498 510
499 516
500 509
500 511
501 512
501 514
502 512
503 511
504 518
505 512
506 513
506 515
506 517
507 516
508 526
509 531
510 522
510 527
511 527
512 524
513 521
513 523
514 527
515 525
515 529
516 521
517 533
518 528
519 530
520 521
520 532
521 546
521 539
522 542
523 537
523 542
524 541
525 539
526 545
526 543
527 539
528 535
529 542
530 542
531 536
531 538
532 534
533 544
533 540
534 551
534 554
535 554
536 548
536 549
536 557
536 558
537 555
538 556
539 559
540 547
541 548
542 552
543 550
544 553
545 553
546 559
547 567
548 566
549 564
549 567
549 571
550 560
551 563
551 570
552 561
553 568
554 562
555 560
556 569
557 561
558 567
558 572
559 565
559 566
560 573
561 581
562 579
563 580
564 583
564 575
565 579
565 574
565 575
566 579
567 585
568 577
569 576
569 580
570 582
570 584
571 575
572 578
1 2 3 4 5 6 7 8 9 10 11 12 13 
14 15 16 17 18 19 20 21 22 23 24 25 26 
27 28 29 30 31 32 33 34 35 36 37 38 39 
40 41 42 43 44 45 46 47 48 49 50 51 52 
53 54 55 56 57 58 59 60 61 62 63 64 65 
66 67 68 69 70 71 72 73 74 75 76 77 78 
79 80 81 82 83 84 85 86 87 88 89 90 91 
92 93 94 95 96 97 98 99 100 101 102 103 104 
105 106 107 108 109 110 111 112 113 114 115 116 117 
118 119 120 121 122 123 124 125 126 127 128 129 130 
131 132 133 134 135 136 137 138 139 140 141 142 143 
144 145 146 147 148 149 150 151 152 153 154 155 156 
157 158 159 160 161 162 163 164 165 166 167 168 169 
170 171 172 173 174 175 176 177 178 179 180 181 182 
183 184 185 186 187 188 189 190 191 192 193 194 195 
196 197 198 199 200 201 202 203 204 205 206 207 208 
209 210 211 212 213 214 215 216 217 218 219 220 221 
222 223 224 225 226 227 228 229 230 231 232 233 234 
235 236 237 238 239 240 241 242 243 244 245 246 247 
248 249 250 251 252 253 254 255 256 257 258 259 260 
261 262 263 264 265 266 267 268 269 270 271 272 273 
274 275 276 277 278 279 280 281 282 283 284 285 286 
287 288 289 290 291 292 293 294 295 296 297 298 299 
300 301 302 303 304 305 306 307 308 309 310 311 312 
313 314 315 316 317 318 319 320 321 322 323 324 325 
326 327 328 329 330 331 332 333 334 335 336 337 338 
339 340 341 342 343 344 345 346 347 348 349 350 351 
352 353 354 355 356 357 358 359 360 361 362 363 364 
365 366 367 368 369 370 371 372 373 374 375 376 377 
378 379 380 381 382 383 384 385 386 387 388 389 390 
391 392 393 394 395 396 397 398 399 400 401 402 403 
404 405 406 407 408 409 410 411 412 413 414 415 416 
417 418 419 420 421 422 423 424 425 426 427 428 429 
430 431 432 433 434 435 436 437 438 439 440 441 442 
443 444 445 446 447 448 449 450 451 452 453 454 455 
456 457 458 459 460 461 462 463 464 465 466 467 468 
469 470 471 472 473 474 475 476 477 478 479 480 481 
482 483 484 485 486 487 488 489 490 491 492 493 494 
495 496 497 498 499 500 501 502 503 504 505 506 507 
508 509 510 511 512 513 514 515 516 517 518 519 520 
521 522 523 524 525 526 527 528 529 530 531 532 533 
534 535 536 537 538 539 540 541 542 543 544 545 546 
547 548 549 550 551 552 553 554 555 556 557 558 559 
560 561 562 563 564 565 566 567 568 569 570 571 572 
573 574 575 576 577 578 579 580 581 582 583 584 585 
255 273 283 
426 430 448 457 
506 517 533 
401 410 424 
302 315 332 
248 269 284 
47 55 66 
521 546 559 
461 477 486 
524 541 548 
431 449 467 481 487 
298 306 319 
186 205 217 
27 44 58 
423 439 446 
333 351 359 
441 450 463 
551 563 580 
137 156 161 182 
245 252 266 
224 240 253 
179 195 199 
216 223 241 
7 18 39 48 61 
31 49 59 
434 455 462 470 
362 373 384 403 415 
305 324 338 
339 356 370 
488 497 516 
495 519 530 542 
139 145 158 
528 535 554 
540 547 567 
459 472 482 
150 157 175 
230 247 258 
322 327 341 
193 202 212 
130 134 155 
75 87 100 
82 99 114 
160 177 192 
311 323 336 
476 491 496 518 
54 69 88 
350 352 375 
210 232 242 
207 219 231 236 
65 71 83 
387 397 414 
254 271 276 289 
526 543 550 560 
141 148 167 180 
501 514 527 
79 101 108 
151 169 176 
104 113 123 
412 417 442 
10 24 30 
109 126 143 152 
26 36 50 
208 220 229 
377 383 399 407 
404 418 433 454 
80 92 107 
117 128 142 
267 285 295 
20 34 52 
421 437 444 
485 502 512 
115 119 138 
12 17 29 
206 211 233 
8 16 38 51 
1 19 35 
400 406 429 
520 532 534 
209 225 238 
41 53 72 
275 292 300 313 
553 568 577 
355 376 389 
474 492 498 
296 312 314 
484 503 511 
162 170 184 
121 133 146 
354 371 382 
112 118 136 
110 129 140 
85 93 116 
264 278 291 308 
398 416 428 
427 435 451 
63 68 81 95 
316 328 343 
337 347 361 
268 277 288 
91 97 105 122 
411 420 432 
452 465 471 
279 290 307 
515 525 539 
500 509 531 
549 571 575 
40 56 70 
445 468 475 
200 214 228 
538 556 569 
244 251 263 
536 557 561 
558 572 578 
239 250 272 
