480 644 40 94
1 18
1 21
2 13
2 20
2 22
3 24
4 15
4 18
4 24
5 13
6 14
7 17
8 16
8 19
9 23
10 16
11 20
12 24
13 30
14 31
15 28
16 28
17 35
18 28
19 29
20 32
21 34
21 25
22 36
23 25
23 26
24 33
24 27
25 48
26 42
26 47
27 46
28 48
29 37
29 45
30 44
31 40
31 43
31 45
32 46
33 39
34 41
35 47
36 38
36 46
37 60
38 51
39 59
40 58
41 57
42 50
43 59
44 50
44 55
44 56
45 51
45 52
46 49
47 49
47 54
48 53
48 56
49 65
49 66
50 68
51 66
51 69
51 72
52 67
53 68
54 68
55 71
56 62
56 63
57 67
57 61
58 64
58 70
59 71
60 71
61 78
62 73
62 81
63 74
63 80
64 75
65 82
66 75
66 79
67 82
68 83
69 76
69 84
70 76
71 81
72 77
72 81
73 94
74 96
74 92
75 86
76 86
76 88
76 94
77 91
78 86
78 93
79 89
80 95
81 85
82 95
83 90
84 87
85 103
85 105
86 101
86 107
87 100
88 104
89 102
90 97
91 97
92 107
93 105
93 108
94 98
94 106
95 99
96 99
97 116
97 119
98 111
99 115
100 120
101 114
101 118
102 119
103 109
103 117
104 120
105 112
105 120
106 109
107 110
107 111
108 113
109 126
110 128
111 125
112 123
113 130
113 132
114 121
115 127
116 130
117 122
117 125
118 128
119 131
120 129
120 124
121 137
121 140
122 139
123 144
124 138
124 143
125 133
126 135
127 134
127 138
128 141
129 138
130 136
130 144
131 142
132 135
133 152
134 145
135 155
136 147
136 149
136 156
137 153
137 154
138 155
139 147
140 145
140 146
141 150
142 148
143 148
144 148
144 151
145 157
146 167
147 161
148 164
149 157
150 165
150 166
151 158
152 162
152 168
153 160
154 160
154 163
155 159
156 166
157 169
158 176
159 169
159 174
160 176
161 170
162 176
163 171
163 173
164 180
165 172
165 179
166 177
166 178
167 173
168 169
168 175
169 181
170 184
171 192
171 187
172 182
172 186
173 183
173 185
173 186
174 188
175 191
176 184
177 186
177 189
178 184
178 190
179 181
180 191
181 200
182 200
183 197
184 193
184 200
185 197
185 204
186 203
187 198
188 201
189 194
189 196
189 200
190 200
191 195
192 199
192 202
193 211
194 210
195 206
195 208
196 209
197 216
198 214
199 207
199 210
200 212
201 214
202 208
203 205
203 215
204 213
205 225
205 217
206 228
206 219
207 221
208 227
209 226
209 223
210 221
211 220
212 221
213 217
214 224
214 220
215 222
216 218
216 220
217 230
217 232
218 240
219 233
219 234
220 235
220 240
221 229
221 238
222 236
222 240
223 234
224 230
224 231
225 237
226 239
227 237
228 239
229 243
230 248
230 251
231 245
232 242
233 252
234 244
234 249
235 245
235 246
235 250
236 247
237 241
238 252
239 242
240 247
241 263
242 254
243 259
243 264
244 261
244 262
245 255
246 256
246 253
247 257
247 261
248 263
249 260
249 254
250 258
251 255
252 256
253 268
253 273
254 265
254 272
255 267
256 271
257 271
258 276
259 266
260 271
261 269
261 274
261 275
262 276
263 276
264 265
264 270
265 287
266 286
267 277
267 283
268 288
269 280
269 286
270 286
271 278
271 279
272 281
272 282
273 287
274 284
274 286
275 279
276 285
277 291
277 295
278 297
279 295
280 298
281 292
282 290
282 294
282 299
283 294
284 296
285 293
286 295
287 295
287 300
288 289
289 310
290 301
290 303
291 311
292 307
293 302
294 305
295 312
296 304
296 305
297 301
297 306
298 311
299 308
300 309
301 318
302 323
302 316
303 320
303 317
304 316
305 316
306 324
306 319
307 313
308 319
309 321
309 319
310 315
311 314
312 322
312 315
312 316
313 334
313 336
314 331
314 335
315 333
316 325
317 330
317 332
318 326
318 328
319 327
320 329
321 333
322 327
323 325
324 329
325 338
326 344
327 346
328 344
329 340
330 345
330 348
331 339
332 337
332 347
333 341
333 342
334 341
335 341
336 341
336 343
337 358
338 351
339 351
340 355
340 350
341 358
342 354
342 357
343 349
344 351
345 356
346 360
347 359
348 352
348 353
349 361
350 361
350 362
350 368
351 364
351 369
352 363
352 366
353 365
354 361
355 372
356 364
357 371
358 363
359 367
359 370
360 363
361 382
362 374
363 373
363 380
364 373
365 378
365 383
366 376
366 383
367 375
368 377
368 382
369 382
370 384
370 379
371 383
372 375
372 381
373 395
374 390
374 396
375 385
375 393
376 389
377 386
378 387
378 388
379 392
380 394
381 395
382 386
383 391
384 392
385 400
385 407
386 404
386 408
387 406
387 407
388 401
388 402
389 399
389 403
389 408
390 408
391 407
392 399
392 405
393 397
394 397
395 398
396 398
397 420
398 413
399 416
399 419
400 411
400 415
401 409
402 414
403 412
404 412
405 418
405 410
406 420
407 417
408 416
409 432
410 423
411 425
411 430
412 422
412 430
413 427
414 427
415 421
415 426
415 432
416 431
417 423
418 430
419 428
419 429
420 423
420 424
421 436
421 441
422 440
423 435
424 433
425 443
426 433
427 437
427 444
428 438
429 441
430 444
431 434
431 442
432 439
433 452
434 450
435 451
435 445
436 449
436 450
436 451
437 446
438 452
439 453
440 456
441 454
442 447
443 448
444 455
445 457
445 465
446 458
446 467
447 465
448 468
449 460
449 465
450 459
450 461
450 465
451 465
452 462
453 463
454 464
455 466
455 468
456 467
457 469
457 472
458 477
458 479
459 473
460 475
461 471
462 477
463 476
464 476
465 480
466 478
467 470
467 474
468 470
1 2 3 4 5 6 7 8 9 10 11 12 
13 14 15 16 17 18 19 20 21 22 23 24 
25 26 27 28 29 30 31 32 33 34 35 36 
37 38 39 40 41 42 43 44 45 46 47 48 
49 50 51 52 53 54 55 56 57 58 59 60 
61 62 63 64 65 66 67 68 69 70 71 72 
73 74 75 76 77 78 79 80 81 82 83 84 
85 86 87 88 89 90 91 92 93 94 95 96 
97 98 99 100 101 102 103 104 105 106 107 108 
109 110 111 112 113 114 115 116 117 118 119 120 
121 122 123 124 125 126 127 128 129 130 131 132 
133 134 135 136 137 138 139 140 141 142 143 144 
145 146 147 148 149 150 151 152 153 154 155 156 
157 158 159 160 161 162 163 164 165 166 167 168 
169 170 171 172 173 174 175 176 177 178 179 180 
181 182 183 184 185 186 187 188 189 190 191 192 
193 194 195 196 197 198 199 200 201 202 203 204 
205 206 207 208 209 210 211 212 213 214 215 216 
217 218 219 220 221 222 223 224 225 226 227 228 
229 230 231 232 233 234 235 236 237 238 239 240 
241 242 243 244 245 246 247 248 249 250 251 252 
253 254 255 256 257 258 259 260 261 262 263 264 
265 266 267 268 269 270 271 272 273 274 275 276 
277 278 279 280 281 282 283 284 285 286 287 288 
289 290 291 292 293 294 295 296 297 298 299 300 
301 302 303 304 305 306 307 308 309 310 311 312 
313 314 315 316 317 318 319 320 321 322 323 324 
325 326 327 328 329 330 331 332 333 334 335 336 
337 338 339 340 341 342 343 344 345 346 347 348 
349 350 351 352 353 354 355 356 357 358 359 360 
361 362 363 364 365 366 367 368 369 370 371 372 
373 374 375 376 377 378 379 380 381 382 383 384 
385 386 387 388 389 390 391 392 393 394 395 396 
397 398 399 400 401 402 403 404 405 406 407 408 
409 410 411 412 413 414 415 416 417 418 419 420 
421 422 423 424 425 426 427 428 429 430 431 432 
433 434 435 436 437 438 439 440 441 442 443 444 
445 446 447 448 449 450 451 452 453 454 455 456 
457 458 459 460 461 462 463 464 465 466 467 468 
469 470 471 472 473 474 475 476 477 478 479 480 
20 32 46 
6 14 31 
292 307 313 
268 288 289 310 315 
363 380 394 397 
386 404 412 
4 15 28 
120 129 138 
192 202 208 
299 308 319 
264 270 286 
249 260 271 
33 39 59 
411 425 443 448 468 
449 460 475 
173 183 197 
253 273 287 
205 225 237 
125 133 152 
269 280 298 311 
450 461 471 
387 406 420 
99 115 127 
48 53 68 
66 79 89 102 119 
340 355 372 
230 251 255 
219 233 252 
314 335 341 
453 463 476 
302 323 325 
151 158 176 
49 65 82 
165 179 181 
136 149 157 
221 229 243 
206 228 239 
222 236 247 
164 180 191 
244 262 276 
267 283 294 
357 371 383 
188 201 214 
58 64 75 
366 376 389 
296 304 316 
112 123 144 
345 356 364 
37 60 71 
402 414 427 
401 409 432 
343 349 361 
351 369 382 
428 438 452 
209 223 234 
101 118 128 
348 353 365 
94 106 109 
36 38 51 
370 379 392 
45 52 67 
74 92 107 
374 390 408 
312 322 327 
359 367 375 
318 328 344 
34 41 57 
431 442 447 465 
332 337 358 
303 320 329 
455 466 478 
8 19 29 
405 410 423 
122 139 147 
224 231 245 
440 456 467 
17 35 47 
93 108 113 
419 429 441 
77 91 97 
178 190 200 
131 142 148 
261 275 279 
217 232 242 
415 426 433 
309 321 333 
161 170 184 
189 194 210 
137 153 160 
216 218 240 
26 42 50 
193 211 220 
63 80 95 
13 30 44 
