432 588 24 83
1 20
2 36
2 23
3 29
3 30
4 27
5 26
6 35
7 34
7 25
8 29
9 22
9 26
10 32
11 32
12 33
12 20
13 20
14 19
14 31
15 23
16 24
17 28
18 21
19 44
20 40
20 45
21 46
21 50
22 45
23 44
24 50
25 43
26 51
26 54
27 51
28 42
29 48
30 42
31 38
32 44
33 39
33 44
34 41
34 42
35 50
35 53
36 37
36 43
36 47
36 49
36 52
37 66
38 65
39 63
40 55
40 62
41 68
42 72
42 58
43 59
44 70
44 57
45 56
46 61
47 69
48 67
49 70
50 64
50 55
50 56
51 60
52 71
52 59
53 56
54 58
55 84
56 80
56 87
57 80
58 82
58 84
59 81
59 83
60 87
61 74
61 87
62 75
63 81
64 84
64 90
65 79
65 88
66 85
67 86
67 89
68 77
68 78
69 84
70 73
71 75
72 76
73 106
74 102
74 95
75 99
75 102
76 105
77 107
78 108
79 94
79 95
80 104
80 106
81 102
82 91
83 107
83 93
84 96
85 108
85 91
86 98
86 100
87 105
88 101
88 103
89 97
89 92
90 101
90 107
91 118
91 125
92 121
93 110
93 116
94 126
95 122
96 110
96 114
97 115
98 109
99 117
100 112
100 113
101 124
102 120
103 120
104 122
105 125
106 119
107 125
108 111
108 123
108 124
109 131
110 134
110 137
111 143
112 129
113 142
114 139
114 141
115 136
115 143
115 144
116 130
117 135
117 127
118 130
119 144
120 131
120 140
121 128
121 138
122 133
123 127
124 141
125 141
126 132
127 145
127 151
128 155
129 158
130 160
131 161
132 161
133 154
134 148
134 157
135 149
135 155
136 158
137 150
138 155
139 146
139 147
140 152
141 154
142 162
142 156
143 153
143 158
144 150
144 159
145 172
145 174
146 171
147 179
148 175
149 168
149 170
149 177
150 166
151 177
152 176
153 178
154 171
154 173
155 169
156 163
156 165
157 178
157 180
158 164
159 167
160 169
161 175
162 167
163 182
163 187
164 198
165 198
166 192
166 185
167 193
167 182
168 188
169 195
169 196
170 189
171 192
172 190
173 198
173 184
174 181
174 183
175 181
175 191
176 186
177 189
178 189
179 197
179 198
179 182
180 194
181 201
182 201
182 202
182 206
182 214
183 200
183 211
184 204
184 208
185 210
186 203
186 209
186 211
187 215
188 202
189 202
190 207
191 202
192 211
193 211
194 211
195 205
195 207
196 199
196 212
197 213
198 211
198 212
198 216
199 224
200 225
201 230
201 221
202 225
202 219
203 218
204 224
205 226
206 224
207 231
208 222
209 233
209 234
209 220
210 217
210 222
211 221
212 229
213 228
213 232
214 234
215 226
215 223
216 227
217 247
218 244
218 249
219 250
220 242
221 238
222 248
223 236
223 252
224 245
225 241
226 240
227 251
228 243
228 246
228 251
229 248
230 237
231 239
232 241
233 240
234 235
234 239
235 255
236 264
237 265
238 262
238 269
238 253
239 267
240 264
241 263
242 258
243 270
244 255
245 262
246 264
246 266
247 257
248 259
248 260
249 261
250 270
251 264
251 254
252 256
252 268
253 285
254 277
255 286
256 286
257 281
257 284
258 271
259 279
259 283
260 274
261 278
262 277
263 274
264 272
264 276
264 286
265 272
265 282
266 278
267 273
267 287
268 288
268 275
269 280
269 286
270 286
271 300
272 289
272 297
272 302
272 306
273 303
274 306
275 301
275 304
276 296
277 299
278 292
278 293
279 290
280 290
281 303
282 291
283 299
284 298
285 295
285 303
285 305
286 295
287 291
288 294
289 312
290 309
291 321
291 323
292 324
292 307
292 311
292 319
293 312
294 309
294 314
295 309
295 316
296 323
297 308
297 318
298 322
299 323
300 322
300 313
301 312
302 312
303 320
303 323
304 310
304 317
305 307
305 315
306 312
307 341
308 335
308 337
309 333
310 334
311 341
312 341
312 342
313 326
314 331
314 335
315 325
316 329
317 339
318 332
318 336
319 328
319 338
320 329
321 336
322 327
322 330
323 334
323 340
324 336
325 348
326 355
327 343
327 344
328 353
328 358
329 359
329 345
330 360
330 343
331 352
331 357
332 343
333 352
334 356
334 349
335 343
336 352
337 352
337 349
337 351
338 347
339 343
340 346
340 350
341 350
342 354
342 355
343 362
344 372
345 361
345 378
346 372
347 372
348 372
348 374
349 363
349 366
350 375
351 378
352 368
352 376
353 372
353 373
354 369
354 378
355 362
355 377
356 362
357 361
357 364
358 370
358 375
359 365
359 367
360 369
360 371
361 383
362 388
362 390
363 394
364 393
365 396
366 386
367 387
367 381
368 385
368 391
369 386
370 383
371 382
372 384
372 395
372 383
373 379
374 380
375 389
376 392
376 396
377 379
378 384
379 411
380 412
381 406
382 397
382 413
383 400
383 414
384 402
384 409
385 399
386 407
387 409
388 404
389 403
390 410
391 413
392 411
393 400
393 401
394 405
395 398
395 408
396 410
397 426
397 427
398 431
399 430
400 428
401 424
402 417
403 423
404 417
405 421
406 422
407 416
407 426
408 430
409 419
409 429
410 418
410 425
411 432
412 420
412 415
413 424
414 417
1 2 3 4 5 6 7 8 9 10 11 12 13 14 15 16 17 18 
19 20 21 22 23 24 25 26 27 28 29 30 31 32 33 34 35 36 
37 38 39 40 41 42 43 44 45 46 47 48 49 50 51 52 53 54 
55 56 57 58 59 60 61 62 63 64 65 66 67 68 69 70 71 72 
73 74 75 76 77 78 79 80 81 82 83 84 85 86 87 88 89 90 
91 92 93 94 95 96 97 98 99 100 101 102 103 104 105 106 107 108 
109 110 111 112 113 114 115 116 117 118 119 120 121 122 123 124 125 126 
127 128 129 130 131 132 133 134 135 136 137 138 139 140 141 142 143 144 
145 146 147 148 149 150 151 152 153 154 155 156 157 158 159 160 161 162 
163 164 165 166 167 168 169 170 171 172 173 174 175 176 177 178 179 180 
181 182 183 184 185 186 187 188 189 190 191 192 193 194 195 196 197 198 
199 200 201 202 203 204 205 206 207 208 209 210 211 212 213 214 215 216 
217 218 219 220 221 222 223 224 225 226 227 228 229 230 231 232 233 234 
235 236 237 238 239 240 241 242 243 244 245 246 247 248 249 250 251 252 
253 254 255 256 257 258 259 260 261 262 263 264 265 266 267 268 269 270 
271 272 273 274 275 276 277 278 279 280 281 282 283 284 285 286 287 288 
289 290 291 292 293 294 295 296 297 298 299 300 301 302 303 304 305 306 
307 308 309 310 311 312 313 314 315 316 317 318 319 320 321 322 323 324 
325 326 327 328 329 330 331 332 333 334 335 336 337 338 339 340 341 342 
343 344 345 346 347 348 349 350 351 352 353 354 355 356 357 358 359 360 
361 362 363 364 365 366 367 368 369 370 371 372 373 374 375 376 377 378 
379 380 381 382 383 384 385 386 387 388 389 390 391 392 393 394 395 396 
397 398 399 400 401 402 403 404 405 406 407 408 409 410 411 412 413 414 
415 416 417 418 419 420 421 422 423 424 425 426 427 428 429 430 431 432 
149 168 188 202 
98 109 131 
31 38 65 
349 363 394 405 421 
376 392 411 
264 276 296 323 
134 148 175 
374 380 412 
35 53 56 
267 287 291 
72 76 105 
395 408 430 
303 320 329 
355 377 379 
224 245 262 
112 129 158 
186 203 218 
268 288 294 
34 41 68 
40 62 75 
126 132 161 
318 332 343 
383 414 417 
36 47 69 84 
182 214 234 
209 220 242 258 271 300 
70 73 106 
51 60 87 
26 54 58 
216 227 251 
362 390 410 
319 338 347 372 
278 293 312 
259 283 299 
212 229 248 
139 146 171 
144 159 167 
29 48 67 
207 231 239 
368 391 413 
130 160 169 
143 153 178 
21 46 61 
230 237 265 
367 387 409 
238 253 285 
359 365 396 
284 298 322 
110 137 150 
16 24 50 
360 371 382 
269 280 290 
89 92 121 
9 22 45 
217 247 257 
127 151 177 
88 103 120 
304 310 334 
37 66 85 
7 25 43 
166 185 210 
228 243 270 
17 28 42 
305 315 325 348 
184 208 222 
33 39 63 81 
163 187 215 
195 205 226 
157 180 194 211 
44 57 80 
179 197 213 
389 403 423 
100 113 142 
292 311 341 
183 200 225 
122 133 154 
393 401 424 
309 333 352 
381 406 422 
252 256 286 
337 351 378 
241 263 274 
156 165 198 
