500 709 20 85
1 33
1 36
2 44
3 49
4 29
5 40
6 26
7 29
7 43
8 34
9 35
10 37
10 38
11 41
11 48
12 48
13 30
13 42
14 46
15 32
16 28
16 47
17 27
17 48
18 31
19 29
20 33
20 50
21 26
21 39
22 29
23 41
24 45
25 33
25 48
26 64
27 54
27 56
27 73
28 60
29 67
30 72
31 71
32 55
32 67
33 53
34 64
34 66
35 54
36 53
37 72
38 57
38 58
38 67
39 59
40 60
40 63
41 52
41 54
42 51
42 61
43 60
43 72
43 74
44 62
45 69
46 65
46 70
47 59
47 68
48 53
49 53
50 60
50 75
51 92
51 93
52 79
52 80
53 90
54 76
54 83
54 98
55 91
56 89
56 99
57 78
58 88
58 92
59 95
60 81
61 77
62 82
63 77
64 100
65 97
66 93
67 92
68 85
69 95
70 86
70 87
70 97
71 77
72 82
73 84
73 94
74 81
75 96
76 104
76 107
76 119
77 104
78 104
79 108
80 113
80 116
81 103
81 112
82 115
83 106
84 120
85 114
86 116
86 123
87 118
88 111
88 117
89 108
90 101
91 116
92 104
93 105
94 121
95 108
95 115
96 124
97 101
97 109
98 108
98 122
99 110
99 121
100 102
100 125
101 137
101 127
102 137
103 138
104 143
105 140
106 150
107 135
108 140
109 128
109 133
109 139
110 133
111 149
112 126
113 132
113 141
113 143
114 131
115 141
116 137
117 129
117 136
118 142
118 148
119 146
119 149
120 145
120 147
121 141
122 144
123 134
124 133
125 130
125 144
126 160
126 169
127 154
127 174
128 151
129 163
130 152
130 155
131 156
132 165
133 161
133 162
134 165
134 173
135 159
135 166
136 171
137 151
138 168
138 170
139 153
139 163
139 172
140 165
141 167
142 157
142 158
143 171
144 168
144 175
145 167
146 171
147 164
148 151
149 172
150 174
151 180
151 195
152 192
152 194
153 184
154 200
155 195
155 196
156 178
157 182
158 185
159 179
159 189
160 191
161 190
162 197
163 199
164 188
165 193
166 181
167 186
168 177
168 195
169 176
169 187
170 179
170 198
171 195
172 187
173 183
174 184
175 186
176 208
176 209
176 223
177 210
177 216
178 211
178 217
178 224
179 202
179 205
179 209
180 202
180 203
180 217
180 222
181 203
182 201
183 204
183 207
183 208
184 203
184 204
184 213
185 221
186 213
186 218
186 219
187 203
188 207
188 209
188 212
189 208
189 212
190 201
190 224
191 221
191 225
192 206
192 224
193 220
193 221
194 215
194 224
195 201
195 208
196 201
196 207
196 215
197 218
198 201
198 203
198 211
199 211
199 214
200 213
201 226
201 235
202 236
203 233
203 247
204 227
204 234
205 239
205 241
205 242
206 234
207 226
207 245
208 233
209 236
210 226
210 246
211 229
211 248
212 249
212 250
213 228
213 231
213 245
214 247
215 247
216 230
217 230
217 243
218 233
218 238
219 237
219 244
220 242
221 235
222 232
222 233
223 250
224 236
224 240
225 244
225 246
226 263
227 256
227 263
228 273
228 254
229 272
230 268
231 275
232 260
232 274
233 258
234 261
234 253
235 255
236 269
237 270
237 274
238 257
238 264
239 264
240 259
240 272
240 254
241 265
241 251
242 254
243 258
243 253
244 263
244 252
245 260
245 262
246 264
247 265
247 266
248 267
249 271
250 258
251 297
252 287
253 279
253 292
254 282
254 296
255 299
256 279
257 280
257 300
258 291
259 280
260 277
260 284
261 288
262 290
263 276
264 278
265 298
266 285
267 287
268 294
269 283
270 289
271 291
271 293
272 283
273 281
273 286
274 284
275 295
276 320
277 315
277 323
278 316
279 305
279 308
279 325
280 311
281 307
281 322
282 319
283 314
284 317
285 324
286 307
287 315
288 309
288 311
289 306
290 310
291 321
292 312
292 320
293 301
293 303
293 304
294 313
295 303
296 302
296 305
296 318
297 318
298 308
299 307
300 318
301 328
301 333
302 337
303 347
304 328
304 348
305 347
306 331
307 326
307 349
308 335
308 341
308 343
308 344
309 349
310 339
310 340
311 337
312 339
313 345
314 336
315 345
316 336
316 342
317 336
318 334
318 336
319 329
319 345
320 338
320 339
320 350
321 330
321 346
322 337
323 327
324 336
325 332
326 352
326 353
326 358
326 372
327 355
327 356
328 365
328 373
329 352
329 367
330 351
330 362
331 370
331 374
332 352
332 363
332 369
333 351
334 354
334 357
335 366
336 366
337 363
337 373
338 364
338 375
339 355
339 367
340 360
340 364
340 371
341 367
342 359
343 369
344 352
344 357
345 370
346 374
347 360
348 351
348 368
348 372
349 352
349 357
349 361
350 363
351 392
352 386
353 398
354 399
354 379
354 381
355 400
356 391
357 387
358 393
359 394
360 388
360 390
361 382
362 398
363 376
364 400
365 378
366 379
367 380
367 382
368 395
368 383
369 384
370 395
371 386
372 385
372 377
373 396
374 389
375 387
375 397
376 413
377 406
378 409
379 409
379 421
380 414
381 407
382 403
383 408
384 412
385 405
386 412
386 424
387 411
388 404
389 416
390 402
390 404
391 405
392 417
393 417
393 418
394 410
395 411
395 420
396 422
397 414
397 423
398 419
398 425
399 401
399 415
400 417
401 429
401 446
402 431
402 447
403 435
404 441
405 428
405 435
406 442
407 439
408 433
408 450
409 449
410 428
410 439
411 436
411 437
411 438
411 440
411 442
412 426
412 449
413 441
414 427
414 433
415 442
416 435
417 450
418 428
418 430
419 435
420 429
421 443
421 445
422 447
423 434
423 446
423 448
424 450
425 432
425 444
426 455
426 458
427 459
428 463
429 454
429 465
429 474
430 456
431 461
431 471
432 453
433 460
434 464
434 474
435 457
436 466
437 451
438 460
439 475
440 452
440 472
441 456
442 465
443 468
444 467
445 469
446 457
447 470
447 473
448 461
448 462
449 459
450 455
451 493
452 478
452 488
453 486
454 490
455 480
456 477
457 476
458 495
458 499
459 477
459 481
460 487
461 482
461 484
462 488
462 492
462 500
463 495
464 476
465 488
466 498
467 489
467 494
468 483
468 497
469 476
469 491
470 484
470 496
471 478
471 479
472 477
472 493
473 478
473 485
474 493
475 483
1 2 3 4 5 6 7 8 9 10 11 12 13 14 15 16 17 18 19 20 21 22 23 24 25 
26 27 28 29 30 31 32 33 34 35 36 37 38 39 40 41 42 43 44 45 46 47 48 49 50 
51 52 53 54 55 56 57 58 59 60 61 62 63 64 65 66 67 68 69 70 71 72 73 74 75 
76 77 78 79 80 81 82 83 84 85 86 87 88 89 90 91 92 93 94 95 96 97 98 99 100 
101 102 103 104 105 106 107 108 109 110 111 112 113 114 115 116 117 118 119 120 121 122 123 124 125 
126 127 128 129 130 131 132 133 134 135 136 137 138 139 140 141 142 143 144 145 146 147 148 149 150 
151 152 153 154 155 156 157 158 159 160 161 162 163 164 165 166 167 168 169 170 171 172 173 174 175 
176 177 178 179 180 181 182 183 184 185 186 187 188 189 190 191 192 193 194 195 196 197 198 199 200 
201 202 203 204 205 206 207 208 209 210 211 212 213 214 215 216 217 218 219 220 221 222 223 224 225 
226 227 228 229 230 231 232 233 234 235 236 237 238 239 240 241 242 243 244 245 246 247 248 249 250 
251 252 253 254 255 256 257 258 259 260 261 262 263 264 265 266 267 268 269 270 271 272 273 274 275 
276 277 278 279 280 281 282 283 284 285 286 287 288 289 290 291 292 293 294 295 296 297 298 299 300 
301 302 303 304 305 306 307 308 309 310 311 312 313 314 315 316 317 318 319 320 321 322 323 324 325 
326 327 328 329 330 331 332 333 334 335 336 337 338 339 340 341 342 343 344 345 346 347 348 349 350 
351 352 353 354 355 356 357 358 359 360 361 362 363 364 365 366 367 368 369 370 371 372 373 374 375 
376 377 378 379 380 381 382 383 384 385 386 387 388 389 390 391 392 393 394 395 396 397 398 399 400 
401 402 403 404 405 406 407 408 409 410 411 412 413 414 415 416 417 418 419 420 421 422 423 424 425 
426 427 428 429 430 431 432 433 434 435 436 437 438 439 440 441 442 443 444 445 446 447 448 449 450 
451 452 453 454 455 456 457 458 459 460 461 462 463 464 465 466 467 468 469 470 471 472 473 474 475 
476 477 478 479 480 481 482 483 484 485 486 487 488 489 490 491 492 493 494 495 496 497 498 499 500 
230 268 294 313 345 
157 182 201 
55 91 116 
308 335 366 
351 392 417 
367 380 414 
411 438 460 
133 161 190 
56 89 108 
158 185 221 
359 394 410 
418 430 456 
279 325 332 
24 45 69 95 
296 302 337 
13 30 72 
73 84 120 
326 353 398 
263 276 320 
234 261 288 
428 463 495 
429 454 490 
212 249 271 
57 78 104 
425 432 453 486 
277 323 327 
135 166 181 203 
127 154 200 213 
257 300 318 
285 324 336 
205 239 264 
396 422 447 
360 388 404 
131 156 178 
377 406 442 
199 214 247 
31 71 77 
421 443 468 
193 220 242 
126 160 191 
9 35 54 
321 346 374 
21 39 59 
245 262 290 310 
328 365 378 409 
134 173 183 
389 416 435 
109 128 151 
437 451 493 
292 312 339 
273 286 307 
244 252 287 
349 361 382 
254 282 319 
369 384 412 
436 466 498 
434 464 476 
144 175 186 
16 28 60 
354 381 407 439 
147 164 188 
162 197 218 
43 74 81 
275 295 303 
340 371 386 
237 270 289 306 331 
119 146 171 
117 129 163 
176 223 250 
372 385 405 
1 36 53 
211 229 272 
100 102 137 
44 62 82 
236 269 283 
368 383 408 
113 132 165 
46 65 97 
139 153 184 
70 87 118 
376 413 441 
88 111 149 
83 106 150 174 
34 66 93 
240 259 280 
