364 480 28 67
1 21
1 23
2 22
3 23
4 14
5 15
5 16
6 17
7 17
8 18
8 19
9 17
10 26
11 24
11 25
12 19
12 20
13 25
14 31
15 29
16 29
17 35
18 33
19 35
19 37
20 32
21 38
22 38
22 28
22 30
23 36
24 29
25 34
26 39
26 27
27 42
28 43
29 49
30 51
31 50
32 47
33 40
34 45
34 51
35 46
35 52
36 52
37 44
38 41
38 44
39 48
40 53
41 65
41 58
42 64
43 58
44 61
45 62
46 54
47 53
47 56
48 61
49 55
49 57
50 59
51 63
52 60
53 67
53 68
53 74
54 69
54 70
54 71
55 66
55 77
56 67
56 78
57 71
58 75
59 72
60 71
61 69
62 72
63 76
64 73
64 75
65 66
66 89
67 81
68 83
69 88
69 91
70 86
70 89
71 87
71 90
72 84
73 80
74 79
74 82
75 80
76 85
77 83
78 87
79 101
80 94
81 100
82 97
83 96
83 102
83 93
84 99
84 104
85 98
86 98
87 98
87 92
88 103
89 95
90 103
91 99
92 110
93 105
93 111
94 107
94 114
95 113
96 116
97 114
97 117
98 110
99 112
99 115
100 105
101 106
101 113
102 108
102 109
103 113
104 116
105 118
106 128
106 122
107 123
107 127
108 122
108 125
109 130
109 120
110 118
111 120
111 124
112 126
113 121
113 127
114 129
115 119
116 126
117 129
118 139
119 131
120 140
121 143
122 142
123 135
123 138
124 134
125 132
125 134
125 135
126 139
127 133
127 137
128 136
129 139
130 141
131 149
131 152
132 144
133 155
134 146
134 151
135 156
136 146
137 146
137 154
138 149
139 147
139 148
140 153
140 155
141 148
142 150
143 145
144 161
145 166
145 157
146 164
147 159
148 159
149 162
150 167
150 158
150 159
151 162
152 163
153 164
154 163
154 165
155 169
156 160
156 168
157 172
158 170
159 181
160 176
161 175
161 177
161 179
162 174
163 173
164 172
164 180
165 173
165 178
166 177
167 174
168 171
168 182
169 176
170 192
171 187
171 191
172 193
172 190
173 183
173 189
174 195
175 186
176 185
177 184
178 194
178 188
179 186
180 187
181 190
182 192
183 204
184 197
185 200
186 203
187 202
187 206
187 208
188 198
189 203
189 207
190 198
190 205
191 196
192 196
193 199
193 203
194 197
195 197
195 201
196 212
196 215
197 210
197 213
197 218
198 214
199 217
200 211
201 219
202 209
202 211
203 221
204 217
205 211
205 216
206 220
207 221
208 221
209 229
210 229
211 233
212 226
213 231
213 222
214 224
215 228
215 230
216 232
217 225
218 223
219 225
220 234
221 227
222 241
223 237
224 246
225 236
225 243
226 240
227 239
228 236
229 237
230 239
231 236
231 247
232 235
232 244
232 245
233 238
233 246
234 242
235 260
235 254
236 255
237 259
238 249
239 250
240 250
241 258
241 251
242 256
242 250
243 253
244 248
245 252
246 260
247 257
248 268
249 273
250 267
250 269
251 261
252 265
253 263
254 272
255 271
255 272
256 265
256 266
257 262
258 272
259 264
259 265
259 270
260 265
261 279
262 283
263 281
263 283
264 275
264 286
265 282
266 284
267 279
268 285
269 279
270 274
271 280
272 277
272 284
273 276
273 278
273 280
274 290
275 289
275 292
275 296
276 291
276 294
277 298
278 298
279 288
280 293
281 288
282 291
283 297
283 298
283 299
284 293
285 295
285 287
286 296
287 312
288 303
289 300
289 303
290 301
291 310
292 304
292 306
292 307
293 309
294 309
295 305
295 307
295 309
296 311
297 302
298 311
299 301
299 308
300 315
300 316
301 320
302 321
302 322
302 313
303 316
303 318
304 322
305 325
306 325
307 324
308 321
308 314
309 322
310 317
311 323
311 319
312 316
313 328
313 335
314 337
314 338
315 331
316 333
317 331
318 326
319 336
319 338
320 327
321 334
322 330
323 333
324 329
324 332
325 331
326 345
326 349
326 351
327 348
328 341
329 345
330 343
330 347
331 347
332 342
332 347
333 339
333 344
333 345
334 346
335 340
336 339
337 350
338 346
339 356
340 359
340 362
341 356
342 357
342 361
343 355
343 360
344 358
344 361
345 352
346 353
347 352
347 363
348 364
349 353
350 362
351 354
1 2 3 4 5 6 7 8 9 10 11 12 13 
14 15 16 17 18 19 20 21 22 23 24 25 26 
27 28 29 30 31 32 33 34 35 36 37 38 39 
40 41 42 43 44 45 46 47 48 49 50 51 52 
53 54 55 56 57 58 59 60 61 62 63 64 65 
66 67 68 69 70 71 72 73 74 75 76 77 78 
79 80 81 82 83 84 85 86 87 88 89 90 91 
92 93 94 95 96 97 98 99 100 101 102 103 104 
105 106 107 108 109 110 111 112 113 114 115 116 117 
118 119 120 121 122 123 124 125 126 127 128 129 130 
131 132 133 134 135 136 137 138 139 140 141 142 143 
144 145 146 147 148 149 150 151 152 153 154 155 156 
157 158 159 160 161 162 163 164 165 166 167 168 169 
170 171 172 173 174 175 176 177 178 179 180 181 182 
183 184 185 186 187 188 189 190 191 192 193 194 195 
196 197 198 199 200 201 202 203 204 205 206 207 208 
209 210 211 212 213 214 215 216 217 218 219 220 221 
222 223 224 225 226 227 228 229 230 231 232 233 234 
235 236 237 238 239 240 241 242 243 244 245 246 247 
248 249 250 251 252 253 254 255 256 257 258 259 260 
261 262 263 264 265 266 267 268 269 270 271 272 273 
274 275 276 277 278 279 280 281 282 283 284 285 286 
287 288 289 290 291 292 293 294 295 296 297 298 299 
300 301 302 303 304 305 306 307 308 309 310 311 312 
313 314 315 316 317 318 319 320 321 322 323 324 325 
326 327 328 329 330 331 332 333 334 335 336 337 338 
339 340 341 342 343 344 345 346 347 348 349 350 351 
352 353 354 355 356 357 358 359 360 361 362 363 364 
81 100 105 
301 320 327 348 364 
39 48 61 
251 261 279 
31 50 59 72 
248 268 285 
69 88 103 
19 37 44 
291 310 317 331 
121 143 145 
1 21 38 
51 63 76 85 98 
84 104 116 
198 214 224 246 
22 28 43 58 
52 60 71 
238 249 273 
313 335 340 
241 258 272 
131 152 163 
140 153 164 
195 201 219 225 
326 351 354 
232 245 252 265 
5 16 29 
311 323 333 
324 329 345 
26 27 42 64 
74 79 101 
197 218 223 237 
150 158 170 192 
231 247 257 262 283 
127 133 155 
55 77 83 
35 46 54 
292 306 325 
189 207 221 
159 181 190 
276 294 309 
128 136 146 
176 185 200 211 
215 230 239 
314 337 350 362 
56 78 87 
130 141 148 
256 266 284 
12 20 32 47 
171 191 196 
264 286 296 
226 240 250 
173 183 204 217 
33 40 53 
132 144 161 
243 253 263 
97 117 129 
202 209 229 
187 206 220 234 242 
111 124 134 
287 312 316 
321 334 346 
123 138 149 
89 95 113 
99 112 126 
41 65 66 
319 336 339 
255 271 280 
328 341 356 
