290 413 10 43
1 31
1 45
1 54
2 38
2 51
3 33
4 55
5 36
5 55
5 57
6 30
6 37
7 40
7 57
8 54
9 49
9 53
10 31
11 37
12 43
13 35
14 34
15 55
16 34
17 41
18 32
18 44
19 43
20 42
20 52
21 49
21 51
22 39
22 56
23 30
23 56
24 47
25 50
26 39
26 43
27 39
27 48
28 54
29 46
29 58
30 72
30 73
30 74
30 83
31 81
31 83
32 59
32 61
32 68
33 62
33 80
33 83
34 74
34 84
35 63
36 64
37 65
37 76
37 81
38 60
38 85
39 75
39 82
40 79
40 86
41 72
41 75
42 70
43 79
43 83
44 59
45 71
45 78
45 83
46 67
46 72
46 79
47 79
48 66
48 85
48 86
49 61
49 66
49 87
50 75
51 69
52 70
53 65
54 70
54 80
55 82
56 66
56 85
57 74
57 77
57 82
58 59
58 80
58 86
59 91
60 97
60 102
61 113
62 103
63 96
63 116
64 89
65 107
66 112
67 110
67 114
68 99
68 106
69 103
69 108
69 113
70 95
70 100
70 106
71 95
71 99
72 104
72 105
72 109
73 97
73 116
74 101
74 109
74 113
75 92
75 107
75 113
76 113
77 106
78 94
78 103
79 104
79 105
80 88
80 95
80 111
81 110
81 115
82 97
82 110
83 98
83 108
83 110
84 97
84 101
84 111
85 90
85 93
85 100
85 110
86 105
86 116
87 94
87 112
88 129
88 139
89 138
90 145
91 122
92 132
93 134
93 135
94 119
94 121
95 135
95 118
96 130
96 143
96 125
97 128
97 144
98 137
98 123
99 131
100 141
101 135
102 138
102 120
103 130
104 145
104 118
104 127
105 139
106 126
107 133
107 127
108 135
108 122
109 140
109 141
110 145
110 120
110 126
111 117
111 126
112 141
112 142
113 118
113 124
114 136
114 139
114 119
115 133
115 122
116 137
116 126
117 149
117 165
117 171
118 154
118 156
119 153
120 160
120 174
121 149
122 166
123 163
124 153
125 155
126 152
126 164
127 168
128 170
129 154
130 155
131 150
131 158
132 148
132 160
133 161
134 173
135 157
136 168
137 167
137 172
138 153
139 151
139 158
140 146
140 147
141 162
142 146
143 152
143 169
144 155
144 159
145 157
146 175
146 194
146 200
147 200
148 175
149 186
150 196
151 177
151 182
151 202
152 176
153 195
154 199
155 178
156 187
157 192
158 184
158 186
159 176
159 198
160 201
161 180
162 192
163 189
164 177
164 179
165 190
166 185
166 202
167 183
168 191
168 202
169 188
170 189
170 197
171 193
172 181
172 195
173 203
174 178
175 213
176 205
177 224
178 226
179 214
180 217
181 222
181 232
182 211
182 215
183 223
183 230
184 207
185 206
186 216
186 231
187 216
187 227
188 228
188 230
189 229
190 209
191 204
192 209
193 213
194 230
195 208
196 232
197 210
198 212
199 208
200 218
200 219
201 208
202 220
203 221
203 225
204 246
205 240
206 240
207 259
207 260
208 246
209 241
210 251
211 253
212 242
213 234
213 238
214 245
215 245
216 246
216 255
217 235
217 254
218 244
218 249
219 249
220 237
221 249
222 260
222 233
222 248
223 258
224 249
225 249
226 257
226 239
227 260
227 252
228 256
228 261
228 236
228 247
229 250
230 243
231 238
232 261
233 268
233 284
234 272
235 272
236 264
236 277
237 275
238 288
239 279
240 272
241 270
242 268
242 281
243 287
244 271
244 288
245 286
245 290
246 283
247 266
248 267
248 273
249 282
250 282
251 269
252 288
253 262
253 278
254 265
254 289
255 267
255 274
256 288
257 276
258 285
259 280
260 263
261 278
1 2 3 4 5 6 7 8 9 10 11 12 13 14 15 16 17 18 19 20 21 22 23 24 25 26 27 28 29 
30 31 32 33 34 35 36 37 38 39 40 41 42 43 44 45 46 47 48 49 50 51 52 53 54 55 56 57 58 
59 60 61 62 63 64 65 66 67 68 69 70 71 72 73 74 75 76 77 78 79 80 81 82 83 84 85 86 87 
88 89 90 91 92 93 94 95 96 97 98 99 100 101 102 103 104 105 106 107 108 109 110 111 112 113 114 115 116 
117 118 119 120 121 122 123 124 125 126 127 128 129 130 131 132 133 134 135 136 137 138 139 140 141 142 143 144 145 
146 147 148 149 150 151 152 153 154 155 156 157 158 159 160 161 162 163 164 165 166 167 168 169 170 171 172 173 174 
175 176 177 178 179 180 181 182 183 184 185 186 187 188 189 190 191 192 193 194 195 196 197 198 199 200 201 202 203 
204 205 206 207 208 209 210 211 212 213 214 215 216 217 218 219 220 221 222 223 224 225 226 227 228 229 230 231 232 
233 234 235 236 237 238 239 240 241 242 243 244 245 246 247 248 249 250 251 252 253 254 255 256 257 258 259 260 261 
262 263 264 265 266 267 268 269 270 271 272 273 274 275 276 277 278 279 280 281 282 283 284 285 286 287 288 289 290 
213 234 272 
141 162 192 
120 174 178 
230 243 287 
94 121 149 
161 180 217 
228 256 288 
18 44 59 
64 89 138 
137 167 183 
88 129 154 
118 156 187 
57 77 106 
185 206 240 
189 229 250 282 
198 212 242 
117 165 190 209 
150 196 232 
20 52 70 
37 76 113 
75 92 132 
226 257 276 
33 62 103 
203 225 249 
191 204 246 
179 214 245 
114 136 168 
182 211 253 
197 210 251 269 
143 169 188 
186 231 238 
24 47 79 
220 237 275 
97 128 170 
9 53 65 
223 258 285 
112 142 146 
158 184 207 
96 125 155 
160 201 208 
140 147 200 
85 90 145 
13 35 63 
