598 843 26 100
1 27
2 45
3 30
3 33
4 44
5 36
5 46
6 42
7 38
8 31
8 39
9 42
10 41
11 42
12 25
12 27
13 37
14 25
15 34
16 30
16 40
17 44
18 29
18 38
19 26
19 32
20 38
21 26
21 43
22 24
23 28
23 35
23 45
24 60
24 61
25 65
25 67
25 69
26 55
26 56
27 66
28 57
28 64
29 63
30 51
30 69
31 66
32 62
32 69
33 69
34 47
34 60
35 60
35 68
36 52
37 48
37 49
37 54
38 65
39 52
39 53
40 56
41 53
41 58
42 49
42 50
43 48
43 49
44 58
45 55
46 59
46 60
46 64
47 78
48 85
49 75
49 87
49 92
50 73
50 78
51 75
51 76
52 75
52 79
53 72
54 82
55 81
56 79
56 89
57 78
58 71
58 74
59 86
60 80
61 70
61 83
62 74
63 90
64 84
65 88
66 72
67 70
67 91
68 75
69 77
70 114
71 96
71 101
71 108
71 114
72 105
73 95
73 100
73 109
73 114
74 93
75 99
76 107
77 111
78 101
79 112
80 93
81 113
82 97
83 111
84 110
85 98
85 106
85 107
86 95
87 99
87 104
88 94
89 99
90 115
91 102
91 106
92 103
93 116
93 120
94 137
95 122
96 135
96 116
96 125
97 128
98 128
99 129
100 121
101 128
102 138
103 117
104 134
104 126
105 118
106 136
107 133
108 124
108 127
109 138
110 119
111 118
111 123
112 135
113 119
114 130
114 131
114 123
115 132
115 138
116 139
116 157
117 146
118 145
118 146
119 140
119 148
119 155
120 142
121 160
122 161
123 143
124 141
124 157
124 158
125 146
125 152
126 142
126 157
127 150
128 158
129 150
130 146
131 156
132 154
133 150
133 159
134 149
134 160
134 161
135 144
136 154
136 155
137 147
137 153
138 140
138 151
139 167
140 168
140 169
140 184
141 178
141 179
142 175
143 165
144 183
145 163
145 168
146 172
147 171
148 166
149 180
150 180
150 181
150 182
151 183
152 164
153 177
154 176
155 165
155 174
156 162
156 177
157 175
158 171
159 170
159 173
159 180
160 183
161 165
162 195
162 201
163 185
164 197
165 189
165 205
166 205
167 190
168 191
168 207
169 204
170 185
170 194
171 188
172 193
172 200
173 201
173 202
174 204
175 192
175 203
176 187
177 199
177 201
178 203
179 186
179 207
180 187
181 196
182 206
183 185
184 198
185 222
186 222
187 219
187 225
188 220
188 224
189 221
190 221
190 226
191 213
191 221
191 223
191 229
192 221
193 221
194 210
194 224
195 209
195 224
195 229
196 217
197 227
198 215
199 215
199 228
200 208
201 218
201 230
202 217
203 210
203 211
204 226
205 220
205 229
206 212
206 214
206 229
207 216
208 245
208 247
209 242
209 249
210 234
210 241
211 232
212 232
212 233
212 244
213 238
214 250
215 245
215 246
216 252
217 253
218 248
219 235
220 237
220 243
221 239
222 231
223 251
224 250
225 240
226 252
227 251
228 231
229 236
230 250
231 273
232 254
233 258
234 275
235 274
235 255
236 272
237 273
238 259
238 268
239 254
240 261
240 254
241 257
241 270
242 256
242 263
242 271
243 266
243 275
244 262
244 264
245 256
246 264
247 267
248 272
249 275
250 265
250 269
251 260
252 276
253 264
254 283
255 284
256 290
256 295
257 285
258 297
259 278
259 294
260 279
261 286
262 277
263 291
264 297
265 279
266 292
266 296
267 291
268 287
269 289
270 277
271 287
272 287
272 288
272 299
273 280
273 281
273 282
273 294
274 293
275 297
276 293
276 298
277 305
278 313
279 314
280 302
280 303
280 307
280 319
281 317
282 300
283 311
284 311
285 313
286 305
286 322
287 314
288 302
288 320
289 306
289 308
289 315
290 303
291 310
292 311
293 312
294 304
295 321
296 311
296 317
296 318
297 312
298 309
299 301
299 316
300 325
301 327
301 329
302 327
303 345
304 335
305 325
306 332
307 333
308 339
309 337
310 327
311 345
312 323
312 329
313 335
314 336
314 342
315 324
316 324
316 331
317 334
317 344
318 341
319 327
319 338
319 339
320 333
321 328
322 326
322 330
322 340
322 343
323 353
324 351
325 347
326 349
327 358
328 359
329 356
329 362
329 364
330 348
330 363
331 351
332 355
332 361
333 346
334 357
335 346
336 347
337 352
337 361
337 366
338 364
339 366
339 367
340 350
341 346
342 361
343 360
343 365
344 360
344 368
345 354
346 372
346 383
347 384
347 379
348 386
349 380
350 371
350 375
351 372
352 371
353 386
353 379
354 382
355 388
355 369
355 376
356 369
357 386
357 379
358 390
358 373
358 380
359 386
359 380
360 391
360 381
361 390
362 385
362 387
363 386
364 385
365 377
365 378
366 382
367 370
367 380
368 389
368 374
369 398
370 392
370 400
371 395
371 402
372 410
373 407
373 412
374 410
375 400
376 410
377 396
378 411
378 414
379 404
380 406
380 408
381 393
381 401
382 406
383 398
383 413
384 405
385 393
386 407
386 409
387 406
388 414
389 397
389 399
390 394
390 405
391 403
392 432
393 426
393 437
394 429
394 435
395 416
396 421
397 419
397 434
397 436
398 422
398 424
399 420
399 426
399 428
400 429
400 435
401 434
402 428
403 431
403 436
404 425
404 426
405 418
406 418
406 420
406 428
407 415
407 418
407 423
407 425
408 418
408 421
409 430
410 434
411 416
411 417
412 425
412 427
413 426
413 437
414 433
415 451
416 453
417 439
418 455
419 458
420 443
421 438
421 448
422 456
423 460
424 444
424 445
425 457
426 441
426 447
427 438
428 450
429 455
430 440
431 442
432 454
432 459
433 452
434 456
435 456
436 446
436 449
437 438
438 461
438 479
439 477
440 473
441 468
442 465
442 475
443 467
444 466
445 479
446 463
447 477
448 463
449 466
449 476
450 462
451 463
452 466
452 480
453 462
454 471
454 478
455 469
456 481
457 483
458 467
458 470
458 474
458 482
459 467
459 476
460 462
460 464
460 472
461 491
462 501
463 502
464 505
465 496
466 489
466 500
467 487
468 495
469 506
470 498
471 485
471 488
471 490
472 494
473 499
474 484
475 487
475 493
475 504
476 486
477 487
478 485
478 491
478 492
479 496
480 503
481 506
482 485
482 497
483 484
484 512
484 526
485 511
486 516
487 524
487 529
488 527
489 527
490 516
491 508
492 514
493 507
494 527
495 520
496 511
497 521
497 523
497 510
498 516
499 511
500 519
501 513
501 509
502 517
502 522
503 515
503 528
504 525
505 520
506 518
507 531
507 537
508 534
509 534
510 536
511 545
512 545
513 545
514 533
514 543
515 544
515 546
516 532
516 540
517 536
518 539
519 550
520 534
521 532
521 541
522 530
522 538
522 539
523 533
523 542
524 531
524 552
525 548
526 551
527 549
528 547
529 530
529 535
530 571
531 574
532 563
533 560
533 575
534 557
534 567
535 570
536 561
537 558
538 558
538 559
539 574
540 568
541 564
541 565
542 560
542 573
543 556
543 558
544 571
545 556
545 571
546 553
546 563
547 564
547 570
548 569
549 554
549 555
550 562
550 566
550 572
551 574
552 553
552 566
553 591
554 594
555 590
556 596
557 597
558 585
559 580
560 595
561 596
562 594
563 579
563 583
563 598
564 582
564 593
565 591
566 583
567 581
567 586
568 588
568 591
568 597
569 582
569 584
570 577
570 587
570 591
571 581
572 576
572 582
572 592
572 595
573 589
574 576
575 578
575 582
1 2 3 4 5 6 7 8 9 10 11 12 13 14 15 16 17 18 19 20 21 22 23 
24 25 26 27 28 29 30 31 32 33 34 35 36 37 38 39 40 41 42 43 44 45 46 
47 48 49 50 51 52 53 54 55 56 57 58 59 60 61 62 63 64 65 66 67 68 69 
70 71 72 73 74 75 76 77 78 79 80 81 82 83 84 85 86 87 88 89 90 91 92 
93 94 95 96 97 98 99 100 101 102 103 104 105 106 107 108 109 110 111 112 113 114 115 
116 117 118 119 120 121 122 123 124 125 126 127 128 129 130 131 132 133 134 135 136 137 138 
139 140 141 142 143 144 145 146 147 148 149 150 151 152 153 154 155 156 157 158 159 160 161 
162 163 164 165 166 167 168 169 170 171 172 173 174 175 176 177 178 179 180 181 182 183 184 
185 186 187 188 189 190 191 192 193 194 195 196 197 198 199 200 201 202 203 204 205 206 207 
208 209 210 211 212 213 214 215 216 217 218 219 220 221 222 223 224 225 226 227 228 229 230 
231 232 233 234 235 236 237 238 239 240 241 242 243 244 245 246 247 248 249 250 251 252 253 
254 255 256 257 258 259 260 261 262 263 264 265 266 267 268 269 270 271 272 273 274 275 276 
277 278 279 280 281 282 283 284 285 286 287 288 289 290 291 292 293 294 295 296 297 298 299 
300 301 302 303 304 305 306 307 308 309 310 311 312 313 314 315 316 317 318 319 320 321 322 
323 324 325 326 327 328 329 330 331 332 333 334 335 336 337 338 339 340 341 342 343 344 345 
346 347 348 349 350 351 352 353 354 355 356 357 358 359 360 361 362 363 364 365 366 367 368 
369 370 371 372 373 374 375 376 377 378 379 380 381 382 383 384 385 386 387 388 389 390 391 
392 393 394 395 396 397 398 399 400 401 402 403 404 405 406 407 408 409 410 411 412 413 414 
415 416 417 418 419 420 421 422 423 424 425 426 427 428 429 430 431 432 433 434 435 436 437 
438 439 440 441 442 443 444 445 446 447 448 449 450 451 452 453 454 455 456 457 458 459 460 
461 462 463 464 465 466 467 468 469 470 471 472 473 474 475 476 477 478 479 480 481 482 483 
484 485 486 487 488 489 490 491 492 493 494 495 496 497 498 499 500 501 502 503 504 505 506 
507 508 509 510 511 512 513 514 515 516 517 518 519 520 521 522 523 524 525 526 527 528 529 
530 531 532 533 534 535 536 537 538 539 540 541 542 543 544 545 546 547 548 549 550 551 552 
553 554 555 556 557 558 559 560 561 562 563 564 565 566 567 568 569 570 571 572 573 574 575 
576 577 578 579 580 581 582 583 584 585 586 587 588 589 590 591 592 593 594 595 596 597 598 
93 120 142 
273 281 317 
458 470 498 516 
138 151 183 
421 448 463 
455 469 506 
549 555 590 
424 444 466 
355 376 410 
63 90 115 
319 338 364 
8 31 66 
100 121 160 
550 562 594 
403 431 442 
5 36 52 
251 260 279 
288 320 333 
201 230 250 
316 331 351 
233 258 297 
515 544 571 
276 298 309 337 
79 112 135 
181 196 217 
381 401 434 
218 248 272 
282 300 325 
502 517 536 
154 176 187 
235 255 284 311 
240 261 286 
46 59 86 95 
541 565 591 
291 310 327 
322 326 349 380 
312 323 353 
542 573 589 
241 257 285 313 
370 392 432 
61 83 111 
49 92 103 117 146 
209 249 275 
457 483 484 
242 271 287 
35 68 75 
119 148 166 205 
491 508 534 
428 450 462 
184 198 215 
386 409 430 440 473 499 511 
347 384 405 
289 306 332 
426 447 477 
472 494 527 
244 262 277 
460 464 505 520 
412 427 438 
221 239 254 
139 167 190 
37 54 82 97 128 
16 40 56 
475 493 507 
295 321 328 359 
191 213 238 
525 548 569 
34 47 78 
123 143 165 
145 163 185 
155 174 204 
314 342 361 
538 559 580 
72 105 118 
345 354 382 
478 492 514 
137 147 171 
99 129 150 
114 131 156 
371 395 416 
420 443 467 
398 422 456 
329 356 369 
529 535 570 
350 375 400 
179 186 222 
362 387 406 
452 480 503 
141 178 203 
294 304 335 
501 513 545 
207 216 252 
51 76 107 
256 290 303 
134 149 180 
32 62 74 
3 33 69 
296 318 341 346 
172 200 208 
199 228 231 
526 551 574 
