495 763 15 72
1 64
2 34
2 44
2 62
3 45
4 43
4 65
5 35
5 40
6 60
7 47
7 48
8 50
8 66
9 47
9 49
10 59
10 61
11 64
12 39
12 40
12 61
13 44
13 45
14 64
15 50
16 35
16 50
17 41
17 58
18 38
18 49
19 58
20 65
21 36
22 36
22 37
23 48
24 60
25 60
26 52
26 63
27 42
27 48
28 65
29 51
29 54
29 56
29 60
30 53
31 46
31 60
32 49
32 57
33 48
33 55
34 87
34 98
35 76
35 95
36 69
36 91
36 99
37 85
37 99
38 68
38 76
39 67
39 75
40 72
40 80
40 99
41 74
41 97
42 75
43 78
43 90
44 70
44 85
45 68
46 67
47 78
47 86
48 68
48 89
49 75
50 82
51 76
51 92
52 87
52 93
53 68
53 77
54 71
54 73
54 84
54 99
55 67
56 74
57 84
58 68
58 88
59 94
60 75
60 79
61 68
62 96
62 99
63 80
64 83
64 92
65 89
66 81
66 96
67 100
67 124
68 107
68 120
69 102
70 111
71 102
71 118
72 101
72 109
72 119
73 122
74 108
74 119
74 122
75 107
75 116
76 103
77 100
77 106
77 112
78 123
79 112
79 118
79 123
80 114
81 131
81 104
82 114
82 115
82 119
83 108
84 114
85 105
85 120
85 124
86 130
86 118
86 120
86 121
87 100
87 101
87 116
88 104
89 129
89 103
89 127
90 129
91 102
91 110
91 123
92 113
92 118
93 132
93 118
94 124
95 117
96 131
97 119
97 125
98 128
99 128
99 131
99 126
100 154
100 162
101 150
102 146
102 165
103 160
104 158
105 149
106 156
106 158
106 163
107 133
107 136
107 161
108 134
108 155
109 134
109 136
110 145
110 164
111 136
111 159
111 164
112 164
113 144
113 158
114 154
114 158
115 139
115 145
115 156
116 141
116 148
117 137
117 138
117 159
118 144
118 153
119 145
120 161
121 138
121 143
122 139
122 147
123 146
124 134
124 152
125 136
125 140
125 151
126 145
126 146
126 157
127 135
127 142
128 151
129 142
130 136
130 139
131 142
132 149
132 154
132 157
133 172
134 178
134 194
135 190
136 179
137 196
138 179
139 172
139 183
139 193
140 177
141 173
142 188
143 168
144 181
144 189
145 195
145 198
146 167
147 188
148 169
149 185
149 192
150 166
151 180
151 189
152 167
153 168
154 183
155 183
156 167
156 182
157 176
158 167
159 187
159 197
160 168
160 175
161 174
161 191
162 171
162 186
163 170
164 184
165 168
166 227
167 203
168 211
169 209
169 217
170 199
170 202
170 206
170 224
171 226
171 227
172 210
172 213
172 215
173 205
173 217
174 224
174 229
175 218
175 219
176 203
176 225
177 220
177 230
178 214
178 231
179 208
180 203
181 207
181 223
182 209
182 217
183 230
184 200
185 201
186 209
187 201
187 221
188 223
189 219
190 212
191 227
191 228
192 199
192 204
192 216
193 200
193 222
194 219
195 200
196 217
197 199
198 199
199 254
200 255
201 255
202 260
202 235
203 256
204 244
205 264
206 261
207 236
207 243
207 252
208 258
208 240
208 241
209 257
209 264
210 259
210 247
210 249
211 234
212 237
212 254
213 244
214 261
215 252
216 262
216 241
217 263
217 253
218 233
218 251
219 238
219 248
220 260
221 250
222 241
223 261
224 234
225 242
225 250
226 241
227 245
227 246
228 256
229 254
230 252
231 232
231 239
232 297
233 294
234 268
234 281
235 280
235 287
235 288
236 272
237 282
237 291
237 296
238 267
239 296
240 276
240 283
241 269
241 277
241 290
242 295
243 274
244 275
245 295
246 271
247 289
247 293
248 266
249 285
249 289
250 268
251 277
251 279
252 284
253 273
253 284
254 288
255 284
256 267
256 278
257 287
258 287
259 292
260 279
261 270
261 286
261 288
262 267
263 265
263 273
264 266
265 308
265 312
266 313
267 308
267 310
267 324
268 310
268 319
268 321
269 311
269 322
269 329
270 305
270 318
270 324
271 299
271 304
272 307
273 309
274 330
275 303
275 304
276 301
277 309
277 320
278 299
278 300
278 326
279 298
279 317
280 318
281 315
282 314
282 325
283 324
284 306
284 327
285 300
286 315
287 298
287 301
287 327
288 314
289 309
290 324
291 304
292 323
293 325
294 327
295 316
295 321
295 326
295 330
296 302
296 319
297 328
298 353
299 335
300 334
301 343
302 349
303 346
303 357
303 362
304 356
305 344
306 339
306 358
307 342
308 348
308 350
309 339
309 355
310 348
311 348
312 337
312 354
313 359
314 359
315 352
315 354
316 351
317 340
317 345
318 357
319 333
319 354
320 359
321 359
322 338
323 341
323 361
324 332
324 363
325 336
326 335
327 360
328 331
329 347
330 335
331 382
332 364
333 364
334 377
335 371
336 377
336 379
337 393
337 368
338 384
338 375
339 365
339 378
340 386
340 371
341 380
342 395
343 388
343 391
344 391
344 394
345 392
346 376
347 384
347 370
348 366
349 366
349 374
350 376
351 376
352 387
352 383
353 389
354 390
354 367
355 396
355 369
355 370
355 375
356 373
357 376
358 375
359 385
360 385
360 372
360 381
361 382
362 387
363 373
364 401
365 412
365 419
366 398
367 397
367 426
368 411
369 412
370 407
370 412
370 420
370 424
371 410
372 401
373 405
374 411
375 418
376 406
377 404
378 428
379 399
379 412
379 428
380 415
381 402
381 403
382 408
382 429
383 405
383 422
384 416
385 406
385 414
386 413
386 428
387 400
388 416
389 404
389 425
390 398
390 427
391 409
391 417
392 426
393 416
394 406
395 423
396 405
396 421
397 456
398 432
398 460
399 449
399 451
400 435
400 447
401 442
402 451
403 453
404 450
405 436
405 447
406 453
407 438
408 431
408 461
409 443
410 442
410 445
410 447
411 444
411 445
411 446
411 450
411 457
412 430
412 436
413 453
413 457
414 453
414 462
415 443
416 454
416 456
417 448
418 432
419 433
419 445
420 440
421 440
422 444
422 445
423 434
424 432
424 437
424 453
425 445
426 437
426 458
427 434
427 441
427 452
427 459
428 448
428 455
429 439
429 450
429 457
430 466
430 471
431 489
432 468
432 486
432 493
433 477
434 479
434 487
435 485
436 469
437 467
437 472
437 493
437 494
438 473
438 474
438 480
439 479
440 481
440 491
441 481
442 465
442 476
442 484
443 489
444 476
445 465
446 463
446 465
446 495
447 470
447 472
447 480
448 468
449 473
449 487
449 492
450 467
451 467
451 479
451 482
452 465
452 476
452 490
453 463
454 466
454 482
454 487
455 464
455 475
455 486
456 485
456 488
456 489
457 464
457 467
457 493
458 478
458 480
458 483
458 485
459 484
460 466
460 475
460 482
461 475
461 480
462 487
1 2 3 4 5 6 7 8 9 10 11 12 13 14 15 16 17 18 19 20 21 22 23 24 25 26 27 28 29 30 31 32 33 
34 35 36 37 38 39 40 41 42 43 44 45 46 47 48 49 50 51 52 53 54 55 56 57 58 59 60 61 62 63 64 65 66 
67 68 69 70 71 72 73 74 75 76 77 78 79 80 81 82 83 84 85 86 87 88 89 90 91 92 93 94 95 96 97 98 99 
100 101 102 103 104 105 106 107 108 109 110 111 112 113 114 115 116 117 118 119 120 121 122 123 124 125 126 127 128 129 130 131 132 
133 134 135 136 137 138 139 140 141 142 143 144 145 146 147 148 149 150 151 152 153 154 155 156 157 158 159 160 161 162 163 164 165 
166 167 168 169 170 171 172 173 174 175 176 177 178 179 180 181 182 183 184 185 186 187 188 189 190 191 192 193 194 195 196 197 198 
199 200 201 202 203 204 205 206 207 208 209 210 211 212 213 214 215 216 217 218 219 220 221 222 223 224 225 226 227 228 229 230 231 
232 233 234 235 236 237 238 239 240 241 242 243 244 245 246 247 248 249 250 251 252 253 254 255 256 257 258 259 260 261 262 263 264 
265 266 267 268 269 270 271 272 273 274 275 276 277 278 279 280 281 282 283 284 285 286 287 288 289 290 291 292 293 294 295 296 297 
298 299 300 301 302 303 304 305 306 307 308 309 310 311 312 313 314 315 316 317 318 319 320 321 322 323 324 325 326 327 328 329 330 
331 332 333 334 335 336 337 338 339 340 341 342 343 344 345 346 347 348 349 350 351 352 353 354 355 356 357 358 359 360 361 362 363 
364 365 366 367 368 369 370 371 372 373 374 375 376 377 378 379 380 381 382 383 384 385 386 387 388 389 390 391 392 393 394 395 396 
397 398 399 400 401 402 403 404 405 406 407 408 409 410 411 412 413 414 415 416 417 418 419 420 421 422 423 424 425 426 427 428 429 
430 431 432 433 434 435 436 437 438 439 440 441 442 443 444 445 446 447 448 449 450 451 452 453 454 455 456 457 458 459 460 461 462 
463 464 465 466 467 468 469 470 471 472 473 474 475 476 477 478 479 480 481 482 483 484 485 486 487 488 489 490 491 492 493 494 495 
232 297 328 331 382 
34 98 128 
337 393 416 
375 418 432 
219 248 266 
324 332 364 
317 345 392 426 
159 197 199 
341 380 415 443 
295 316 351 376 
172 213 244 
59 94 124 
26 63 80 
121 143 168 
33 55 67 
125 140 177 
162 186 209 
261 286 315 
149 185 201 
171 226 241 
370 407 438 
117 137 196 217 
236 272 307 342 395 423 434 
367 397 456 
269 311 348 
150 166 227 
58 88 104 
400 435 485 
381 403 453 
237 291 304 
231 239 296 
339 378 428 
208 258 287 
173 205 264 
36 69 102 
235 280 318 
127 135 190 212 
300 334 377 
116 148 169 
216 262 267 
391 417 448 
106 163 170 
355 369 412 
233 294 327 
360 372 401 
270 305 344 
247 293 325 
408 431 489 
108 155 183 
145 195 200 
29 56 74 
349 374 411 
32 57 84 
429 439 479 
389 425 445 
27 42 75 
419 433 477 
210 259 292 323 
122 147 188 
43 90 129 
303 362 387 
396 421 440 
427 459 484 
414 462 487 
277 320 359 
174 229 254 
44 70 111 
240 276 301 
187 221 250 
191 228 256 
243 274 330 
151 180 203 
