560 794 28 97
1 31
2 35
3 39
4 27
4 30
5 24
5 32
6 31
7 29
8 33
9 22
10 27
11 33
12 23
13 26
13 28
13 37
14 33
14 34
15 21
16 26
16 38
17 23
18 36
19 25
20 35
20 40
21 58
22 55
23 45
23 59
24 55
25 56
26 58
26 60
27 43
27 55
27 57
28 42
29 48
30 49
30 54
31 52
31 53
31 54
32 51
33 51
34 51
35 47
36 48
37 41
37 50
37 54
38 46
39 44
40 53
41 64
42 74
43 62
43 73
44 72
45 68
45 76
46 79
47 63
47 71
47 72
48 63
49 69
50 75
50 78
51 63
52 74
53 66
53 80
54 61
54 69
55 67
56 77
57 73
58 64
58 65
58 79
59 79
60 70
61 95
62 89
62 97
63 89
64 87
65 82
66 96
67 81
67 91
68 82
69 99
70 85
71 89
72 88
72 94
73 90
74 92
75 82
76 86
77 84
77 98
77 100
78 93
79 83
80 89
81 103
82 103
83 106
83 112
84 111
84 113
85 105
86 119
87 104
88 109
89 112
90 101
90 109
90 110
91 115
92 120
93 111
93 114
94 108
95 108
96 109
97 109
97 116
97 118
98 107
98 117
99 102
100 110
101 140
102 135
103 129
103 131
104 132
104 133
105 126
106 132
106 121
107 127
108 125
109 122
110 128
110 126
111 136
112 124
113 123
114 137
115 139
116 125
117 137
118 134
119 130
120 138
121 160
122 144
122 148
123 156
124 148
125 142
125 150
125 154
126 156
127 141
127 147
127 159
128 146
128 155
129 145
130 159
131 160
132 143
132 144
133 151
133 156
134 160
135 145
135 151
136 150
136 158
137 153
138 149
138 154
139 152
140 148
140 157
141 174
141 177
142 162
142 179
143 173
143 177
144 175
145 162
146 163
146 173
146 176
147 171
147 179
148 171
148 172
149 169
150 167
150 180
151 171
151 179
152 165
152 168
153 167
154 168
154 170
154 177
155 171
155 177
156 161
156 171
157 166
157 178
158 164
158 171
159 173
160 176
161 182
161 195
162 186
162 198
163 197
164 183
164 188
164 196
165 200
166 185
166 192
166 194
167 189
167 193
168 191
169 181
169 193
169 200
170 197
171 184
172 199
173 196
174 190
175 191
176 182
177 186
178 187
178 196
179 197
180 193
181 217
181 219
182 212
182 213
183 203
184 206
184 208
185 210
185 215
186 210
186 218
187 203
187 206
188 214
189 205
189 207
190 215
190 217
191 201
191 203
191 204
192 211
193 213
193 216
194 203
195 206
196 202
196 209
197 207
197 213
198 213
199 216
199 220
200 202
200 206
201 231
202 225
203 232
204 228
204 229
204 240
205 235
206 221
207 227
208 226
208 227
209 233
210 230
211 227
212 236
212 237
213 225
214 224
214 225
215 234
216 239
216 240
217 232
218 222
218 223
218 238
219 231
220 222
221 257
221 258
222 257
222 248
223 241
224 241
224 245
225 243
225 251
226 241
226 245
227 260
228 259
229 256
229 244
229 254
230 260
230 246
230 249
231 255
232 243
233 243
234 250
235 242
236 253
237 247
238 247
239 252
240 260
241 277
242 279
243 264
243 279
244 266
245 264
245 270
246 280
247 261
247 268
247 272
248 271
248 278
249 269
249 271
249 273
250 264
251 264
252 277
253 274
253 275
253 276
254 267
255 276
256 261
256 262
256 263
257 263
258 265
259 276
260 263
261 295
261 300
262 293
263 285
263 287
264 281
264 293
265 293
266 297
267 282
268 283
268 299
269 298
270 293
271 284
271 292
272 294
273 290
274 296
275 290
276 291
277 286
278 291
279 288
279 289
279 290
280 282
281 320
282 301
282 302
282 315
283 312
283 314
284 316
285 307
285 311
285 312
286 307
287 301
287 310
288 303
288 313
288 320
289 312
289 320
290 307
291 301
291 319
292 307
293 308
293 317
294 302
294 304
294 308
295 302
295 307
296 305
296 306
296 312
297 316
297 318
298 307
298 309
299 318
300 314
301 325
302 322
302 323
302 327
303 328
304 329
305 330
306 340
307 336
307 339
308 340
309 326
309 332
309 335
310 321
310 333
311 340
312 329
313 326
314 333
315 331
315 338
316 327
317 338
318 329
318 337
319 333
320 324
320 334
321 344
321 350
321 351
322 345
322 347
323 349
324 357
325 341
326 348
327 349
328 345
328 355
328 356
329 343
329 358
330 353
331 349
332 346
333 349
334 359
335 346
336 341
336 352
337 357
337 360
338 343
339 349
339 354
340 342
341 368
342 365
343 363
344 371
344 372
345 365
345 370
346 362
347 361
347 377
348 369
349 378
350 372
350 380
351 369
352 373
353 374
353 379
354 366
354 378
355 364
355 372
356 367
356 374
357 363
357 376
358 363
358 378
359 375
360 365
361 384
362 392
363 390
364 386
364 388
365 398
366 396
366 400
367 389
367 382
367 383
368 381
369 393
370 382
371 385
372 400
373 391
373 397
374 399
375 400
376 395
377 387
378 400
379 392
380 384
380 394
381 417
382 416
383 405
384 410
385 401
386 402
387 404
387 412
388 413
389 415
390 409
390 411
390 416
390 420
391 414
392 410
393 418
394 406
395 408
395 419
396 407
397 403
397 415
398 410
399 410
400 402
401 440
402 425
402 436
402 438
403 433
404 423
404 438
405 421
406 430
406 437
407 432
408 429
408 439
409 431
410 431
411 430
412 428
413 422
413 426
413 434
414 431
415 422
416 427
417 438
418 424
418 428
419 422
420 432
420 435
421 447
421 452
422 458
423 444
424 444
425 443
425 446
425 449
426 442
426 445
427 444
427 453
427 457
428 447
428 460
429 447
430 454
431 441
432 456
433 448
433 451
434 455
435 444
436 447
437 444
438 450
439 459
440 458
441 466
441 475
442 463
442 479
443 478
444 467
445 469
446 475
447 479
448 471
449 462
449 468
450 476
450 480
451 478
452 467
453 463
454 461
455 465
455 474
455 478
456 470
456 472
457 467
458 462
458 477
459 464
459 479
460 463
460 466
460 473
461 496
462 485
463 489
463 490
464 483
464 497
465 494
466 500
467 488
468 498
469 486
470 491
471 492
472 493
473 491
474 481
474 494
475 482
475 487
475 499
476 494
476 500
477 488
477 495
478 484
478 486
479 497
479 498
480 497
481 515
481 520
482 517
482 504
483 509
484 519
484 511
485 501
485 508
486 516
487 515
487 508
488 509
488 510
489 513
489 516
489 506
490 509
491 514
492 512
493 510
494 513
494 507
495 503
496 515
496 518
497 510
498 503
498 505
499 502
499 505
500 503
501 532
502 529
503 531
504 526
504 531
505 524
506 525
506 527
507 528
507 540
508 540
509 524
509 532
510 530
510 534
510 537
511 522
511 528
512 523
512 530
512 533
513 531
514 535
515 539
516 538
517 531
518 536
519 528
520 521
520 523
521 547
522 560
523 543
524 549
525 548
525 552
526 541
527 542
527 550
528 544
529 547
529 552
529 555
530 557
531 541
532 557
533 556
534 545
535 542
535 559
536 551
537 541
538 546
538 554
539 553
540 556
540 558
1 2 3 4 5 6 7 8 9 10 11 12 13 14 15 16 17 18 19 20 
21 22 23 24 25 26 27 28 29 30 31 32 33 34 35 36 37 38 39 40 
41 42 43 44 45 46 47 48 49 50 51 52 53 54 55 56 57 58 59 60 
61 62 63 64 65 66 67 68 69 70 71 72 73 74 75 76 77 78 79 80 
81 82 83 84 85 86 87 88 89 90 91 92 93 94 95 96 97 98 99 100 
101 102 103 104 105 106 107 108 109 110 111 112 113 114 115 116 117 118 119 120 
121 122 123 124 125 126 127 128 129 130 131 132 133 134 135 136 137 138 139 140 
141 142 143 144 145 146 147 148 149 150 151 152 153 154 155 156 157 158 159 160 
161 162 163 164 165 166 167 168 169 170 171 172 173 174 175 176 177 178 179 180 
181 182 183 184 185 186 187 188 189 190 191 192 193 194 195 196 197 198 199 200 
201 202 203 204 205 206 207 208 209 210 211 212 213 214 215 216 217 218 219 220 
221 222 223 224 225 226 227 228 229 230 231 232 233 234 235 236 237 238 239 240 
241 242 243 244 245 246 247 248 249 250 251 252 253 254 255 256 257 258 259 260 
261 262 263 264 265 266 267 268 269 270 271 272 273 274 275 276 277 278 279 280 
281 282 283 284 285 286 287 288 289 290 291 292 293 294 295 296 297 298 299 300 
301 302 303 304 305 306 307 308 309 310 311 312 313 314 315 316 317 318 319 320 
321 322 323 324 325 326 327 328 329 330 331 332 333 334 335 336 337 338 339 340 
341 342 343 344 345 346 347 348 349 350 351 352 353 354 355 356 357 358 359 360 
361 362 363 364 365 366 367 368 369 370 371 372 373 374 375 376 377 378 379 380 
381 382 383 384 385 386 387 388 389 390 391 392 393 394 395 396 397 398 399 400 
401 402 403 404 405 406 407 408 409 410 411 412 413 414 415 416 417 418 419 420 
421 422 423 424 425 426 427 428 429 430 431 432 433 434 435 436 437 438 439 440 
441 442 443 444 445 446 447 448 449 450 451 452 453 454 455 456 457 458 459 460 
461 462 463 464 465 466 467 468 469 470 471 472 473 474 475 476 477 478 479 480 
481 482 483 484 485 486 487 488 489 490 491 492 493 494 495 496 497 498 499 500 
501 502 503 504 505 506 507 508 509 510 511 512 513 514 515 516 517 518 519 520 
521 522 523 524 525 526 527 528 529 530 531 532 533 534 535 536 537 538 539 540 
541 542 543 544 545 546 547 548 549 550 551 552 553 554 555 556 557 558 559 560 
433 448 471 492 512 
98 117 137 
67 91 115 139 152 
504 526 541 
230 246 280 282 
196 209 233 243 
430 454 461 496 
97 116 125 
346 362 392 
427 453 463 
90 101 140 
294 304 329 
15 21 58 
337 360 365 
72 88 109 
485 501 532 
99 102 135 
9 22 55 
212 237 247 
296 305 330 353 
25 56 77 
406 437 444 
154 170 197 
321 351 369 
359 375 400 
341 368 381 417 438 
472 493 510 
258 265 293 
50 75 82 
45 76 86 119 130 159 
23 59 79 
484 519 528 
26 60 70 85 105 126 
271 292 307 
371 385 401 440 458 
199 220 222 
28 42 74 
374 399 410 
364 386 402 
421 452 467 
390 409 431 
499 502 529 
189 205 235 242 279 
191 201 231 
285 311 340 
449 468 498 
408 439 459 
166 192 211 227 
491 514 535 
30 49 69 
225 251 264 
20 40 53 
520 521 547 
387 412 428 
347 361 384 
464 483 509 
367 389 415 
291 319 333 
450 480 497 
302 323 349 
218 223 241 
27 57 73 
164 188 214 
413 434 455 
253 275 290 
482 517 531 
112 124 148 
426 445 469 486 
103 131 160 
47 71 89 
261 300 314 
244 266 297 
150 180 193 
395 419 422 
515 539 553 
84 113 123 156 
14 34 51 
511 522 560 
61 95 108 
141 174 190 
518 536 551 
64 87 104 
138 149 169 
288 313 326 
162 198 213 
345 370 382 
268 299 318 
396 407 432 
7 29 48 
425 446 475 
204 228 259 276 
239 252 277 
320 324 357 
477 495 503 
336 352 373 
249 269 298 
161 195 206 
