320 424 20 58
1 17
2 23
3 24
4 22
5 23
5 25
6 28
7 28
8 30
8 31
9 26
9 27
10 29
11 32
11 18
11 21
12 20
12 28
13 28
14 30
15 19
16 29
17 36
18 35
18 43
19 33
19 39
19 47
20 46
21 36
22 41
23 42
24 35
24 38
24 42
25 40
25 48
26 37
27 34
27 45
28 44
29 45
30 36
31 37
32 35
33 64
33 49
34 54
35 52
36 58
37 55
37 60
38 62
39 61
40 58
41 64
41 53
42 59
43 57
44 57
45 62
46 51
46 56
47 63
48 50
48 57
49 69
49 70
49 76
50 66
51 80
52 71
52 73
53 68
54 78
55 70
56 79
57 80
58 75
59 77
60 70
61 74
62 67
63 67
64 65
64 72
64 79
65 85
66 84
67 88
68 91
69 88
69 94
70 92
70 93
70 95
71 90
72 96
73 91
74 82
74 86
75 81
75 93
76 87
77 83
77 95
78 95
79 95
80 89
81 99
81 109
82 108
83 109
84 104
84 107
85 105
85 111
86 106
87 105
88 107
89 97
90 103
90 111
91 97
92 97
92 108
93 110
94 102
94 109
94 112
95 101
96 97
96 98
96 100
97 121
97 122
98 115
99 114
100 118
101 125
102 119
103 128
103 124
104 113
105 116
106 120
106 125
107 114
108 128
108 126
108 127
109 114
109 123
110 115
111 113
111 116
111 117
112 118
113 130
114 134
114 136
115 132
116 134
116 140
116 144
117 141
117 142
118 138
119 139
120 138
121 131
121 143
122 134
123 131
124 133
124 137
125 142
126 129
126 135
127 144
128 138
129 147
130 145
131 146
131 149
132 160
132 148
133 146
133 157
134 150
134 159
135 153
136 158
137 152
138 151
138 154
139 152
140 156
141 159
142 155
143 147
144 152
145 166
146 163
146 171
147 167
147 175
148 161
149 162
150 165
150 168
151 175
152 161
153 173
154 176
155 170
155 176
156 171
156 172
157 169
157 174
158 164
159 166
160 166
161 185
161 189
162 181
163 186
164 177
164 183
165 186
166 182
166 191
167 179
167 188
168 177
169 178
169 185
170 185
171 192
172 188
173 184
173 186
174 180
175 187
175 190
176 185
177 201
177 202
178 199
179 194
179 207
180 197
181 202
181 203
182 205
183 202
184 200
185 208
186 195
187 205
188 204
189 194
190 193
191 205
192 196
192 198
192 206
193 212
194 214
195 216
196 220
197 219
198 216
199 217
200 209
201 224
201 211
201 212
202 210
202 221
203 211
204 215
205 220
205 222
206 213
207 223
208 218
208 223
209 240
210 227
211 226
211 238
212 231
213 229
214 236
215 239
216 234
217 236
218 226
218 235
219 228
219 231
220 237
221 233
222 232
223 225
223 230
224 240
225 252
226 244
226 255
227 247
227 248
228 241
228 253
228 254
229 245
230 245
231 246
231 249
232 245
233 245
234 256
234 243
235 247
236 242
236 251
237 242
238 245
239 243
240 250
241 262
241 264
242 261
242 266
242 272
243 259
243 266
244 257
245 269
246 264
247 272
248 267
248 270
249 270
250 264
251 263
252 258
252 265
253 268
254 257
254 260
255 263
256 263
256 271
257 286
258 282
259 277
259 285
260 274
260 281
261 282
262 288
263 286
264 276
264 286
265 273
265 279
266 274
267 278
267 280
268 275
269 284
270 275
271 273
271 287
272 283
273 299
273 302
274 291
274 294
274 295
275 294
276 290
276 297
277 293
278 289
279 289
280 289
281 299
282 303
283 294
283 296
283 298
284 303
285 297
286 297
286 304
287 292
287 300
288 301
289 316
290 311
291 305
292 310
293 315
294 307
294 319
295 311
296 309
296 313
297 311
298 310
298 317
299 306
299 308
300 312
301 320
302 307
302 314
302 318
303 312
304 312
1 2 3 4 5 6 7 8 9 10 11 12 13 14 15 16 
17 18 19 20 21 22 23 24 25 26 27 28 29 30 31 32 
33 34 35 36 37 38 39 40 41 42 43 44 45 46 47 48 
49 50 51 52 53 54 55 56 57 58 59 60 61 62 63 64 
65 66 67 68 69 70 71 72 73 74 75 76 77 78 79 80 
81 82 83 84 85 86 87 88 89 90 91 92 93 94 95 96 
97 98 99 100 101 102 103 104 105 106 107 108 109 110 111 112 
113 114 115 116 117 118 119 120 121 122 123 124 125 126 127 128 
129 130 131 132 133 134 135 136 137 138 139 140 141 142 143 144 
145 146 147 148 149 150 151 152 153 154 155 156 157 158 159 160 
161 162 163 164 165 166 167 168 169 170 171 172 173 174 175 176 
177 178 179 180 181 182 183 184 185 186 187 188 189 190 191 192 
193 194 195 196 197 198 199 200 201 202 203 204 205 206 207 208 
209 210 211 212 213 214 215 216 217 218 219 220 221 222 223 224 
225 226 227 228 229 230 231 232 233 234 235 236 237 238 239 240 
241 242 243 244 245 246 247 248 249 250 251 252 253 254 255 256 
257 258 259 260 261 262 263 264 265 266 267 268 269 270 271 272 
273 274 275 276 277 278 279 280 281 282 283 284 285 286 287 288 
289 290 291 292 293 294 295 296 297 298 299 300 301 302 303 304 
305 306 307 308 309 310 311 312 313 314 315 316 317 318 319 320 
116 140 156 
96 100 118 
130 145 166 
19 39 61 74 
253 268 275 
226 255 263 
206 213 229 245 
77 83 109 
220 237 242 
135 153 173 
175 190 193 212 
53 68 91 
174 180 197 219 
241 262 288 301 320 
119 139 152 
181 203 211 
8 31 37 
194 214 236 
1 17 36 
218 235 247 
286 304 312 
252 258 282 
267 278 289 
146 163 186 
64 65 85 
46 51 80 
50 66 84 
155 170 185 
28 44 57 
200 209 240 
27 34 54 78 95 
231 246 264 
204 215 239 243 
259 277 293 315 
93 110 115 
114 136 158 164 
274 291 305 
4 22 41 
126 129 147 
108 127 144 
24 38 62 
49 76 87 105 
138 154 176 
52 71 90 
132 148 161 
202 210 227 
192 198 216 
25 40 58 
117 141 159 
260 281 299 
179 207 223 
276 290 311 
11 32 35 
150 168 177 
287 292 310 
47 63 67 
97 122 134 
269 284 303 
