560 947 16 74
1 59
2 55
3 43
3 53
4 38
5 45
5 69
6 36
6 43
7 55
8 51
9 49
9 56
10 69
11 61
11 67
12 48
13 51
14 54
14 62
15 50
16 64
17 65
17 67
18 47
18 66
19 46
20 60
21 70
22 60
23 63
24 58
24 68
25 42
26 48
27 39
28 62
29 57
30 40
31 44
32 41
33 52
34 41
35 37
36 81
36 83
36 100
37 90
38 75
38 77
38 85
39 78
39 94
40 94
40 95
40 103
41 80
41 89
41 99
42 78
43 76
44 89
44 93
44 97
44 101
45 88
46 77
46 84
46 93
47 75
47 99
47 104
48 71
49 73
49 105
50 78
50 83
50 84
51 90
51 96
51 104
52 75
52 96
53 104
54 87
55 97
56 81
56 89
56 98
57 75
57 77
57 104
58 78
59 79
59 86
59 87
60 74
60 90
61 84
62 82
62 104
63 91
63 94
64 76
64 98
65 102
66 93
67 72
67 95
67 98
68 78
68 103
69 91
70 78
70 92
70 95
71 135
71 110
72 133
73 134
73 113
73 121
74 114
75 133
76 132
76 120
77 138
78 128
79 125
80 110
80 117
80 125
81 130
81 133
82 128
82 133
83 139
83 110
83 123
84 108
84 118
85 113
86 122
87 132
87 107
87 125
88 131
88 112
88 121
89 126
89 127
90 130
90 133
90 113
91 130
92 108
92 119
93 111
93 116
94 109
95 128
95 130
96 129
97 106
97 123
98 136
98 137
98 140
98 124
99 135
100 114
100 115
101 127
102 126
103 135
103 108
103 116
104 109
105 138
105 121
105 125
106 166
107 161
108 175
109 149
109 150
110 165
111 156
112 141
113 155
113 168
113 175
114 159
115 162
116 148
116 152
116 154
117 147
118 157
119 166
120 142
121 167
122 170
123 164
124 147
124 158
124 171
125 142
125 169
126 145
126 153
127 173
128 141
129 143
129 163
130 154
131 144
131 172
132 167
133 152
134 173
135 156
136 152
137 146
138 151
139 146
140 156
140 160
140 174
141 196
141 200
141 204
141 206
142 184
142 187
142 188
143 185
143 194
144 182
144 208
145 182
145 184
145 198
145 210
146 189
147 179
147 190
147 195
148 199
148 203
149 192
150 186
150 209
151 184
151 191
151 197
151 205
152 184
153 188
153 196
153 207
154 198
154 200
154 203
154 205
155 181
155 198
156 204
157 188
158 176
158 177
158 183
159 198
159 204
159 205
159 209
160 176
160 198
161 194
161 197
161 198
161 208
162 181
162 184
162 196
163 180
163 196
163 203
163 204
164 177
164 180
165 178
165 187
165 189
165 192
166 182
166 205
166 206
167 179
167 184
167 189
167 210
168 180
168 195
168 202
168 208
169 179
169 194
169 201
169 207
170 182
170 191
171 188
171 193
171 195
171 210
172 181
172 193
173 193
173 195
173 208
174 184
174 195
174 197
174 207
175 197
175 208
176 228
177 213
177 241
178 216
178 244
179 228
180 239
181 219
182 217
182 222
182 229
183 219
184 220
185 214
186 236
187 231
188 212
188 228
188 243
189 217
189 233
190 235
191 221
191 236
192 223
192 245
193 222
194 217
195 241
196 224
196 232
196 238
197 230
197 240
198 241
199 215
200 241
201 217
202 234
202 242
203 235
204 225
205 224
206 228
207 226
208 237
208 242
209 227
210 211
210 218
210 242
211 250
212 263
212 275
212 250
213 277
214 271
215 263
215 268
216 247
216 252
217 251
218 267
219 279
219 280
219 248
220 270
220 271
220 275
221 277
221 278
222 269
222 253
223 258
223 259
223 271
224 270
224 253
225 273
225 255
226 263
226 272
227 263
227 246
228 263
228 255
229 260
229 265
229 274
230 263
230 268
231 257
231 248
232 246
233 256
234 256
234 274
235 275
235 254
236 259
236 263
237 278
238 262
238 263
239 278
240 266
240 252
241 249
242 264
243 259
243 261
243 280
244 266
244 268
244 275
245 268
245 276
246 284
247 301
248 295
249 307
250 284
250 292
251 308
252 294
253 301
253 302
253 304
254 284
255 285
256 306
257 305
258 281
258 315
259 281
259 289
260 283
261 296
262 305
263 312
264 300
265 291
266 281
267 287
268 294
269 309
270 283
271 310
271 314
272 281
273 288
273 293
274 303
275 282
275 295
275 311
276 286
276 303
277 290
277 313
278 312
279 299
279 301
280 297
280 298
281 326
281 329
281 338
282 325
282 336
283 316
284 340
284 344
284 348
285 348
286 345
286 350
287 337
288 350
289 331
290 317
291 320
291 350
292 316
293 341
294 349
295 343
296 344
297 341
298 348
298 350
299 327
299 344
300 337
300 350
301 323
301 333
302 324
302 326
303 332
303 339
304 329
304 339
305 339
306 321
306 328
306 350
307 330
307 347
308 335
308 342
309 346
310 319
311 348
312 322
312 349
313 327
313 334
313 336
314 318
315 328
316 376
317 364
318 361
318 369
319 364
320 373
321 379
322 356
323 355
324 368
324 378
325 356
326 384
326 365
327 355
327 375
328 362
329 366
330 360
330 371
331 354
331 356
332 352
332 367
332 374
333 353
334 362
334 383
335 358
336 365
337 360
338 372
338 380
339 356
339 381
340 351
340 362
341 379
342 357
342 382
343 359
343 376
344 385
345 367
346 355
347 363
348 370
349 365
350 377
351 391
351 398
352 394
352 398
353 419
354 409
355 419
356 393
356 411
357 388
358 402
358 412
359 393
360 402
361 401
361 404
362 386
363 409
363 417
364 396
364 407
365 414
365 416
366 389
366 412
367 399
368 415
368 419
369 405
370 396
370 405
371 398
371 410
372 398
373 390
373 406
374 386
374 418
375 387
375 403
376 399
377 396
377 397
378 408
379 400
379 407
379 420
380 387
381 392
381 395
382 407
383 413
384 406
384 420
385 389
385 407
386 439
387 442
387 455
388 427
389 426
389 444
390 441
390 454
391 438
391 447
392 431
392 446
392 447
393 435
393 448
394 424
394 454
395 426
395 453
396 421
396 446
397 431
397 434
398 448
398 453
399 450
400 440
400 454
401 429
401 448
402 439
402 451
403 429
403 432
404 449
405 422
405 444
406 428
406 454
407 426
408 448
409 442
410 432
410 439
411 425
411 436
411 451
412 430
412 437
412 443
413 430
414 433
414 445
415 452
415 453
416 423
417 447
418 440
418 444
419 426
420 438
420 441
420 446
421 488
422 460
423 456
423 483
424 468
425 480
426 478
427 458
427 468
427 490
428 485
429 470
429 487
430 482
431 464
431 468
431 477
432 457
432 473
433 472
434 466
435 476
436 474
437 474
438 456
439 469
440 459
441 472
441 486
442 482
443 480
444 469
445 467
446 489
447 459
447 463
448 461
448 474
449 475
450 479
450 481
451 489
452 484
453 465
454 462
454 471
455 476
456 513
456 496
456 508
457 523
458 518
458 509
459 520
459 525
459 492
459 498
460 516
460 496
460 498
461 518
461 492
461 496
462 501
463 515
463 494
463 499
464 520
464 521
464 525
464 504
465 513
465 498
465 505
465 511
466 512
466 506
467 500
468 496
469 516
469 520
469 524
469 525
470 497
471 493
471 495
471 503
471 508
472 523
472 494
472 511
473 524
473 492
473 493
473 511
474 513
474 520
474 524
474 495
475 524
475 496
475 510
476 514
476 502
477 523
478 523
478 524
478 496
478 502
479 514
479 522
479 498
479 505
480 520
480 492
481 497
481 498
481 502
482 514
482 525
482 501
482 510
483 517
483 502
483 504
484 497
484 502
484 510
485 509
486 491
487 507
488 519
488 492
488 495
488 502
489 505
490 524
490 525
490 494
490 505
491 555
491 557
491 559
492 527
492 554
493 528
494 527
494 530
494 560
495 527
495 535
495 547
495 558
496 534
496 535
496 556
497 555
498 547
499 528
500 537
500 543
500 553
501 529
501 540
501 551
501 552
502 530
502 534
502 550
503 529
504 531
504 536
504 541
505 531
505 546
506 533
507 529
508 546
508 556
509 542
509 552
509 559
510 548
511 547
511 551
511 557
512 532
512 542
513 526
513 534
513 535
513 548
514 526
514 534
514 546
514 549
515 538
515 540
515 546
515 555
516 526
516 527
516 534
516 556
517 539
517 540
517 543
517 554
518 556
518 558
519 544
519 555
520 533
520 537
520 539
520 542
521 526
521 538
521 544
521 552
522 545
522 548
522 557
523 533
523 545
523 549
523 554
524 534
525 532
525 544
525 554
1 2 3 4 5 6 7 8 9 10 11 12 13 14 15 16 17 18 19 20 21 22 23 24 25 26 27 28 29 30 31 32 33 34 35 
36 37 38 39 40 41 42 43 44 45 46 47 48 49 50 51 52 53 54 55 56 57 58 59 60 61 62 63 64 65 66 67 68 69 70 
71 72 73 74 75 76 77 78 79 80 81 82 83 84 85 86 87 88 89 90 91 92 93 94 95 96 97 98 99 100 101 102 103 104 105 
106 107 108 109 110 111 112 113 114 115 116 117 118 119 120 121 122 123 124 125 126 127 128 129 130 131 132 133 134 135 136 137 138 139 140 
141 142 143 144 145 146 147 148 149 150 151 152 153 154 155 156 157 158 159 160 161 162 163 164 165 166 167 168 169 170 171 172 173 174 175 
176 177 178 179 180 181 182 183 184 185 186 187 188 189 190 191 192 193 194 195 196 197 198 199 200 201 202 203 204 205 206 207 208 209 210 
211 212 213 214 215 216 217 218 219 220 221 222 223 224 225 226 227 228 229 230 231 232 233 234 235 236 237 238 239 240 241 242 243 244 245 
246 247 248 249 250 251 252 253 254 255 256 257 258 259 260 261 262 263 264 265 266 267 268 269 270 271 272 273 274 275 276 277 278 279 280 
281 282 283 284 285 286 287 288 289 290 291 292 293 294 295 296 297 298 299 300 301 302 303 304 305 306 307 308 309 310 311 312 313 314 315 
316 317 318 319 320 321 322 323 324 325 326 327 328 329 330 331 332 333 334 335 336 337 338 339 340 341 342 343 344 345 346 347 348 349 350 
351 352 353 354 355 356 357 358 359 360 361 362 363 364 365 366 367 368 369 370 371 372 373 374 375 376 377 378 379 380 381 382 383 384 385 
386 387 388 389 390 391 392 393 394 395 396 397 398 399 400 401 402 403 404 405 406 407 408 409 410 411 412 413 414 415 416 417 418 419 420 
421 422 423 424 425 426 427 428 429 430 431 432 433 434 435 436 437 438 439 440 441 442 443 444 445 446 447 448 449 450 451 452 453 454 455 
456 457 458 459 460 461 462 463 464 465 466 467 468 469 470 471 472 473 474 475 476 477 478 479 480 481 482 483 484 485 486 487 488 489 490 
491 492 493 494 495 496 497 498 499 500 501 502 503 504 505 506 507 508 509 510 511 512 513 514 515 516 517 518 519 520 521 522 523 524 525 
526 527 528 529 530 531 532 533 534 535 536 537 538 539 540 541 542 543 544 545 546 547 548 549 550 551 552 553 554 555 556 557 558 559 560 
231 257 305 
218 267 287 337 
282 325 356 
412 437 474 
387 455 476 
383 413 430 
93 111 156 
180 239 278 
301 333 353 419 
411 425 480 
235 254 284 
378 408 448 
471 503 529 
466 506 533 
189 233 256 
394 424 468 
87 107 161 
17 65 102 126 
226 272 281 
331 354 409 
431 477 523 
463 499 528 
44 101 127 
210 211 250 
3 53 104 
406 428 485 509 
273 293 341 
396 421 488 
60 74 114 
150 186 236 
109 149 192 
84 118 157 188 
286 345 367 
445 467 500 
307 347 363 
310 319 364 
73 134 173 
308 335 358 
5 45 88 
271 314 318 
258 315 328 
415 452 484 
342 357 388 427 
306 321 379 
404 449 475 
291 320 373 
429 470 497 
35 37 90 
243 261 296 344 
255 285 348 
196 232 246 
98 137 146 
92 119 166 
222 269 309 346 355 
24 58 78 
59 86 122 170 
365 416 423 
454 462 501 
229 260 283 
38 85 113 
76 120 142 
441 486 491 
67 72 133 
242 264 300 
343 359 393 
80 117 147 
148 199 215 
158 183 219 
177 213 277 
414 433 472 
338 372 398 
169 201 217 
100 115 162 
405 422 460 
