435 703 15 62
1 39
2 54
3 35
4 55
5 52
5 57
6 35
6 49
7 40
8 32
9 31
10 57
11 47
11 53
12 35
12 38
13 50
13 58
14 42
14 57
15 34
15 47
16 31
16 48
17 33
18 36
18 58
19 37
19 49
19 56
20 46
20 57
21 33
22 30
22 54
23 34
23 44
24 43
24 51
25 34
26 34
26 41
27 40
27 45
28 30
29 30
29 44
30 74
31 60
31 61
31 78
32 59
32 64
32 77
33 68
33 82
33 83
34 68
35 60
35 71
36 72
37 60
37 69
37 81
38 63
38 87
39 62
39 81
39 82
40 65
40 84
40 86
41 70
41 80
41 83
42 60
42 73
43 59
43 60
43 70
44 67
45 66
45 70
46 70
47 65
47 69
47 75
47 85
48 68
48 77
49 69
50 73
50 75
51 72
52 79
53 59
53 74
53 80
54 77
54 81
54 82
55 61
55 80
56 76
57 68
57 76
58 65
58 86
59 90
59 110
60 96
61 88
62 92
63 90
64 115
65 103
66 89
67 92
67 97
67 105
67 111
68 96
68 100
69 95
69 101
69 106
70 94
71 92
72 114
73 104
73 108
74 101
75 112
75 116
76 96
77 102
78 101
79 104
80 98
81 92
81 109
82 93
83 98
84 91
84 97
84 113
85 94
86 95
86 99
87 107
88 145
89 139
90 122
91 138
92 131
93 134
94 121
95 126
96 129
96 131
96 124
97 119
98 139
98 145
98 120
99 132
99 135
100 123
101 141
101 142
102 132
103 117
104 130
104 133
105 140
106 138
107 144
107 127
108 123
109 139
110 141
111 132
112 127
113 136
113 140
114 143
114 125
115 128
115 137
116 118
116 127
117 147
117 162
118 156
119 162
120 174
121 150
121 153
122 150
123 148
124 155
124 171
125 160
125 169
126 172
127 158
127 166
128 154
128 170
129 164
130 151
130 152
131 146
131 167
132 160
133 163
134 149
135 159
136 167
137 171
138 160
138 165
139 168
139 171
140 167
141 160
141 161
142 157
142 173
143 150
144 159
145 171
146 178
147 196
148 183
148 191
149 177
150 176
150 178
150 193
151 185
152 189
152 199
153 175
153 198
154 187
155 195
155 201
156 187
157 180
158 176
158 188
159 200
160 194
161 178
162 182
162 200
163 186
164 199
165 181
166 187
166 197
167 199
167 200
168 184
168 202
169 178
170 180
170 184
171 176
171 198
172 190
173 192
173 203
174 179
174 186
174 202
175 223
176 219
177 216
177 221
177 229
178 214
178 220
179 216
180 211
181 212
181 215
182 225
183 209
184 226
185 228
186 225
187 231
188 230
189 208
189 225
190 218
191 206
192 227
193 210
194 231
195 205
195 231
196 206
196 224
197 206
197 216
197 217
198 232
199 204
199 222
200 207
201 225
202 213
203 223
204 257
204 261
204 233
205 257
205 248
206 239
207 257
208 258
208 233
209 234
209 246
209 253
210 260
210 244
210 245
211 260
212 258
212 249
213 260
214 240
215 260
215 237
215 250
216 238
216 243
217 239
218 234
218 235
219 256
219 255
220 239
221 237
222 234
222 236
222 237
223 256
223 253
224 241
224 251
225 253
226 260
226 252
226 254
227 235
227 237
228 233
228 235
228 242
228 247
229 259
229 239
230 251
231 256
231 257
232 258
232 253
233 277
233 279
233 287
234 264
234 269
234 284
234 286
235 262
235 263
235 266
236 273
237 266
238 264
238 267
239 272
239 282
240 283
240 286
241 275
241 276
241 278
242 264
243 262
243 268
243 280
243 289
244 270
245 286
246 269
246 285
247 267
247 281
248 274
248 275
248 290
249 262
249 268
250 266
251 267
251 285
252 272
252 288
253 276
253 286
254 266
255 276
256 286
257 265
258 264
258 266
258 271
259 288
260 270
260 272
260 278
261 273
262 296
263 298
263 300
264 316
265 302
266 304
266 312
266 319
267 309
267 318
268 301
268 306
268 316
268 317
269 299
269 308
270 292
271 299
271 310
272 303
273 293
273 304
273 315
274 312
275 297
275 299
275 302
275 304
276 296
276 299
276 312
276 316
277 292
278 316
279 295
279 297
279 303
279 313
280 292
280 307
280 317
281 292
281 293
281 294
282 291
282 313
283 292
283 296
283 304
284 306
284 314
285 311
286 292
286 312
287 291
287 313
288 292
288 295
288 299
288 300
289 291
289 296
289 299
290 298
290 305
291 340
291 345
292 324
292 347
293 347
294 321
294 327
295 334
296 347
297 323
298 321
298 344
299 326
299 331
300 321
300 335
301 338
302 332
303 348
304 341
304 342
305 321
305 329
305 339
306 336
307 346
308 328
309 335
310 329
310 347
311 343
312 325
312 337
313 321
314 320
314 329
314 333
315 330
315 341
316 322
316 334
317 336
317 340
318 339
318 348
319 342
320 354
320 360
321 360
321 377
322 370
323 369
324 352
324 354
324 362
324 371
325 364
325 367
325 377
326 356
327 360
327 363
328 360
329 371
329 373
330 366
330 376
331 355
332 368
333 356
334 363
335 371
336 358
337 357
337 359
338 350
338 354
338 367
339 368
339 372
340 354
341 366
341 373
342 351
342 371
343 363
343 377
344 361
344 366
345 349
345 351
345 353
345 369
345 374
346 365
347 375
348 359
348 373
349 393
349 400
349 378
350 402
351 386
351 393
351 405
352 400
352 402
352 404
352 382
353 388
353 396
353 378
354 386
354 390
354 400
355 396
355 399
355 380
356 386
357 384
357 379
358 399
358 380
359 390
359 381
360 386
360 387
360 396
360 400
361 385
361 399
361 380
362 391
362 401
363 396
363 380
363 383
364 386
364 382
365 395
366 388
366 403
367 395
367 405
367 381
368 389
368 400
368 382
369 397
370 399
370 401
371 384
371 386
371 390
371 394
372 387
372 389
372 393
373 392
374 400
374 406
375 391
375 402
376 388
376 398
376 381
377 380
378 414
379 409
380 413
381 410
382 426
382 429
383 417
384 414
385 424
386 416
386 423
387 414
387 415
387 428
388 408
388 417
389 416
390 407
390 418
391 409
392 407
393 412
393 421
393 427
394 415
395 411
395 415
395 419
396 409
396 412
396 434
397 430
397 435
398 431
399 433
400 432
401 425
401 429
402 420
403 410
404 422
405 410
406 431
1 2 3 4 5 6 7 8 9 10 11 12 13 14 15 16 17 18 19 20 21 22 23 24 25 26 27 28 29 
30 31 32 33 34 35 36 37 38 39 40 41 42 43 44 45 46 47 48 49 50 51 52 53 54 55 56 57 58 
59 60 61 62 63 64 65 66 67 68 69 70 71 72 73 74 75 76 77 78 79 80 81 82 83 84 85 86 87 
88 89 90 91 92 93 94 95 96 97 98 99 100 101 102 103 104 105 106 107 108 109 110 111 112 113 114 115 116 
117 118 119 120 121 122 123 124 125 126 127 128 129 130 131 132 133 134 135 136 137 138 139 140 141 142 143 144 145 
146 147 148 149 150 151 152 153 154 155 156 157 158 159 160 161 162 163 164 165 166 167 168 169 170 171 172 173 174 
175 176 177 178 179 180 181 182 183 184 185 186 187 188 189 190 191 192 193 194 195 196 197 198 199 200 201 202 203 
204 205 206 207 208 209 210 211 212 213 214 215 216 217 218 219 220 221 222 223 224 225 226 227 228 229 230 231 232 
233 234 235 236 237 238 239 240 241 242 243 244 245 246 247 248 249 250 251 252 253 254 255 256 257 258 259 260 261 
262 263 264 265 266 267 268 269 270 271 272 273 274 275 276 277 278 279 280 281 282 283 284 285 286 287 288 289 290 
291 292 293 294 295 296 297 298 299 300 301 302 303 304 305 306 307 308 309 310 311 312 313 314 315 316 317 318 319 
320 321 322 323 324 325 326 327 328 329 330 331 332 333 334 335 336 337 338 339 340 341 342 343 344 345 346 347 348 
349 350 351 352 353 354 355 356 357 358 359 360 361 362 363 364 365 366 367 368 369 370 371 372 373 374 375 376 377 
378 379 380 381 382 383 384 385 386 387 388 389 390 391 392 393 394 395 396 397 398 399 400 401 402 403 404 405 406 
407 408 409 410 411 412 413 414 415 416 417 418 419 420 421 422 423 424 425 426 427 428 429 430 431 432 433 434 435 
363 383 417 
39 62 92 
130 151 185 228 
160 194 231 
222 236 273 
248 274 312 
374 406 431 
45 66 89 139 
174 179 216 
84 91 138 
219 255 276 
352 404 422 
61 88 145 
280 307 346 365 395 
302 332 368 
113 136 167 
366 403 410 
131 146 178 
118 156 187 
373 392 407 
338 350 402 
20 46 70 
90 122 150 
297 323 369 
180 211 260 
19 56 76 
38 87 107 
361 385 424 
226 254 266 
267 309 335 
172 190 218 
67 111 132 
210 244 270 
47 85 94 
357 379 409 
96 129 164 199 
371 394 415 
133 163 186 
115 137 171 
269 308 328 360 
316 322 370 
314 333 356 
229 259 288 
99 135 159 
200 207 257 
31 78 101 
18 36 72 
68 100 123 
148 183 209 
158 188 230 251 
59 110 141 
75 112 127 
177 221 237 
162 182 225 
285 311 343 
52 79 104 
233 277 292 
299 331 355 
197 217 239 
173 192 227 
117 147 196 
153 175 223 
