462 626 42 85
1 21
2 14
3 16
4 14
4 17
4 20
5 14
5 22
6 14
7 12
7 13
8 13
9 19
9 21
10 13
11 15
11 18
12 31
13 32
14 33
15 24
15 27
16 26
17 24
18 33
18 28
19 23
20 25
20 26
21 33
21 23
21 30
22 32
22 29
23 38
23 43
24 38
24 41
25 34
26 40
26 42
26 44
27 37
27 39
28 36
28 38
29 38
30 37
31 38
32 35
33 35
34 46
34 52
35 54
35 55
36 45
36 51
37 48
38 48
39 45
40 45
40 49
41 54
42 47
42 53
43 47
43 50
44 52
45 58
46 65
46 59
47 66
47 62
48 64
49 63
50 64
51 57
52 56
53 61
54 58
55 60
56 71
57 75
58 67
58 72
59 75
60 72
60 75
60 77
61 75
62 70
62 76
63 72
63 73
64 72
65 68
65 69
65 72
66 74
67 87
68 82
68 86
69 81
69 87
70 85
71 78
71 79
71 80
72 88
73 86
74 79
75 86
76 83
77 84
78 97
78 89
79 98
80 98
80 93
81 89
82 94
83 90
84 96
85 99
86 92
87 99
87 95
88 96
88 90
88 91
89 106
90 103
90 105
91 101
92 104
93 100
94 107
95 102
95 107
96 103
97 108
98 110
99 109
100 118
101 113
102 113
102 116
103 112
103 114
103 119
104 120
105 111
106 111
107 117
108 117
109 115
110 121
111 125
112 130
112 132
113 123
114 129
115 127
116 131
117 126
118 122
119 126
120 127
121 128
121 124
121 125
122 136
122 143
123 134
124 142
125 142
126 138
126 139
127 133
128 135
129 142
130 135
130 141
131 137
131 140
132 142
133 152
134 153
135 144
136 149
137 151
138 154
139 146
139 150
140 144
141 147
142 145
143 148
144 161
145 163
145 156
146 155
147 158
148 159
149 158
150 157
150 158
151 158
152 160
153 162
154 164
154 165
155 170
156 176
157 166
157 174
158 167
159 166
160 169
161 168
162 171
163 176
164 173
165 172
165 175
166 187
167 184
168 182
169 186
170 179
171 178
172 177
173 180
174 183
175 177
175 185
176 181
177 189
177 190
178 191
179 197
180 192
180 188
181 193
182 197
183 194
183 195
184 189
185 196
185 198
186 189
187 198
188 203
189 199
190 209
191 201
191 206
191 208
192 209
193 204
194 205
195 206
196 200
197 202
198 205
198 207
199 211
199 217
199 220
200 218
201 214
202 212
203 219
204 214
205 215
205 216
206 210
207 212
208 210
209 212
209 213
210 230
211 226
211 228
212 225
212 231
213 229
214 227
215 221
216 231
217 222
218 222
219 222
219 223
220 224
220 231
220 222
221 232
221 239
222 241
223 236
224 235
225 237
226 240
227 237
228 233
228 234
229 236
229 242
230 240
231 238
231 241
232 246
232 251
233 250
233 252
234 244
235 243
236 247
236 253
237 245
238 245
239 245
239 248
240 245
240 249
241 244
242 243
243 261
244 261
244 264
245 256
245 262
246 257
246 260
247 255
248 259
249 258
250 254
250 255
251 258
252 255
253 263
254 272
255 267
256 266
257 275
258 267
259 269
259 271
260 265
261 272
262 267
263 274
264 268
264 270
264 272
264 273
265 278
266 276
266 282
267 280
267 283
268 280
269 281
269 286
270 278
271 279
272 277
272 278
273 282
274 282
275 278
275 284
275 285
276 292
276 287
277 289
277 294
278 290
278 293
278 295
279 294
280 288
281 291
282 296
282 297
283 294
284 295
285 294
286 295
287 308
288 298
289 302
289 304
290 301
290 303
291 299
291 307
292 299
293 300
293 302
293 306
294 300
295 299
296 305
297 299
298 315
299 312
300 318
301 311
301 312
302 315
303 319
304 310
304 313
304 315
305 309
305 314
306 312
307 316
307 319
308 317
309 324
310 323
311 326
311 328
312 325
312 327
313 322
314 321
314 325
315 330
316 320
317 320
317 329
318 325
319 325
320 331
321 333
321 336
321 339
322 338
323 341
324 341
325 332
325 334
326 335
327 338
327 340
328 337
328 341
329 333
330 334
331 346
332 344
332 345
332 349
332 350
332 351
333 348
334 343
335 349
336 346
337 345
338 344
339 344
340 352
340 342
341 347
341 348
342 354
342 357
343 358
344 363
345 355
346 361
347 353
347 356
347 359
348 360
349 356
350 354
351 354
351 362
352 358
353 372
354 365
354 367
355 370
356 369
357 374
358 364
358 372
359 366
360 367
361 371
361 372
362 367
363 368
363 373
364 385
365 375
365 380
366 381
367 376
368 384
368 382
369 381
370 383
371 378
372 381
373 375
373 377
374 379
375 393
376 386
377 395
378 390
378 396
379 396
380 386
380 394
381 388
382 386
382 391
382 396
383 389
384 387
385 392
386 403
387 404
388 397
388 398
388 400
388 405
389 397
390 404
391 402
391 407
392 403
393 399
394 401
395 401
395 403
395 406
396 407
397 412
398 418
398 415
399 408
400 408
400 410
401 417
402 418
402 414
403 411
404 416
404 409
405 409
405 411
405 413
406 409
407 411
408 423
409 424
410 425
411 428
412 423
413 421
413 426
414 429
415 419
415 422
416 425
417 420
417 421
417 425
418 427
419 431
419 438
419 439
420 436
421 433
422 432
422 440
423 437
424 436
425 430
425 435
425 437
426 434
427 440
428 438
429 436
430 444
431 441
431 442
432 450
432 451
433 448
433 443
434 449
435 444
436 447
437 445
438 443
439 450
440 443
440 444
440 446
441 452
441 455
441 460
442 453
443 460
444 457
445 456
445 461
446 462
447 452
448 454
448 459
449 453
450 459
451 458
1 2 3 4 5 6 7 8 9 10 11 
12 13 14 15 16 17 18 19 20 21 22 
23 24 25 26 27 28 29 30 31 32 33 
34 35 36 37 38 39 40 41 42 43 44 
45 46 47 48 49 50 51 52 53 54 55 
56 57 58 59 60 61 62 63 64 65 66 
67 68 69 70 71 72 73 74 75 76 77 
78 79 80 81 82 83 84 85 86 87 88 
89 90 91 92 93 94 95 96 97 98 99 
100 101 102 103 104 105 106 107 108 109 110 
111 112 113 114 115 116 117 118 119 120 121 
122 123 124 125 126 127 128 129 130 131 132 
133 134 135 136 137 138 139 140 141 142 143 
144 145 146 147 148 149 150 151 152 153 154 
155 156 157 158 159 160 161 162 163 164 165 
166 167 168 169 170 171 172 173 174 175 176 
177 178 179 180 181 182 183 184 185 186 187 
188 189 190 191 192 193 194 195 196 197 198 
199 200 201 202 203 204 205 206 207 208 209 
210 211 212 213 214 215 216 217 218 219 220 
221 222 223 224 225 226 227 228 229 230 231 
232 233 234 235 236 237 238 239 240 241 242 
243 244 245 246 247 248 249 250 251 252 253 
254 255 256 257 258 259 260 261 262 263 264 
265 266 267 268 269 270 271 272 273 274 275 
276 277 278 279 280 281 282 283 284 285 286 
287 288 289 290 291 292 293 294 295 296 297 
298 299 300 301 302 303 304 305 306 307 308 
309 310 311 312 313 314 315 316 317 318 319 
320 321 322 323 324 325 326 327 328 329 330 
331 332 333 334 335 336 337 338 339 340 341 
342 343 344 345 346 347 348 349 350 351 352 
353 354 355 356 357 358 359 360 361 362 363 
364 365 366 367 368 369 370 371 372 373 374 
375 376 377 378 379 380 381 382 383 384 385 
386 387 388 389 390 391 392 393 394 395 396 
397 398 399 400 401 402 403 404 405 406 407 
408 409 410 411 412 413 414 415 416 417 418 
419 420 421 422 423 424 425 426 427 428 429 
430 431 432 433 434 435 436 437 438 439 440 
441 442 443 444 445 446 447 448 449 450 451 
452 453 454 455 456 457 458 459 460 461 462 
160 169 186 189 
62 76 83 90 
205 216 231 
321 339 344 
290 303 319 
271 279 294 
193 204 214 
239 248 259 
188 203 219 
164 173 180 
109 115 127 
24 41 54 
162 171 178 191 
170 179 197 
245 256 266 
53 61 75 
69 81 89 
418 427 440 
228 234 244 
93 100 118 122 
282 296 305 
27 39 45 
224 235 243 
413 426 434 449 453 
112 132 142 
269 281 291 
276 292 299 
165 172 177 
307 316 320 
130 141 147 158 
102 116 131 
145 163 176 
77 84 96 
7 12 31 38 
91 101 113 
347 353 372 
240 249 258 
246 260 265 278 
357 374 379 396 
70 85 99 
209 213 229 
35 55 60 
126 138 154 
47 66 74 79 
380 394 401 
82 94 107 
300 318 325 
304 310 323 341 
367 376 386 
166 187 198 
185 196 200 218 222 
293 306 312 
359 366 381 
364 385 392 403 
313 322 338 
432 451 458 
78 97 108 117 
236 247 255 
397 412 423 
326 335 349 
332 350 354 
414 429 436 
288 298 315 
26 44 52 
21 30 37 
275 284 295 
404 416 425 
340 352 358 
393 399 408 
58 67 87 
183 195 206 
250 254 272 
328 337 345 
20 25 34 
395 406 409 
63 73 86 
43 50 64 
9 19 23 
411 428 438 
264 268 280 
317 329 333 
361 371 378 
98 110 121 
212 225 237 
419 439 450 
