520 1045 10 50
1 62
2 77
2 79
2 83
2 94
3 53
3 92
4 58
4 100
5 71
5 76
5 98
6 74
6 80
6 87
6 100
7 63
7 92
7 100
8 67
8 70
8 95
9 75
10 82
10 94
10 99
11 63
11 64
11 66
12 59
12 100
12 103
13 82
14 65
14 73
14 86
14 96
15 85
16 63
16 64
16 84
17 60
17 87
17 102
18 93
18 100
19 72
19 100
20 68
20 90
21 66
21 72
21 80
22 77
23 79
24 73
24 94
25 79
25 81
26 69
26 102
27 76
27 78
27 101
27 103
28 64
28 85
29 56
29 59
29 68
30 93
31 61
32 66
33 90
33 98
34 103
35 60
35 94
36 67
36 77
36 97
37 82
37 95
38 64
38 89
39 80
40 59
41 71
41 74
41 78
42 54
42 85
42 104
43 55
43 71
44 75
44 86
44 93
45 67
45 79
46 103
47 57
47 74
48 59
48 62
48 88
48 97
49 53
49 87
50 91
50 100
51 55
51 77
51 90
52 58
52 63
52 72
53 147
53 151
53 122
54 142
55 137
55 152
55 106
55 110
56 155
56 118
56 125
56 127
57 139
58 135
58 153
58 126
59 105
59 122
60 126
61 135
61 137
61 138
61 156
61 107
62 132
62 147
62 125
63 133
63 138
63 144
63 115
63 120
64 132
64 150
64 108
64 111
64 125
65 133
65 148
65 112
65 118
66 146
66 147
66 150
66 111
66 127
67 140
67 106
67 117
68 149
69 145
69 146
69 109
69 116
70 134
70 109
70 116
71 130
72 147
72 106
72 117
72 124
73 128
73 136
73 106
73 125
74 130
74 138
75 139
75 150
75 153
75 109
75 121
75 127
76 136
76 156
76 114
76 127
77 136
78 127
79 107
80 130
80 143
80 111
81 141
81 125
82 116
83 131
83 108
83 111
84 145
84 155
84 115
84 119
84 120
84 122
84 127
85 136
85 139
85 144
85 151
85 107
86 138
86 145
86 154
86 113
86 116
87 139
87 148
87 156
88 137
88 149
88 152
88 110
88 122
89 122
90 129
90 146
90 107
90 110
90 115
91 147
91 148
91 151
91 106
91 125
92 152
93 128
93 125
94 131
94 148
95 109
96 130
96 137
96 126
97 135
97 121
97 126
98 133
98 141
99 144
99 147
99 156
99 108
99 109
99 121
100 131
100 141
100 153
100 155
101 130
101 132
101 135
101 137
101 138
101 151
102 138
102 106
102 109
102 127
103 145
104 123
105 180
106 203
106 207
107 167
108 174
108 178
109 165
109 186
109 205
110 166
111 208
112 198
113 173
113 186
113 206
114 170
114 174
114 183
114 196
115 181
115 204
116 158
116 185
117 187
118 160
119 169
120 179
121 200
121 201
121 207
122 161
122 176
122 207
123 162
124 192
125 159
126 197
127 169
128 198
129 202
130 199
131 171
132 157
133 196
134 157
135 197
136 172
137 162
138 166
139 189
139 194
140 207
141 191
142 168
143 190
144 173
145 182
146 193
147 177
147 188
148 195
149 196
150 184
150 189
151 166
152 175
153 189
154 163
154 177
155 164
155 173
155 177
156 170
157 259
158 210
158 251
159 215
160 243
161 212
162 224
163 233
163 249
164 232
164 242
165 225
166 240
166 244
167 258
167 219
167 236
168 223
169 257
169 220
169 231
170 256
171 254
172 257
172 235
173 226
174 228
175 226
176 222
177 221
178 240
179 256
180 230
181 239
182 229
182 255
183 218
184 252
185 216
186 222
187 252
188 247
189 260
189 250
190 259
191 228
191 246
192 243
193 234
194 217
194 237
195 213
196 248
197 253
198 223
199 209
199 226
199 245
200 248
201 211
201 223
202 253
203 253
204 231
205 238
205 248
206 227
206 254
207 214
208 240
208 241
209 297
210 286
211 276
212 272
213 288
213 307
214 271
215 312
216 271
217 292
218 263
218 264
219 274
220 293
221 265
222 279
223 306
224 284
224 289
224 298
225 283
226 299
226 304
227 281
228 262
228 287
229 291
230 269
230 297
231 273
231 285
231 309
232 266
232 279
232 280
232 290
232 297
233 291
234 270
235 305
236 275
237 289
238 294
238 310
239 267
240 303
241 311
242 300
243 277
243 293
244 286
245 270
246 293
247 275
248 268
249 290
250 296
251 261
252 301
252 308
253 301
254 311
255 311
256 282
257 271
257 278
257 306
258 293
259 295
260 302
261 329
261 336
261 344
261 345
261 360
262 321
263 319
264 313
264 328
264 361
265 352
266 350
266 364
267 340
267 351
267 359
268 326
268 342
268 355
268 357
269 324
270 327
270 333
270 349
271 331
271 351
272 362
273 321
273 344
274 324
274 343
274 350
274 351
274 364
275 355
276 335
276 346
276 352
276 361
277 338
277 348
277 356
277 360
278 316
279 332
279 363
280 333
280 349
280 361
280 363
281 315
281 351
281 356
281 360
282 350
283 314
283 361
284 329
284 347
284 351
284 352
284 363
285 316
285 326
285 348
286 336
287 322
287 331
288 331
288 349
288 362
289 339
290 318
290 326
290 328
290 336
290 354
291 315
291 347
291 348
292 336
292 357
293 321
293 327
293 329
293 346
293 352
294 355
295 337
295 342
295 358
295 363
296 321
296 323
296 333
296 334
296 340
297 330
297 337
297 338
297 341
297 346
298 361
298 363
299 330
300 321
300 351
300 362
301 342
302 336
302 341
303 332
303 338
303 342
303 364
304 317
304 329
304 360
304 363
305 318
305 319
305 320
306 321
307 325
307 328
307 348
307 355
307 364
308 319
308 322
308 329
308 335
308 344
309 329
309 340
309 350
309 353
310 342
310 357
311 318
311 328
311 338
311 352
312 315
312 332
312 339
312 355
313 387
313 366
314 391
314 410
314 380
315 391
315 394
315 412
315 371
315 372
316 397
316 410
316 365
317 414
318 389
318 399
318 406
319 376
319 377
319 381
320 406
320 410
321 390
321 401
321 377
322 367
322 370
322 375
322 379
323 379
324 414
325 385
326 393
326 408
326 368
326 370
326 376
327 408
328 391
329 403
329 372
330 395
330 399
330 404
330 407
330 365
331 394
331 414
331 373
331 375
332 397
332 381
333 415
334 385
334 394
335 395
336 379
337 395
337 373
338 367
338 371
338 383
339 386
339 395
339 398
339 405
339 373
340 409
340 410
340 414
340 415
341 394
341 397
341 400
341 371
341 374
342 415
342 377
343 393
344 403
344 378
345 389
345 413
345 372
345 379
346 400
346 408
346 381
347 403
347 411
347 415
348 389
349 393
349 402
350 386
350 403
350 377
350 380
351 387
351 392
351 396
351 398
351 379
352 389
353 398
353 410
353 380
353 383
354 401
354 403
354 416
354 379
354 380
355 405
355 408
355 410
355 369
356 388
356 398
357 392
357 416
357 369
357 380
358 397
358 374
358 379
358 380
359 392
359 411
359 376
359 380
359 381
360 388
360 401
360 374
360 377
360 382
361 390
361 409
361 411
361 370
362 387
362 415
362 379
363 370
363 383
364 384
364 374
365 440
366 420
366 468
367 426
367 459
368 429
369 425
369 433
369 443
370 466
371 422
371 428
371 431
372 423
372 448
373 429
373 450
373 458
374 435
374 458
375 428
375 439
375 456
376 455
377 443
378 422
378 423
378 464
379 430
379 432
379 436
380 422
380 432
381 459
381 462
382 427
382 441
383 423
383 464
384 419
384 429
384 441
385 447
385 460
386 437
386 454
386 461
387 458
388 452
389 460
390 420
390 445
391 435
391 443
391 464
392 439
392 451
392 465
393 439
393 459
394 459
395 428
395 444
395 446
396 436
396 456
397 432
397 458
398 428
399 445
399 457
400 438
400 461
401 422
401 435
401 453
402 417
402 435
403 439
403 447
404 419
404 425
404 467
405 434
405 440
405 462
406 423
406 424
407 437
408 444
408 451
409 427
409 442
409 455
409 466
410 433
410 455
410 468
411 445
412 435
413 418
414 418
414 424
415 421
415 435
415 449
415 463
416 437
417 480
417 485
417 492
418 508
419 479
419 489
419 511
420 513
420 514
420 496
420 504
421 472
422 515
422 495
422 498
422 507
423 516
423 473
423 484
424 514
424 478
424 495
425 472
425 475
425 477
425 491
426 515
426 471
426 489
427 485
427 500
428 496
428 497
429 496
430 514
430 478
430 483
430 491
431 496
431 503
432 478
432 480
433 520
433 476
433 487
433 500
433 506
434 515
434 478
434 481
434 498
435 488
435 494
436 512
437 517
437 508
438 477
438 484
438 497
439 518
439 470
439 484
440 499
441 517
441 481
441 489
442 476
442 480
442 502
442 507
442 509
443 517
443 518
443 482
443 499
444 520
444 489
444 495
444 508
445 469
445 489
445 503
446 478
446 498
447 517
447 474
448 513
448 514
448 520
448 496
449 514
449 476
449 481
449 505
450 513
450 477
450 478
450 495
451 475
451 479
451 496
451 506
452 469
452 485
453 469
453 473
453 476
453 483
453 502
454 497
455 469
455 477
455 481
455 492
455 506
456 473
456 480
456 500
457 485
457 493
457 494
458 519
458 498
458 510
459 480
460 478
460 486
460 493
460 501
461 519
461 481
461 495
461 497
462 516
462 486
463 503
463 505
463 507
464 477
464 479
464 487
464 510
465 487
466 502
467 490
467 495
467 506
468 479
468 480
1 2 3 4 5 6 7 8 9 10 11 12 13 14 15 16 17 18 19 20 21 22 23 24 25 26 27 28 29 30 31 32 33 34 35 36 37 38 39 40 41 42 43 44 45 46 47 48 49 50 51 52 
53 54 55 56 57 58 59 60 61 62 63 64 65 66 67 68 69 70 71 72 73 74 75 76 77 78 79 80 81 82 83 84 85 86 87 88 89 90 91 92 93 94 95 96 97 98 99 100 101 102 103 104 
105 106 107 108 109 110 111 112 113 114 115 116 117 118 119 120 121 122 123 124 125 126 127 128 129 130 131 132 133 134 135 136 137 138 139 140 141 142 143 144 145 146 147 148 149 150 151 152 153 154 155 156 
157 158 159 160 161 162 163 164 165 166 167 168 169 170 171 172 173 174 175 176 177 178 179 180 181 182 183 184 185 186 187 188 189 190 191 192 193 194 195 196 197 198 199 200 201 202 203 204 205 206 207 208 
209 210 211 212 213 214 215 216 217 218 219 220 221 222 223 224 225 226 227 228 229 230 231 232 233 234 235 236 237 238 239 240 241 242 243 244 245 246 247 248 249 250 251 252 253 254 255 256 257 258 259 260 
261 262 263 264 265 266 267 268 269 270 271 272 273 274 275 276 277 278 279 280 281 282 283 284 285 286 287 288 289 290 291 292 293 294 295 296 297 298 299 300 301 302 303 304 305 306 307 308 309 310 311 312 
313 314 315 316 317 318 319 320 321 322 323 324 325 326 327 328 329 330 331 332 333 334 335 336 337 338 339 340 341 342 343 344 345 346 347 348 349 350 351 352 353 354 355 356 357 358 359 360 361 362 363 364 
365 366 367 368 369 370 371 372 373 374 375 376 377 378 379 380 381 382 383 384 385 386 387 388 389 390 391 392 393 394 395 396 397 398 399 400 401 402 403 404 405 406 407 408 409 410 411 412 413 414 415 416 
417 418 419 420 421 422 423 424 425 426 427 428 429 430 431 432 433 434 435 436 437 438 439 440 441 442 443 444 445 446 447 448 449 450 451 452 453 454 455 456 457 458 459 460 461 462 463 464 465 466 467 468 
469 470 471 472 473 474 475 476 477 478 479 480 481 482 483 484 485 486 487 488 489 490 491 492 493 494 495 496 497 498 499 500 501 502 503 504 505 506 507 508 509 510 511 512 513 514 515 516 517 518 519 520 
172 235 305 
199 245 270 
108 178 240 
122 161 212 272 362 
118 160 243 
201 211 276 
167 258 293 
164 242 300 
148 195 213 
158 210 286 
230 269 324 
182 255 311 
152 175 226 
47 57 139 
114 183 218 
207 214 271 
163 249 290 
125 159 215 312 
386 454 497 
330 407 437 
326 368 429 
120 179 256 
143 190 259 
296 323 379 
42 54 142 168 223 
206 227 281 
228 262 321 
115 181 239 267 
307 325 385 
129 202 253 
189 260 302 
177 221 265 352 
117 187 252 
188 247 275 
194 237 289 
345 413 418 
392 465 487 
84 119 169 
70 134 157 
104 123 162 
304 317 414 
165 225 283 
257 278 316 
65 112 198 
238 294 355 
315 412 435 
274 343 393 
131 171 254 
121 200 248 
415 421 472 
