574 782 41 107
1 22
1 23
2 25
3 19
4 18
4 28
5 19
5 21
5 24
6 20
6 23
7 15
8 16
9 23
10 15
11 19
12 26
13 17
13 18
14 27
15 38
16 36
16 39
16 42
17 39
18 33
19 31
20 38
21 36
21 40
21 41
22 33
23 31
24 35
24 29
24 31
25 34
25 37
26 32
26 39
27 41
28 36
28 30
29 46
30 47
31 46
32 52
32 56
33 44
34 44
34 48
35 50
35 55
36 56
37 49
38 45
38 49
38 53
38 54
39 55
40 46
41 43
41 51
42 49
43 62
44 68
45 66
45 63
46 64
47 70
47 59
48 69
49 61
50 57
51 65
51 70
52 70
52 58
53 69
54 57
55 66
55 67
56 60
57 83
58 82
59 75
60 73
61 74
61 77
62 79
63 82
64 74
65 71
65 76
65 79
66 80
67 81
68 75
68 78
68 81
69 84
70 72
70 82
71 94
72 96
73 88
74 98
75 94
76 93
77 97
77 89
78 92
79 87
79 92
79 94
80 93
81 90
81 91
82 95
83 85
84 86
85 107
85 111
86 99
87 101
87 108
88 109
89 100
90 99
90 110
90 112
91 104
91 105
91 106
92 103
93 102
94 102
95 112
96 103
97 109
98 105
99 124
100 121
101 116
101 125
102 117
103 123
104 126
105 126
106 113
107 124
108 114
108 120
109 124
110 117
110 119
111 115
111 118
111 121
112 122
113 128
114 136
115 137
116 140
117 129
117 138
118 134
118 139
119 134
119 135
120 131
121 130
122 130
123 131
124 132
125 131
125 132
125 127
126 133
127 150
128 148
129 154
130 144
130 153
131 143
131 146
131 151
132 149
133 145
133 149
134 152
135 141
136 142
137 147
137 149
138 141
139 153
140 152
141 165
142 166
143 163
143 158
144 156
145 159
146 156
147 161
147 163
148 162
148 167
149 164
150 162
150 155
151 157
152 165
153 160
154 168
155 178
156 179
157 182
158 172
158 177
159 178
160 170
161 173
161 180
162 176
163 171
164 169
164 181
165 170
165 174
166 173
166 175
167 173
168 179
169 186
170 190
171 194
172 190
173 183
173 184
174 186
175 185
176 189
177 192
177 196
178 188
178 191
179 193
179 195
180 196
181 186
182 186
182 187
183 197
184 210
185 207
186 204
186 205
186 210
187 207
188 202
188 205
189 209
190 206
190 208
190 209
191 198
192 201
193 198
193 199
194 205
195 207
196 200
196 201
196 203
197 216
197 220
198 219
198 222
199 224
200 218
201 213
201 214
202 224
202 215
203 212
203 217
204 223
205 211
206 224
207 220
208 221
209 211
210 222
211 232
211 237
212 233
213 225
213 226
213 236
214 227
215 229
215 234
216 231
217 234
218 228
218 231
219 225
220 233
221 235
222 230
222 238
223 234
224 235
225 242
226 242
227 243
228 244
229 239
230 250
231 247
232 241
233 249
234 246
235 247
236 245
236 251
237 240
237 250
237 252
238 248
239 256
239 264
240 258
240 261
241 256
242 256
243 260
243 262
243 254
244 261
245 265
246 253
247 261
248 255
249 261
250 259
251 261
252 257
252 263
252 266
253 279
254 273
255 269
255 271
255 277
256 278
257 268
258 270
258 280
259 274
259 276
259 277
260 268
261 280
262 267
263 272
263 280
264 277
265 267
266 271
266 275
267 290
267 287
268 286
269 283
270 292
271 291
271 282
272 284
273 288
273 292
274 281
275 286
276 289
277 294
278 285
279 289
280 293
281 295
282 301
282 306
283 306
284 303
284 308
285 300
285 304
285 305
286 296
287 298
288 305
289 302
289 307
290 297
290 307
291 307
292 303
293 306
294 299
295 313
296 321
296 309
297 319
298 322
299 315
300 313
301 311
301 313
302 321
302 318
303 316
304 316
305 310
305 312
306 314
306 315
307 320
307 317
308 319
309 330
310 326
310 327
311 328
312 328
313 323
314 332
315 325
315 334
316 327
317 327
318 329
319 331
319 333
320 324
320 328
320 335
321 331
322 336
323 345
323 347
324 350
325 337
325 339
326 342
327 344
328 346
329 338
329 347
330 346
331 341
331 344
332 348
333 348
333 349
334 340
335 348
336 343
336 346
337 361
338 352
339 356
340 364
341 360
342 353
342 357
343 364
344 362
344 364
345 352
345 358
346 361
346 363
346 364
347 359
348 351
349 352
349 354
350 355
351 368
352 366
353 367
353 372
354 369
354 370
354 373
355 374
355 378
356 371
357 365
358 377
359 369
360 376
361 371
362 368
363 375
364 369
365 384
366 385
367 384
368 384
368 389
369 381
370 386
370 390
371 385
372 387
372 382
373 390
374 384
375 392
376 391
376 380
376 383
377 388
377 381
378 392
378 379
379 397
379 398
380 394
380 395
381 403
382 396
383 404
384 405
385 406
386 400
386 401
387 406
388 402
388 403
389 399
390 403
391 394
392 393
392 398
393 413
394 409
395 415
396 409
397 418
397 411
398 419
398 414
399 409
400 409
401 417
401 410
401 412
402 411
403 416
403 407
404 413
405 420
405 408
406 420
407 425
407 429
407 430
408 426
409 426
410 427
411 427
412 422
413 424
413 434
414 427
415 431
416 423
416 431
417 431
418 428
418 433
419 428
420 421
420 432
420 434
421 436
421 439
421 446
422 440
422 445
423 437
424 448
424 442
425 438
426 438
427 443
428 435
429 444
430 445
431 441
431 447
432 438
433 437
434 439
435 454
436 451
437 450
437 452
437 453
438 458
438 462
439 455
439 456
439 459
440 455
441 458
442 454
443 460
444 460
445 461
446 459
447 449
447 451
447 455
448 457
449 467
450 476
451 469
451 473
452 476
453 470
454 464
454 468
455 463
456 463
456 475
457 466
458 465
458 471
458 472
459 474
460 470
461 476
462 464
463 479
464 478
465 486
465 487
465 490
466 477
467 484
468 481
468 489
469 487
470 482
471 478
472 483
472 478
473 480
473 485
474 489
475 480
476 488
477 493
478 497
479 497
480 491
481 494
482 492
482 497
482 498
482 501
483 504
484 500
485 493
486 499
486 502
487 495
488 503
489 496
490 504
491 512
491 505
491 511
492 515
493 515
493 508
494 515
495 506
496 512
497 516
497 510
498 518
499 517
500 514
500 509
501 512
502 507
503 513
504 518
505 530
506 521
507 525
508 524
509 530
510 523
510 525
511 524
512 526
512 530
513 522
513 532
514 519
514 521
515 527
515 531
516 520
516 529
517 528
518 529
519 543
520 541
521 538
521 539
522 540
523 535
523 536
524 545
525 544
526 540
527 540
528 546
528 534
528 537
529 542
530 533
531 538
532 544
533 551
534 548
535 559
536 555
537 559
538 552
538 560
539 549
539 556
540 558
541 548
542 547
542 548
542 557
543 550
543 553
544 547
545 548
546 549
546 554
547 573
548 562
548 563
548 565
549 563
550 566
550 568
551 571
552 567
553 561
554 567
555 574
556 570
556 572
557 573
558 571
559 566
560 561
560 564
560 569
560 571
1 2 3 4 5 6 7 8 9 10 11 12 13 14 
15 16 17 18 19 20 21 22 23 24 25 26 27 28 
29 30 31 32 33 34 35 36 37 38 39 40 41 42 
43 44 45 46 47 48 49 50 51 52 53 54 55 56 
57 58 59 60 61 62 63 64 65 66 67 68 69 70 
71 72 73 74 75 76 77 78 79 80 81 82 83 84 
85 86 87 88 89 90 91 92 93 94 95 96 97 98 
99 100 101 102 103 104 105 106 107 108 109 110 111 112 
113 114 115 116 117 118 119 120 121 122 123 124 125 126 
127 128 129 130 131 132 133 134 135 136 137 138 139 140 
141 142 143 144 145 146 147 148 149 150 151 152 153 154 
155 156 157 158 159 160 161 162 163 164 165 166 167 168 
169 170 171 172 173 174 175 176 177 178 179 180 181 182 
183 184 185 186 187 188 189 190 191 192 193 194 195 196 
197 198 199 200 201 202 203 204 205 206 207 208 209 210 
211 212 213 214 215 216 217 218 219 220 221 222 223 224 
225 226 227 228 229 230 231 232 233 234 235 236 237 238 
239 240 241 242 243 244 245 246 247 248 249 250 251 252 
253 254 255 256 257 258 259 260 261 262 263 264 265 266 
267 268 269 270 271 272 273 274 275 276 277 278 279 280 
281 282 283 284 285 286 287 288 289 290 291 292 293 294 
295 296 297 298 299 300 301 302 303 304 305 306 307 308 
309 310 311 312 313 314 315 316 317 318 319 320 321 322 
323 324 325 326 327 328 329 330 331 332 333 334 335 336 
337 338 339 340 341 342 343 344 345 346 347 348 349 350 
351 352 353 354 355 356 357 358 359 360 361 362 363 364 
365 366 367 368 369 370 371 372 373 374 375 376 377 378 
379 380 381 382 383 384 385 386 387 388 389 390 391 392 
393 394 395 396 397 398 399 400 401 402 403 404 405 406 
407 408 409 410 411 412 413 414 415 416 417 418 419 420 
421 422 423 424 425 426 427 428 429 430 431 432 433 434 
435 436 437 438 439 440 441 442 443 444 445 446 447 448 
449 450 451 452 453 454 455 456 457 458 459 460 461 462 
463 464 465 466 467 468 469 470 471 472 473 474 475 476 
477 478 479 480 481 482 483 484 485 486 487 488 489 490 
491 492 493 494 495 496 497 498 499 500 501 502 503 504 
505 506 507 508 509 510 511 512 513 514 515 516 517 518 
519 520 521 522 523 524 525 526 527 528 529 530 531 532 
533 534 535 536 537 538 539 540 541 542 543 544 545 546 
547 548 549 550 551 552 553 554 555 556 557 558 559 560 
561 562 563 564 565 566 567 568 569 570 571 572 573 574 
82 95 112 
290 297 319 
182 187 207 
473 485 493 
536 555 574 
530 533 551 571 
114 136 142 166 
186 204 223 234 
201 214 227 243 
41 43 62 79 
28 30 47 
334 340 364 
213 226 242 
233 249 261 
421 436 451 
287 298 322 336 
150 155 178 
320 335 348 
456 475 480 
154 168 179 
162 176 189 209 
354 373 390 
302 318 329 
113 128 148 
489 496 512 
445 461 476 
524 545 548 
331 341 360 376 
277 294 299 315 
38 54 57 
437 453 470 
222 230 250 
515 527 540 
325 337 361 
161 180 196 
211 232 241 256 
538 552 567 
108 120 131 
56 60 73 88 109 
352 366 385 
438 462 464 
523 535 559 
238 248 255 
69 84 86 99 
65 76 93 
392 393 413 
245 265 267 
119 135 141 
252 257 268 
111 115 137 
422 440 455 
259 274 281 295 313 
68 78 92 
280 293 306 
465 490 504 
173 183 197 
85 107 124 
24 29 46 
447 449 467 484 500 
158 172 190 
324 350 355 
372 382 396 409 
431 441 458 
72 96 103 
55 67 81 
163 171 194 205 
345 358 377 
542 557 573 
301 311 328 
424 442 454 
502 507 525 
16 42 49 
427 443 460 
309 330 346 
193 199 224 
357 365 384 
77 89 100 121 
271 291 307 
91 104 126 
118 139 153 
74 98 105 
310 326 342 
463 479 497 
488 503 513 
339 356 371 
215 229 239 
495 506 521 
198 219 225 
246 253 279 289 
1 22 33 
344 362 368 
285 304 316 
388 402 411 
347 359 369 
101 116 140 152 
543 553 561 
208 221 235 
13 17 39 
258 270 292 
499 517 528 
398 419 428 
263 272 284 
405 408 426 
482 498 518 
273 288 305 
266 275 286 
130 144 156 
