464 667 16 79
1 32
1 33
2 37
3 34
4 56
5 55
6 47
7 47
8 37
9 45
10 31
10 43
11 34
12 56
13 44
13 51
14 39
15 56
16 40
17 53
18 58
19 54
20 49
20 50
20 54
21 35
21 42
21 52
22 37
23 34
24 30
24 38
25 57
26 30
27 36
27 48
28 32
28 46
29 41
30 59
31 62
32 84
33 70
34 74
34 80
35 72
35 82
35 86
36 59
37 61
38 84
39 68
39 72
40 76
41 61
42 80
43 62
44 62
44 63
45 80
46 64
46 71
47 59
47 81
48 73
48 83
49 60
49 65
50 67
50 79
51 67
51 85
52 82
53 83
54 75
54 77
55 59
56 69
57 66
57 78
58 87
59 110
60 100
60 107
61 89
61 91
62 98
62 100
63 99
64 92
65 96
66 90
67 94
67 116
68 105
69 95
69 112
70 92
71 104
72 101
73 101
74 91
74 102
74 114
74 115
75 111
76 116
77 108
77 109
78 93
79 90
80 113
81 101
81 103
82 97
83 116
84 88
84 113
85 112
86 106
86 111
87 112
88 128
89 142
89 125
90 140
91 127
92 140
92 126
93 144
94 129
95 144
96 145
97 130
97 136
97 143
98 131
98 120
99 123
100 129
100 137
101 131
102 124
103 133
104 132
104 139
105 128
106 117
107 141
107 117
107 122
108 145
108 121
109 119
110 138
111 118
111 124
112 119
113 123
114 134
114 136
115 123
116 135
117 148
118 165
118 174
119 169
120 148
120 149
120 157
120 160
121 147
121 172
122 163
122 170
123 158
123 167
124 159
124 163
125 150
125 164
126 163
127 154
128 169
129 146
129 150
130 171
131 166
132 156
132 162
132 169
133 147
133 154
134 148
134 153
135 168
136 146
136 173
137 155
138 157
139 171
140 150
140 152
140 162
141 146
141 169
142 167
143 149
144 161
145 151
145 171
146 196
147 202
148 196
149 194
150 177
151 197
152 177
153 179
153 192
153 193
153 201
154 181
154 185
155 175
155 195
156 183
157 199
158 176
158 188
159 196
160 182
160 196
160 197
161 177
162 189
162 196
163 190
164 191
165 201
165 203
166 200
167 188
168 193
168 198
169 178
169 201
170 186
171 180
172 194
173 183
174 184
174 187
175 211
175 226
176 221
177 207
177 227
178 218
178 223
179 212
179 228
180 230
181 220
181 224
181 225
182 232
183 214
184 230
185 219
186 227
187 214
187 216
188 210
189 210
190 215
191 231
192 206
193 205
194 229
195 231
196 204
197 204
198 208
198 209
199 204
200 213
200 217
200 222
200 226
201 204
202 221
203 226
204 258
204 243
205 236
206 240
206 241
207 259
208 254
209 260
209 261
210 250
211 248
212 247
213 238
213 255
214 250
214 253
215 256
215 237
216 250
217 255
218 257
219 234
219 242
220 244
220 255
221 259
222 246
222 251
222 252
223 239
223 245
224 236
225 233
226 246
227 239
227 255
228 259
229 256
229 235
230 243
231 243
231 249
232 243
232 255
233 271
234 274
234 275
235 281
235 290
236 262
236 278
237 263
237 269
237 284
238 264
239 275
239 283
240 276
241 287
242 262
243 266
243 279
244 266
244 289
245 287
246 275
246 287
247 287
248 264
248 288
249 270
249 287
250 286
251 272
251 282
252 264
252 265
253 273
253 288
254 264
255 268
255 287
256 267
256 272
257 280
257 288
258 282
258 285
259 281
260 277
260 290
261 264
262 295
263 311
264 299
265 303
265 319
266 315
267 302
267 314
268 291
269 308
270 293
270 312
271 301
271 317
272 312
273 310
274 294
274 305
274 310
275 306
275 308
275 309
276 312
276 318
277 300
278 304
278 315
279 314
280 302
281 292
282 311
283 315
284 292
284 297
285 307
286 296
287 299
288 298
289 307
289 313
289 316
290 309
290 315
291 327
292 345
293 321
294 330
295 323
295 331
296 320
296 337
297 320
297 343
298 344
298 345
299 328
299 338
299 346
300 331
301 329
302 346
303 332
304 334
305 337
306 325
306 334
307 331
307 338
308 336
309 324
309 325
310 322
310 340
311 321
311 348
312 329
312 333
313 322
313 339
314 326
314 327
314 332
315 330
316 327
317 342
317 345
318 321
319 322
319 335
319 341
319 347
320 374
321 368
322 359
322 372
323 361
323 366
323 370
324 363
324 369
324 371
325 363
325 367
326 371
327 349
327 362
327 376
328 349
328 370
328 371
329 357
329 367
329 375
330 353
330 357
330 368
331 350
331 354
331 356
332 351
332 368
333 350
333 360
334 358
334 367
334 377
335 351
335 360
335 363
336 351
336 377
337 364
337 371
338 354
338 362
338 373
339 357
339 365
339 369
340 362
340 369
340 372
341 368
341 373
342 377
343 374
344 351
344 358
344 363
345 352
345 356
345 359
346 352
346 355
346 364
347 364
347 371
348 351
349 387
349 395
350 379
351 378
352 397
353 382
353 383
354 384
355 390
355 405
356 402
357 380
358 386
359 381
360 396
360 398
360 381
361 404
362 404
363 384
364 383
365 388
365 398
366 404
367 379
368 399
369 384
369 403
370 394
371 395
372 389
372 393
373 385
374 401
375 392
376 400
376 406
377 391
377 381
378 422
379 409
379 419
379 434
380 433
381 408
381 427
382 409
383 432
384 414
384 417
385 416
386 413
386 430
387 420
388 412
388 421
388 428
389 418
389 426
390 410
391 427
391 435
392 407
392 427
393 417
393 431
394 420
395 415
396 409
396 411
396 415
397 411
398 416
398 427
399 421
399 422
400 429
401 410
401 426
401 430
402 417
402 423
403 428
404 425
404 429
405 424
406 416
407 448
408 441
409 443
409 453
410 440
411 442
412 449
413 452
414 451
414 459
415 438
415 458
416 460
417 452
418 450
418 454
419 460
420 446
421 444
422 439
422 461
423 452
424 436
425 462
426 454
426 457
427 448
428 445
428 460
429 464
430 463
431 459
432 455
433 437
433 456
434 448
435 447
1 2 3 4 5 6 7 8 9 10 11 12 13 14 15 16 17 18 19 20 21 22 23 24 25 26 27 28 29 
30 31 32 33 34 35 36 37 38 39 40 41 42 43 44 45 46 47 48 49 50 51 52 53 54 55 56 57 58 
59 60 61 62 63 64 65 66 67 68 69 70 71 72 73 74 75 76 77 78 79 80 81 82 83 84 85 86 87 
88 89 90 91 92 93 94 95 96 97 98 99 100 101 102 103 104 105 106 107 108 109 110 111 112 113 114 115 116 
117 118 119 120 121 122 123 124 125 126 127 128 129 130 131 132 133 134 135 136 137 138 139 140 141 142 143 144 145 
146 147 148 149 150 151 152 153 154 155 156 157 158 159 160 161 162 163 164 165 166 167 168 169 170 171 172 173 174 
175 176 177 178 179 180 181 182 183 184 185 186 187 188 189 190 191 192 193 194 195 196 197 198 199 200 201 202 203 
204 205 206 207 208 209 210 211 212 213 214 215 216 217 218 219 220 221 222 223 224 225 226 227 228 229 230 231 232 
233 234 235 236 237 238 239 240 241 242 243 244 245 246 247 248 249 250 251 252 253 254 255 256 257 258 259 260 261 
262 263 264 265 266 267 268 269 270 271 272 273 274 275 276 277 278 279 280 281 282 283 284 285 286 287 288 289 290 
291 292 293 294 295 296 297 298 299 300 301 302 303 304 305 306 307 308 309 310 311 312 313 314 315 316 317 318 319 
320 321 322 323 324 325 326 327 328 329 330 331 332 333 334 335 336 337 338 339 340 341 342 343 344 345 346 347 348 
349 350 351 352 353 354 355 356 357 358 359 360 361 362 363 364 365 366 367 368 369 370 371 372 373 374 375 376 377 
378 379 380 381 382 383 384 385 386 387 388 389 390 391 392 393 394 395 396 397 398 399 400 401 402 403 404 405 406 
407 408 409 410 411 412 413 414 415 416 417 418 419 420 421 422 423 424 425 426 427 428 429 430 431 432 433 434 435 
436 437 438 439 440 441 442 443 444 445 446 447 448 449 450 451 452 453 454 455 456 457 458 459 460 461 462 463 464 
170 186 227 
89 142 167 
383 432 455 
178 218 257 
171 180 230 
21 52 82 
163 190 215 
355 390 410 
46 71 104 
323 366 404 
49 65 96 145 
100 137 155 
271 301 329 
18 58 87 112 
198 208 254 264 
379 419 460 
40 76 116 
206 241 287 
1 33 70 92 
402 423 452 
77 109 119 
265 303 332 
289 316 327 
193 205 236 
29 41 61 
317 342 377 
132 156 183 
74 102 124 
175 211 248 
110 138 157 
27 36 59 
274 305 337 
63 99 123 
164 191 231 
57 78 93 144 
131 166 200 
393 431 459 
237 263 311 
177 207 259 
391 435 447 
270 293 321 
50 79 90 
369 403 428 
381 408 441 
239 283 315 
81 103 133 
258 285 307 
388 412 449 
373 385 416 
84 88 128 
10 43 62 
147 202 221 
357 380 433 
162 189 210 
67 94 129 
278 304 334 
9 45 80 
91 127 154 
370 394 420 
392 407 448 
97 143 149 
352 397 411 
405 424 436 
121 172 194 
253 273 310 
165 203 226 
48 73 101 
219 242 262 
351 378 422 
277 300 331 
297 343 374 
17 53 83 
187 216 250 
160 182 232 
353 382 409 
314 326 371 
376 400 429 
86 106 117 
54 75 111 
