494 808 13 74
1 39
1 67
2 50
2 51
2 73
3 39
3 42
3 43
4 53
4 58
5 39
5 44
5 65
6 39
7 52
7 72
7 74
8 73
9 48
9 53
10 53
10 62
10 69
11 47
11 63
11 68
12 60
13 54
13 76
14 52
15 42
16 59
17 44
17 51
17 67
18 50
18 53
18 56
18 60
19 45
19 51
19 55
19 72
20 74
21 54
21 63
21 67
22 53
23 41
23 59
24 56
25 67
26 60
27 40
27 58
27 59
28 39
28 49
28 56
29 46
29 58
30 63
31 39
31 57
31 71
32 63
32 64
33 70
34 42
35 50
35 61
35 66
36 60
36 63
37 59
37 62
37 64
37 75
38 56
38 63
38 76
39 103
40 110
41 103
42 82
42 111
43 98
43 102
44 79
45 92
45 97
45 103
45 109
46 85
47 81
47 103
47 107
48 86
49 106
50 80
51 88
52 95
53 91
54 104
55 114
56 94
56 102
57 79
58 87
59 80
59 113
60 99
61 85
62 79
62 105
63 112
64 101
65 93
66 83
66 112
67 88
68 77
69 96
70 78
70 100
71 114
72 89
72 108
73 84
73 87
73 88
73 90
74 91
75 77
76 104
77 116
77 120
78 151
79 121
80 130
80 134
80 140
80 144
81 116
82 133
83 137
84 116
85 143
86 129
86 141
86 123
87 148
88 143
89 131
89 145
90 118
90 122
91 115
92 133
93 139
94 142
95 126
96 137
96 125
97 117
97 124
98 143
99 136
99 149
100 147
101 132
101 127
102 128
102 146
102 118
103 138
103 119
104 135
105 121
106 137
106 148
107 143
108 118
109 152
110 142
110 150
111 126
112 126
113 126
114 141
115 167
115 170
115 185
116 163
117 163
118 174
119 177
120 165
121 181
122 178
123 154
123 161
123 180
124 160
124 182
125 170
126 162
126 174
127 176
127 183
128 158
128 186
129 186
130 160
131 160
132 153
133 157
134 168
135 187
136 161
137 161
138 171
138 184
139 173
140 189
141 157
142 177
143 166
143 172
144 156
144 160
145 187
146 179
146 188
147 155
148 159
148 169
148 175
149 164
150 189
151 190
152 165
153 207
154 207
155 205
155 222
156 211
156 213
157 191
158 197
159 201
160 220
160 226
161 214
162 208
162 219
163 201
164 194
165 228
166 198
166 216
167 202
168 221
169 193
169 196
170 207
170 227
171 204
171 209
172 195
173 212
174 209
175 208
175 210
176 200
177 201
178 224
179 197
179 223
180 203
181 215
182 212
183 225
184 194
185 195
186 191
187 217
187 218
188 199
188 207
188 228
189 211
190 192
190 203
190 206
191 259
191 237
191 248
192 265
192 235
192 251
192 253
193 233
193 237
193 250
194 262
194 237
194 248
195 243
195 250
196 230
197 231
198 256
198 262
198 245
199 261
200 261
201 235
202 264
202 255
203 258
203 234
203 254
204 232
204 248
204 251
205 246
205 249
205 252
206 256
206 258
206 233
206 242
207 253
208 255
209 260
209 251
210 265
210 240
210 241
210 245
211 240
212 258
212 230
212 248
213 263
213 266
213 247
214 233
215 238
216 259
216 255
217 256
217 264
217 253
217 254
218 251
219 257
219 263
219 231
220 258
220 259
220 236
220 250
221 261
221 239
221 251
222 229
223 254
224 259
224 232
224 235
224 239
225 261
225 264
225 233
226 264
226 241
226 242
226 244
227 266
227 237
227 248
227 253
228 257
228 229
228 254
229 287
229 295
230 278
230 298
231 285
231 291
231 294
232 272
232 275
232 299
233 268
234 279
235 274
235 302
236 270
237 274
238 282
239 287
240 287
240 296
241 286
241 300
241 301
242 269
242 278
242 304
243 278
244 277
244 279
244 283
245 277
245 282
246 301
247 274
247 298
248 271
248 282
248 296
249 284
250 270
250 271
250 282
251 269
251 277
251 288
252 273
252 281
252 304
253 269
254 274
254 280
254 295
255 268
255 279
255 299
256 276
257 304
258 283
258 284
258 290
259 293
260 271
260 278
260 304
261 292
261 294
261 304
262 267
262 297
262 303
263 272
263 285
263 300
264 277
264 287
264 289
265 285
266 279
266 290
266 291
267 331
268 324
268 342
269 333
269 336
270 326
271 339
272 327
273 317
274 328
274 341
275 310
276 338
277 336
278 321
279 313
280 323
281 309
281 312
282 318
282 322
283 314
283 337
284 311
285 307
286 311
287 311
288 334
289 335
290 311
291 319
292 315
292 320
293 338
294 306
294 331
295 305
296 311
296 329
297 332
298 341
299 308
299 325
300 319
301 316
301 340
302 324
303 315
303 330
303 341
304 324
305 357
305 362
305 364
306 379
307 351
307 355
308 358
308 369
308 370
309 365
310 349
310 363
310 373
310 378
311 351
311 355
311 374
312 344
312 353
312 368
313 374
314 364
314 378
315 365
315 367
315 371
316 347
316 357
316 358
316 379
317 347
317 361
318 343
318 353
318 366
318 367
319 354
319 366
319 370
319 376
320 366
320 368
320 372
320 379
321 352
321 356
321 371
321 372
322 355
323 346
323 375
323 378
324 350
324 355
324 360
324 373
325 352
326 362
326 369
326 375
326 379
327 346
327 355
327 371
328 349
328 354
328 361
328 376
329 348
329 351
329 374
330 352
331 377
332 356
332 364
332 365
332 375
333 352
333 357
333 368
334 350
334 360
334 365
335 357
336 345
336 347
336 358
337 343
337 347
337 374
338 377
339 345
340 350
340 358
340 361
341 357
341 377
341 380
342 359
342 372
342 379
343 392
344 382
345 408
345 411
346 407
346 411
347 387
347 403
348 410
349 417
350 401
351 414
351 417
352 387
353 388
353 397
354 398
355 417
356 396
357 381
358 389
358 418
359 400
360 384
360 405
361 395
362 382
363 412
364 385
365 396
365 402
366 383
367 390
368 413
369 391
370 416
370 382
371 415
372 401
373 410
374 400
375 406
375 409
376 394
376 382
377 405
378 405
379 404
379 409
380 386
380 393
380 399
381 432
382 448
383 440
383 443
383 444
383 449
384 422
384 428
384 432
384 454
385 426
386 423
387 419
387 422
387 424
388 422
389 443
389 447
389 455
390 419
390 426
390 427
390 449
391 440
391 446
391 450
392 435
392 437
393 420
394 452
395 423
396 432
396 442
397 431
397 447
398 424
398 440
398 454
399 445
399 447
399 448
399 453
400 425
400 432
400 433
401 425
402 419
402 451
403 422
403 426
403 453
403 456
404 426
405 432
405 445
405 447
406 432
407 449
408 421
408 430
408 450
408 452
409 425
409 449
410 436
410 437
410 440
410 456
411 448
412 441
412 443
412 447
413 422
413 423
413 446
414 421
414 434
414 438
415 435
416 429
416 447
417 439
418 430
419 487
420 464
421 464
422 463
423 462
424 458
424 465
424 478
425 485
425 489
426 476
426 487
427 491
428 459
429 471
430 477
431 494
432 460
433 467
433 473
433 482
434 493
435 464
436 462
436 481
437 470
437 472
438 468
438 479
439 464
440 474
440 492
441 483
442 484
443 482
444 463
445 459
446 470
447 469
448 480
448 483
448 486
448 490
449 457
450 461
450 474
450 477
451 486
452 469
453 471
454 488
455 473
455 475
456 466
1 2 3 4 5 6 7 8 9 10 11 12 13 14 15 16 17 18 19 20 21 22 23 24 25 26 27 28 29 30 31 32 33 34 35 36 37 38 
39 40 41 42 43 44 45 46 47 48 49 50 51 52 53 54 55 56 57 58 59 60 61 62 63 64 65 66 67 68 69 70 71 72 73 74 75 76 
77 78 79 80 81 82 83 84 85 86 87 88 89 90 91 92 93 94 95 96 97 98 99 100 101 102 103 104 105 106 107 108 109 110 111 112 113 114 
115 116 117 118 119 120 121 122 123 124 125 126 127 128 129 130 131 132 133 134 135 136 137 138 139 140 141 142 143 144 145 146 147 148 149 150 151 152 
153 154 155 156 157 158 159 160 161 162 163 164 165 166 167 168 169 170 171 172 173 174 175 176 177 178 179 180 181 182 183 184 185 186 187 188 189 190 
191 192 193 194 195 196 197 198 199 200 201 202 203 204 205 206 207 208 209 210 211 212 213 214 215 216 217 218 219 220 221 222 223 224 225 226 227 228 
229 230 231 232 233 234 235 236 237 238 239 240 241 242 243 244 245 246 247 248 249 250 251 252 253 254 255 256 257 258 259 260 261 262 263 264 265 266 
267 268 269 270 271 272 273 274 275 276 277 278 279 280 281 282 283 284 285 286 287 288 289 290 291 292 293 294 295 296 297 298 299 300 301 302 303 304 
305 306 307 308 309 310 311 312 313 314 315 316 317 318 319 320 321 322 323 324 325 326 327 328 329 330 331 332 333 334 335 336 337 338 339 340 341 342 
343 344 345 346 347 348 349 350 351 352 353 354 355 356 357 358 359 360 361 362 363 364 365 366 367 368 369 370 371 372 373 374 375 376 377 378 379 380 
381 382 383 384 385 386 387 388 389 390 391 392 393 394 395 396 397 398 399 400 401 402 403 404 405 406 407 408 409 410 411 412 413 414 415 416 417 418 
419 420 421 422 423 424 425 426 427 428 429 430 431 432 433 434 435 436 437 438 439 440 441 442 443 444 445 446 447 448 449 450 451 452 453 454 455 456 
457 458 459 460 461 462 463 464 465 466 467 468 469 470 471 472 473 474 475 476 477 478 479 480 481 482 483 484 485 486 487 488 489 490 491 492 493 494 
45 92 133 
346 407 449 
70 78 151 190 
59 113 126 
127 183 225 
148 159 201 
371 415 435 
364 385 426 
28 49 106 
66 83 137 
97 117 163 
134 168 221 
31 57 79 
358 418 430 
115 185 195 
5 65 93 139 173 212 
73 84 116 
353 388 422 
89 145 187 
375 406 432 
412 441 483 
220 236 270 
72 108 118 
232 275 310 
390 427 491 
384 428 459 
149 164 194 
181 215 238 282 
19 55 114 
303 330 352 
109 152 165 
169 196 230 
161 214 233 
361 395 423 
417 439 464 
397 431 494 
376 394 452 
110 150 189 
396 442 484 
35 61 85 
9 48 86 
176 200 261 
101 132 153 207 
294 306 379 
10 69 96 
100 147 155 
47 107 143 
264 289 335 357 
256 276 338 
128 158 197 
62 105 121 
279 313 374 
103 119 177 
416 429 471 
56 94 142 
37 75 77 
122 178 224 
179 223 254 
402 451 486 
241 286 311 
312 344 382 
251 288 334 
271 339 345 
262 267 331 
123 180 203 
329 348 410 
205 249 284 
383 444 463 
235 302 324 
252 273 317 
342 359 400 
80 130 160 
281 309 365 
414 434 493 
