299 392 23 56
1 23
2 18
2 21
3 16
4 14
4 15
5 21
6 16
6 17
6 25
7 19
7 22
8 24
9 20
10 15
11 22
12 15
13 23
13 26
14 30
15 33
16 29
17 31
18 28
19 39
20 34
20 36
21 35
21 38
21 27
22 28
23 37
23 29
24 32
25 33
26 33
27 50
28 42
29 50
30 49
31 43
31 48
32 45
33 47
33 49
33 51
34 40
34 42
34 49
35 44
35 46
36 41
37 52
38 41
39 52
40 53
40 63
41 57
41 58
42 65
42 55
43 60
44 62
45 61
46 60
47 59
48 54
49 59
50 64
51 54
51 56
52 53
53 75
54 66
55 76
56 74
56 78
57 69
58 76
59 68
59 72
60 75
61 73
62 67
62 75
63 70
63 71
63 77
64 68
65 68
66 85
67 82
68 86
69 79
69 91
70 90
71 88
71 89
72 86
73 80
74 84
74 85
74 89
75 89
76 81
76 87
77 83
77 90
78 80
79 97
80 102
81 92
82 97
83 93
84 96
84 101
85 100
86 98
86 93
86 94
87 99
87 103
87 95
88 97
89 96
90 94
91 103
91 104
92 110
93 116
94 111
95 108
96 110
97 117
98 113
99 107
99 109
100 105
101 112
102 117
103 106
103 114
104 115
105 122
106 123
107 124
108 119
109 128
109 120
110 129
110 127
111 130
112 118
113 129
114 121
115 118
115 125
116 123
117 129
117 126
118 132
119 142
120 131
120 133
120 141
121 139
122 136
123 141
124 134
125 140
126 138
126 143
127 137
128 132
129 143
130 135
130 143
131 152
131 154
132 145
133 146
133 148
133 155
134 149
135 147
135 150
136 150
137 153
138 146
139 144
139 151
139 152
140 150
141 153
141 156
142 153
143 149
144 161
144 157
145 167
146 168
147 162
148 162
149 157
150 168
151 169
152 166
153 158
154 162
155 164
155 166
155 158
155 159
156 160
156 163
156 165
157 174
158 182
159 177
159 182
160 175
160 179
161 181
162 172
162 176
162 178
163 173
163 174
164 170
164 180
165 179
166 172
167 181
168 171
168 172
169 179
170 191
171 185
171 186
171 189
172 190
173 184
174 195
175 193
175 188
176 191
177 192
177 194
178 183
179 187
180 191
181 189
182 190
183 199
183 202
184 206
185 197
185 198
185 201
186 204
187 207
188 208
189 196
190 207
191 205
192 205
193 207
194 200
195 200
195 203
196 217
197 218
198 209
198 214
198 216
199 220
200 217
201 213
201 221
202 210
202 212
203 217
204 220
205 212
205 217
205 219
206 211
207 209
208 215
209 225
209 223
210 227
211 224
211 231
212 225
212 222
213 226
214 233
215 225
216 227
217 228
218 228
219 230
220 227
221 229
221 232
221 234
222 240
223 244
224 236
225 237
225 243
226 240
227 244
228 235
228 238
229 246
230 236
230 242
230 247
231 239
232 247
233 245
233 246
234 241
235 256
236 258
237 248
238 252
239 254
240 248
240 250
240 251
241 255
242 260
242 253
243 252
244 257
244 250
245 249
246 259
247 255
248 264
249 271
249 272
250 265
251 263
252 265
253 270
254 268
254 273
255 273
256 265
257 262
257 266
258 261
259 273
260 267
260 269
261 275
262 282
263 282
264 278
264 279
265 286
266 277
266 281
267 280
268 284
269 283
269 285
270 279
271 279
272 274
272 281
273 276
274 293
275 288
276 292
277 287
278 291
279 288
279 294
280 289
281 297
282 299
283 299
284 289
285 290
286 295
286 296
286 298
1 2 3 4 5 6 7 8 9 10 11 12 13 
14 15 16 17 18 19 20 21 22 23 24 25 26 
27 28 29 30 31 32 33 34 35 36 37 38 39 
40 41 42 43 44 45 46 47 48 49 50 51 52 
53 54 55 56 57 58 59 60 61 62 63 64 65 
66 67 68 69 70 71 72 73 74 75 76 77 78 
79 80 81 82 83 84 85 86 87 88 89 90 91 
92 93 94 95 96 97 98 99 100 101 102 103 104 
105 106 107 108 109 110 111 112 113 114 115 116 117 
118 119 120 121 122 123 124 125 126 127 128 129 130 
131 132 133 134 135 136 137 138 139 140 141 142 143 
144 145 146 147 148 149 150 151 152 153 154 155 156 
157 158 159 160 161 162 163 164 165 166 167 168 169 
170 171 172 173 174 175 176 177 178 179 180 181 182 
183 184 185 186 187 188 189 190 191 192 193 194 195 
196 197 198 199 200 201 202 203 204 205 206 207 208 
209 210 211 212 213 214 215 216 217 218 219 220 221 
222 223 224 225 226 227 228 229 230 231 232 233 234 
235 236 237 238 239 240 241 242 243 244 245 246 247 
248 249 250 251 252 253 254 255 256 257 258 259 260 
261 262 263 264 265 266 267 268 269 270 271 272 273 
274 275 276 277 278 279 280 281 282 283 284 285 286 
287 288 289 290 291 292 293 294 295 296 297 298 299 
108 119 142 153 
80 102 117 
225 237 248 
212 222 240 
114 121 139 
261 275 288 
105 122 136 150 
211 224 236 
175 193 207 
62 67 82 97 
63 70 90 
253 270 279 
131 154 162 
54 66 85 
84 101 112 118 
164 170 191 
91 104 115 
2 18 28 
233 245 249 
205 219 230 
195 203 217 
202 210 227 
21 27 50 
260 267 280 289 
151 169 179 
6 17 31 
183 199 220 
221 232 247 
98 113 129 
266 277 287 
99 107 124 134 149 
126 138 146 
234 241 255 
77 83 93 
231 239 254 
42 65 68 
185 197 218 228 
59 72 86 
246 259 273 
145 167 181 
81 92 110 
269 285 290 
7 19 39 52 
20 36 41 
264 278 291 
177 194 200 
35 46 60 
14 30 49 
13 26 33 
209 223 244 
109 128 132 
251 263 282 
235 256 265 
103 106 123 
272 274 293 
94 111 130 
