351 479 13 61
1 36
2 33
3 40
4 43
4 51
5 34
6 43
7 44
8 35
9 48
9 53
10 31
11 28
11 54
12 48
12 49
13 46
14 35
15 48
16 45
17 52
18 32
19 31
20 38
21 46
21 50
22 39
23 29
23 47
24 30
24 37
24 41
25 39
26 38
27 42
28 58
28 70
28 72
28 73
28 74
29 80
30 57
30 64
31 64
31 69
31 81
32 59
32 67
33 80
34 74
35 77
36 60
37 57
38 77
38 79
39 60
40 63
40 65
41 58
41 68
42 78
43 78
44 67
45 75
46 70
47 61
47 71
48 55
48 71
49 67
50 56
51 66
51 77
52 55
52 80
53 60
54 62
54 67
54 76
55 90
55 91
56 91
57 99
58 101
59 97
60 87
60 94
61 92
61 100
62 108
63 91
63 102
63 104
64 100
65 95
66 101
67 107
68 91
69 89
69 100
70 105
71 82
71 103
72 82
72 83
72 106
73 96
74 82
74 93
75 84
76 85
77 98
77 108
78 86
79 82
80 94
81 88
82 135
82 109
83 134
84 121
85 133
86 111
87 122
88 133
88 122
88 124
89 132
89 116
90 133
91 113
91 114
92 131
92 111
93 112
94 115
95 128
95 112
96 135
96 110
96 126
96 127
97 123
98 113
99 118
100 111
101 129
102 133
103 135
104 130
104 133
104 120
105 125
106 119
107 116
108 116
108 117
109 150
109 159
110 154
110 156
111 138
112 160
112 162
113 144
114 141
114 155
114 157
115 139
115 151
116 137
116 142
117 149
118 146
119 147
119 152
120 152
120 158
121 158
122 139
122 147
123 139
124 139
125 138
125 149
126 136
126 149
127 148
127 156
128 142
128 145
129 153
129 159
130 137
130 150
131 145
131 161
132 157
133 143
133 155
134 140
135 150
135 158
136 171
137 188
138 166
138 171
138 174
138 175
139 178
139 182
140 173
140 187
141 168
142 170
143 165
144 172
145 170
145 180
146 176
147 163
148 185
149 169
150 184
151 166
152 186
153 183
154 179
155 171
156 164
156 179
156 181
157 165
158 183
159 164
160 177
160 182
161 167
161 184
162 175
162 189
163 197
164 193
165 207
166 202
167 207
168 196
168 200
169 190
170 194
170 198
171 199
172 212
173 213
174 209
175 191
176 198
177 210
178 203
178 206
179 204
180 195
180 215
181 208
181 212
181 214
182 193
183 216
184 190
185 192
186 211
187 203
188 192
188 201
189 205
190 229
191 241
192 231
193 218
194 229
194 238
195 218
196 224
197 221
198 225
199 225
200 217
200 222
200 243
201 231
202 236
203 240
204 235
205 218
205 228
206 236
207 233
208 242
209 231
210 219
210 232
211 223
211 224
211 226
212 234
212 237
213 227
214 230
215 220
216 219
216 239
217 251
218 263
219 258
219 261
220 268
220 252
221 262
221 264
221 245
222 260
222 248
222 253
223 269
224 255
225 256
225 262
226 252
227 259
227 245
228 270
229 244
230 267
231 265
231 246
232 252
233 244
234 247
235 246
236 246
237 251
238 250
239 257
239 254
240 250
241 259
241 263
242 249
243 266
243 249
244 280
244 282
244 289
245 289
245 294
245 296
246 278
246 284
247 285
247 293
248 287
249 271
249 297
250 281
251 285
252 279
252 283
252 291
253 273
254 278
254 291
254 292
255 285
256 276
256 293
256 295
257 272
258 285
259 291
259 296
260 271
261 275
261 276
261 277
262 286
263 276
263 297
264 286
264 288
264 295
265 281
266 293
267 273
267 289
268 277
268 290
269 272
269 278
269 281
270 274
270 280
270 285
271 301
272 313
272 323
273 324
274 306
275 309
276 302
277 319
278 300
279 305
279 316
279 322
280 298
281 314
282 300
283 308
284 300
285 305
286 305
286 317
287 303
287 318
288 320
289 302
290 299
290 304
290 311
291 313
292 310
292 321
293 320
294 324
295 304
295 315
296 312
297 302
297 307
298 350
299 335
299 349
300 331
301 328
301 342
302 327
303 331
304 329
304 332
305 337
306 346
306 347
307 334
307 341
308 328
309 339
309 348
310 331
310 340
311 351
312 325
312 343
313 330
314 344
315 335
316 344
317 333
317 345
318 326
318 345
319 344
320 335
321 331
322 327
322 336
323 328
323 338
323 339
324 328
1 2 3 4 5 6 7 8 9 10 11 12 13 14 15 16 17 18 19 20 21 22 23 24 25 26 27 
28 29 30 31 32 33 34 35 36 37 38 39 40 41 42 43 44 45 46 47 48 49 50 51 52 53 54 
55 56 57 58 59 60 61 62 63 64 65 66 67 68 69 70 71 72 73 74 75 76 77 78 79 80 81 
82 83 84 85 86 87 88 89 90 91 92 93 94 95 96 97 98 99 100 101 102 103 104 105 106 107 108 
109 110 111 112 113 114 115 116 117 118 119 120 121 122 123 124 125 126 127 128 129 130 131 132 133 134 135 
136 137 138 139 140 141 142 143 144 145 146 147 148 149 150 151 152 153 154 155 156 157 158 159 160 161 162 
163 164 165 166 167 168 169 170 171 172 173 174 175 176 177 178 179 180 181 182 183 184 185 186 187 188 189 
190 191 192 193 194 195 196 197 198 199 200 201 202 203 204 205 206 207 208 209 210 211 212 213 214 215 216 
217 218 219 220 221 222 223 224 225 226 227 228 229 230 231 232 233 234 235 236 237 238 239 240 241 242 243 
244 245 246 247 248 249 250 251 252 253 254 255 256 257 258 259 260 261 262 263 264 265 266 267 268 269 270 
271 272 273 274 275 276 277 278 279 280 281 282 283 284 285 286 287 288 289 290 291 292 293 294 295 296 297 
298 299 300 301 302 303 304 305 306 307 308 309 310 311 312 313 314 315 316 317 318 319 320 321 322 323 324 
325 326 327 328 329 330 331 332 333 334 335 336 337 338 339 340 341 342 343 344 345 346 347 348 349 350 351 
7 44 67 
31 81 88 
83 134 140 
239 257 272 
54 62 108 
222 253 273 
126 136 171 
180 195 218 
32 59 97 123 139 
210 232 252 
161 167 207 
283 308 328 
60 87 122 
203 240 250 
99 118 146 176 198 
129 153 183 
75 84 121 158 
231 265 281 
114 141 168 
175 191 241 
63 102 133 
264 288 320 
78 86 111 
214 230 267 
295 315 335 
144 172 212 
292 321 331 
149 169 190 
71 103 135 
147 163 197 221 
110 154 179 
224 255 285 
162 189 205 
127 148 185 192 
2 33 80 
204 235 246 
89 132 157 
261 275 309 
173 213 227 
152 186 211 
38 79 82 
50 56 91 
208 242 249 
5 34 74 
200 217 251 
70 105 125 
244 282 300 
77 98 113 
245 294 324 
24 37 57 
40 65 95 
178 206 236 
51 66 101 
270 274 306 
290 311 351 
243 266 293 
279 316 344 
28 73 96 
72 106 119 
115 151 166 
280 298 350 
