253 329 23 46
1 14
2 13
2 15
3 12
3 19
4 14
5 22
6 21
7 18
7 20
8 17
9 22
10 13
11 16
12 33
13 24
14 29
14 31
15 29
16 29
17 26
18 28
19 30
20 32
21 23
21 25
21 27
22 26
23 44
24 42
25 34
25 38
26 37
27 36
28 38
29 40
30 41
31 44
32 35
33 39
33 43
34 52
35 46
36 53
36 55
37 51
37 54
38 49
38 52
39 48
40 54
41 46
42 50
43 47
44 45
45 56
45 57
45 63
46 64
46 60
47 63
48 65
49 60
50 56
50 59
51 65
52 61
53 66
54 66
54 58
55 56
55 62
56 70
57 67
58 68
58 70
59 67
59 76
60 71
60 75
61 70
62 73
62 75
63 67
64 69
64 72
64 74
65 75
66 67
66 77
67 85
68 80
69 83
70 79
70 88
71 86
72 88
73 81
73 84
74 81
75 83
76 78
76 87
77 82
77 86
78 92
78 93
79 98
80 94
81 91
82 91
83 89
84 96
84 99
85 96
86 97
86 90
86 95
87 97
88 90
89 110
90 105
91 100
91 109
92 105
92 108
93 101
94 106
95 105
96 102
96 104
96 105
97 103
98 107
99 104
100 113
101 117
102 112
102 113
102 116
103 117
103 121
104 115
105 117
106 111
107 113
107 119
108 114
109 118
110 120
111 123
112 130
112 126
113 122
113 125
114 124
115 128
116 128
117 131
117 127
118 129
119 131
120 128
120 132
121 123
122 135
122 137
122 140
123 138
124 136
125 137
125 141
125 142
126 134
127 137
128 143
129 133
130 134
130 139
131 138
132 138
133 144
134 144
135 152
136 148
137 149
138 150
138 153
139 145
139 149
139 154
140 144
141 149
142 146
142 148
143 147
143 151
144 163
145 160
146 165
146 157
147 162
148 155
149 156
150 159
151 161
152 158
153 164
154 163
155 171
156 171
157 167
157 173
158 170
159 174
160 166
160 169
161 176
162 168
162 172
163 175
164 175
165 166
166 184
167 183
168 183
169 183
170 182
170 187
171 186
172 178
173 179
174 177
174 185
175 180
175 181
175 184
176 179
177 195
178 196
178 197
179 190
180 192
180 194
181 189
182 196
183 195
184 198
185 193
185 198
185 188
186 196
187 191
188 202
189 202
189 208
190 205
190 206
191 203
191 207
192 207
193 209
194 204
195 201
195 209
196 199
197 200
198 204
199 215
200 215
201 213
201 214
201 217
202 218
203 212
204 214
205 215
206 211
206 219
206 220
207 214
208 212
209 210
209 216
210 226
210 222
211 227
211 230
212 231
213 229
214 229
215 224
216 229
217 226
218 228
218 221
219 223
220 225
221 239
222 236
222 237
223 241
223 242
224 235
225 232
225 233
226 238
226 241
227 239
228 240
229 241
230 234
230 239
231 241
232 243
233 246
234 245
234 249
235 250
236 247
236 252
237 251
238 250
239 244
240 243
240 248
240 253
241 246
242 245
1 2 3 4 5 6 7 8 9 10 11 
12 13 14 15 16 17 18 19 20 21 22 
23 24 25 26 27 28 29 30 31 32 33 
34 35 36 37 38 39 40 41 42 43 44 
45 46 47 48 49 50 51 52 53 54 55 
56 57 58 59 60 61 62 63 64 65 66 
67 68 69 70 71 72 73 74 75 76 77 
78 79 80 81 82 83 84 85 86 87 88 
89 90 91 92 93 94 95 96 97 98 99 
100 101 102 103 104 105 106 107 108 109 110 
111 112 113 114 115 116 117 118 119 120 121 
122 123 124 125 126 127 128 129 130 131 132 
133 134 135 136 137 138 139 140 141 142 143 
144 145 146 147 148 149 150 151 152 153 154 
155 156 157 158 159 160 161 162 163 164 165 
166 167 168 169 170 171 172 173 174 175 176 
177 178 179 180 181 182 183 184 185 186 187 
188 189 190 191 192 193 194 195 196 197 198 
199 200 201 202 203 204 205 206 207 208 209 
210 211 212 213 214 215 216 217 218 219 220 
221 222 223 224 225 226 227 228 229 230 231 
232 233 234 235 236 237 238 239 240 241 242 
243 244 245 246 247 248 249 250 251 252 253 
30 41 46 
196 199 215 
43 47 63 
146 165 166 
225 233 246 
114 124 136 148 
201 217 226 
191 203 212 
77 82 91 
80 94 106 111 123 
218 228 240 
117 127 137 
180 192 207 
52 61 70 
38 49 60 
185 188 202 
14 31 44 
84 99 104 
162 172 178 
64 74 81 
118 129 133 144 
135 152 158 170 
37 51 65 
174 177 195 
102 116 128 
125 141 149 
139 145 160 
209 216 229 
153 164 175 
151 161 176 179 
206 219 223 
83 89 110 120 
24 42 50 
76 87 97 
86 95 105 
79 98 107 
157 167 183 
112 126 134 
224 235 250 
29 40 54 
45 57 67 
36 53 66 
211 227 239 
3 12 33 
8 17 26 
222 237 251 
