323 436 19 56
1 21
2 34
3 19
3 26
4 27
4 29
5 20
6 32
6 24
7 23
8 26
8 30
9 33
10 34
11 21
12 34
12 25
12 31
13 32
14 18
15 33
16 28
17 22
18 50
19 37
20 39
20 47
21 41
21 43
22 48
23 38
23 42
24 36
25 45
26 49
27 46
27 48
28 37
29 37
30 44
30 50
31 40
32 36
33 51
34 35
35 65
36 66
36 54
36 62
37 59
38 65
39 53
39 57
39 63
40 52
41 56
42 56
43 64
43 52
44 54
45 58
46 67
47 61
48 66
49 57
50 67
50 55
50 58
50 60
51 68
52 80
53 76
54 74
55 79
56 69
56 84
57 70
57 82
57 83
58 80
59 77
59 78
60 80
61 75
62 74
63 83
63 85
64 81
65 71
66 73
66 76
66 81
67 72
67 77
68 84
69 89
69 93
70 87
71 99
72 101
72 89
73 100
74 97
74 99
74 86
74 94
75 98
75 95
76 87
77 88
78 96
78 91
79 92
80 92
81 86
82 95
83 88
84 90
85 102
86 114
87 114
88 116
89 108
89 109
90 115
91 106
91 117
91 118
92 116
93 119
94 103
94 104
95 108
96 110
96 117
96 119
97 104
98 113
99 111
100 104
101 105
102 107
102 112
102 117
103 130
104 132
105 122
106 125
107 136
108 129
108 126
109 120
109 127
110 133
111 123
112 128
112 135
113 129
113 131
114 123
115 121
116 121
117 128
118 129
118 134
119 124
120 138
120 144
120 145
121 141
121 152
122 146
123 140
124 149
125 147
126 153
127 153
128 139
129 143
129 148
130 137
131 142
132 142
132 150
132 151
133 147
134 139
135 153
136 138
137 169
138 157
139 158
140 160
141 170
141 158
142 166
142 156
143 166
143 154
144 165
145 163
146 155
147 162
147 164
148 155
149 159
150 161
150 166
150 168
151 166
152 165
152 167
153 161
154 173
155 174
155 187
156 175
156 181
157 171
157 181
158 180
159 186
160 181
161 177
162 184
163 176
163 183
164 172
164 182
165 183
166 176
166 183
167 178
167 182
167 185
168 179
169 177
170 187
171 194
172 191
173 196
174 202
175 201
176 200
177 201
178 190
179 203
180 190
181 189
182 200
182 204
183 188
184 203
185 197
185 202
186 192
186 195
186 196
187 193
187 198
187 199
187 200
188 212
188 218
188 219
189 208
189 218
190 215
190 221
191 209
191 214
191 216
192 217
193 206
194 214
195 218
196 210
197 206
197 211
197 214
198 205
199 214
199 220
199 221
200 206
200 217
201 213
202 207
203 206
204 210
205 225
205 228
206 234
207 238
208 227
209 231
210 231
211 237
211 223
212 224
212 226
213 235
214 235
215 229
215 232
216 224
217 233
217 222
218 230
219 232
220 238
221 225
221 236
222 243
222 246
223 244
223 251
223 252
224 251
225 239
226 248
227 249
228 247
229 250
229 253
230 242
231 255
232 248
233 240
233 242
234 254
235 253
236 239
237 241
237 246
238 245
239 262
239 266
240 267
241 259
241 272
242 271
243 270
244 256
244 268
245 265
245 269
246 264
247 257
248 256
249 269
250 272
251 258
252 260
252 261
252 263
253 266
254 263
255 269
256 282
257 286
258 274
259 289
259 281
259 283
260 282
261 288
262 285
263 274
264 277
265 273
265 287
266 276
267 277
268 278
269 282
270 275
270 279
271 284
272 280
273 293
274 290
274 301
275 303
275 304
276 293
277 291
277 293
277 302
278 293
279 301
280 296
280 301
281 300
281 306
282 299
283 295
284 292
284 305
285 296
285 297
285 305
286 298
287 291
288 294
289 294
290 308
290 312
291 311
292 319
293 323
293 311
294 323
295 307
295 313
296 319
297 320
298 323
298 310
298 317
298 319
299 309
300 323
300 315
301 311
301 312
302 309
302 310
303 321
303 322
304 320
304 316
305 314
305 318
306 321
306 309
1 2 3 4 5 6 7 8 9 10 11 12 13 14 15 16 17 
18 19 20 21 22 23 24 25 26 27 28 29 30 31 32 33 34 
35 36 37 38 39 40 41 42 43 44 45 46 47 48 49 50 51 
52 53 54 55 56 57 58 59 60 61 62 63 64 65 66 67 68 
69 70 71 72 73 74 75 76 77 78 79 80 81 82 83 84 85 
86 87 88 89 90 91 92 93 94 95 96 97 98 99 100 101 102 
103 104 105 106 107 108 109 110 111 112 113 114 115 116 117 118 119 
120 121 122 123 124 125 126 127 128 129 130 131 132 133 134 135 136 
137 138 139 140 141 142 143 144 145 146 147 148 149 150 151 152 153 
154 155 156 157 158 159 160 161 162 163 164 165 166 167 168 169 170 
171 172 173 174 175 176 177 178 179 180 181 182 183 184 185 186 187 
188 189 190 191 192 193 194 195 196 197 198 199 200 201 202 203 204 
205 206 207 208 209 210 211 212 213 214 215 216 217 218 219 220 221 
222 223 224 225 226 227 228 229 230 231 232 233 234 235 236 237 238 
239 240 241 242 243 244 245 246 247 248 249 250 251 252 253 254 255 
256 257 258 259 260 261 262 263 264 265 266 267 268 269 270 271 272 
273 274 275 276 277 278 279 280 281 282 283 284 285 286 287 288 289 
290 291 292 293 294 295 296 297 298 299 300 301 302 303 304 305 306 
307 308 309 310 311 312 313 314 315 316 317 318 319 320 321 322 323 
108 126 153 
188 219 232 
119 124 149 159 186 
30 44 54 
202 207 238 
23 42 56 
20 47 61 75 
218 230 242 
107 136 138 
150 168 179 203 
118 134 139 
94 103 130 137 169 177 
156 175 201 
34 35 65 
154 173 196 
229 250 272 
212 226 248 
259 283 295 
191 216 224 
25 45 58 
31 40 52 
101 105 122 146 155 
252 260 282 
247 257 286 298 
239 262 285 
132 151 166 
36 62 74 
158 180 190 
4 29 37 
17 22 48 
233 240 267 277 
265 273 293 
182 204 210 
234 254 263 
187 198 205 
91 106 125 147 
99 111 123 
50 60 80 
120 145 163 
39 53 76 
261 288 294 
33 51 68 84 
57 70 87 
208 227 249 269 
157 171 194 214 
270 279 301 
284 292 319 
251 258 274 
113 131 142 
66 73 100 104 
43 64 81 
90 115 121 
55 79 92 
140 160 181 
63 85 102 
27 46 67 
