430 646 10 61
1 71
2 81
2 83
3 55
4 77
5 70
5 72
6 63
7 67
7 86
8 55
9 75
10 57
10 62
11 56
12 76
13 73
13 74
14 76
15 80
16 60
17 65
18 86
19 51
20 82
21 47
21 69
22 52
23 64
24 79
25 59
26 80
27 59
28 45
29 79
29 85
30 78
30 84
31 53
32 55
33 58
33 66
33 75
34 79
35 44
36 46
36 49
36 79
37 61
37 68
38 76
39 50
40 57
41 80
42 48
42 54
43 78
44 99
45 119
46 109
47 110
48 102
49 117
50 97
50 115
51 129
52 105
53 99
54 119
55 89
56 89
57 121
57 122
58 128
59 108
59 113
60 92
60 118
61 110
62 91
62 104
63 95
63 101
64 102
65 123
66 103
66 107
67 98
67 116
68 95
68 100
68 127
69 88
69 112
70 94
71 111
72 99
73 90
74 103
74 124
75 114
76 93
76 103
77 96
77 126
78 120
79 102
80 97
81 87
82 120
83 125
84 106
85 87
86 109
87 160
88 148
88 149
89 139
90 156
90 159
91 159
92 136
93 167
94 148
95 135
95 171
96 136
96 138
96 162
96 172
97 152
98 142
98 169
99 168
100 170
101 141
102 163
103 151
104 164
105 157
106 165
107 147
107 150
108 137
109 167
110 144
111 154
112 138
112 157
113 137
113 140
114 132
114 135
114 145
114 157
115 134
115 152
116 155
117 160
117 164
118 169
119 131
120 158
121 154
122 130
123 160
124 133
124 146
125 143
125 161
125 166
126 132
126 160
127 154
128 138
128 169
129 131
129 153
130 182
131 181
131 182
131 213
132 175
132 176
132 184
133 191
133 204
134 203
134 210
135 207
136 202
136 211
137 185
137 194
138 192
139 200
140 195
141 201
142 177
143 176
144 215
145 215
146 180
147 202
147 212
148 178
149 173
149 178
150 201
151 179
151 199
152 203
153 195
154 176
154 183
155 178
155 206
156 204
157 200
158 192
159 205
160 197
160 207
161 203
162 186
162 193
163 208
164 176
165 209
166 174
167 189
168 196
168 198
169 214
170 200
171 187
171 190
172 188
172 215
173 236
174 246
175 224
176 222
176 228
176 240
176 251
176 255
177 230
177 249
177 255
178 257
178 226
178 227
178 229
178 236
178 247
179 216
179 223
179 229
179 233
179 243
179 253
180 258
180 216
180 221
180 240
181 256
182 224
182 227
182 228
182 245
182 254
183 219
183 223
183 241
183 244
183 249
184 216
184 217
185 247
186 231
186 235
186 242
186 245
186 249
186 252
187 252
188 245
188 250
188 253
189 248
190 233
190 248
191 230
191 254
192 257
192 224
192 238
193 245
193 255
194 234
195 258
195 218
195 230
195 240
195 250
196 258
196 234
196 239
196 241
197 216
197 236
198 218
198 230
198 234
198 249
199 258
199 226
199 232
199 250
199 255
200 223
200 242
200 245
201 222
202 257
202 221
202 222
202 233
202 245
202 254
203 225
203 254
204 256
204 251
205 223
205 239
206 218
207 256
207 218
207 230
207 232
207 233
207 249
208 216
208 232
209 225
209 226
209 230
209 231
209 237
210 218
210 233
210 236
210 250
210 252
211 243
212 216
213 218
213 223
213 237
213 249
214 220
214 221
214 223
214 229
214 245
215 250
216 297
217 267
217 284
218 264
218 279
219 275
219 281
220 264
220 272
220 284
221 298
222 272
223 284
224 297
225 266
225 289
225 296
226 273
226 286
226 287
227 286
227 289
228 282
229 286
229 301
230 265
230 293
231 275
231 276
231 299
232 263
232 282
233 260
233 263
234 274
234 295
235 259
235 290
236 300
237 263
237 274
237 294
238 260
238 262
238 272
239 294
240 278
240 290
241 265
241 289
241 292
241 301
242 271
242 288
243 266
243 280
243 285
244 261
244 263
244 294
245 297
246 281
246 297
246 298
247 291
248 264
249 270
249 274
249 299
250 259
250 276
250 296
251 263
251 278
251 279
252 269
252 283
252 285
253 282
254 270
254 271
254 295
255 263
255 269
255 275
256 301
257 268
257 276
257 277
257 285
258 296
259 310
259 333
260 314
261 310
262 325
263 312
263 340
264 317
265 303
265 325
265 339
266 313
266 335
267 325
268 307
269 302
269 321
270 330
271 344
272 329
272 331
272 338
273 329
274 309
274 326
275 306
275 325
276 305
277 307
277 327
278 319
278 340
279 326
279 342
280 339
281 340
282 315
283 318
284 330
285 308
285 317
285 343
286 316
286 328
286 332
286 337
287 313
288 310
288 342
289 315
290 315
290 323
291 331
292 336
293 325
294 327
295 311
295 320
296 322
296 344
297 304
297 334
298 344
299 318
299 324
299 341
300 302
301 340
302 352
302 356
302 379
303 353
304 384
305 367
305 382
306 351
306 359
306 372
307 380
308 357
309 349
309 364
310 369
311 356
312 355
312 377
313 360
314 350
314 360
315 363
315 377
316 386
316 345
317 385
317 361
318 367
319 362
319 370
320 354
321 373
322 376
323 364
324 369
325 365
326 387
326 348
327 358
328 377
329 365
330 375
331 374
332 364
333 346
333 381
334 345
335 357
336 365
337 370
337 371
338 374
339 366
340 368
341 351
341 383
342 378
343 375
344 347
344 368
345 417
346 396
346 398
347 391
348 400
349 414
350 406
351 413
352 400
353 388
353 406
353 409
353 427
354 422
355 402
356 424
356 429
357 401
357 405
358 411
359 401
360 421
361 393
361 425
362 407
363 397
363 428
364 399
364 408
364 410
365 400
366 423
367 414
368 394
368 395
368 418
369 415
370 403
370 420
371 389
372 426
373 425
374 416
375 404
376 398
377 425
378 416
379 414
380 390
380 392
381 411
381 419
382 412
382 430
383 406
384 422
385 416
386 414
387 404
1 2 3 4 5 6 7 8 9 10 11 12 13 14 15 16 17 18 19 20 21 22 23 24 25 26 27 28 29 30 31 32 33 34 35 36 37 38 39 40 41 42 43 
44 45 46 47 48 49 50 51 52 53 54 55 56 57 58 59 60 61 62 63 64 65 66 67 68 69 70 71 72 73 74 75 76 77 78 79 80 81 82 83 84 85 86 
87 88 89 90 91 92 93 94 95 96 97 98 99 100 101 102 103 104 105 106 107 108 109 110 111 112 113 114 115 116 117 118 119 120 121 122 123 124 125 126 127 128 129 
130 131 132 133 134 135 136 137 138 139 140 141 142 143 144 145 146 147 148 149 150 151 152 153 154 155 156 157 158 159 160 161 162 163 164 165 166 167 168 169 170 171 172 
173 174 175 176 177 178 179 180 181 182 183 184 185 186 187 188 189 190 191 192 193 194 195 196 197 198 199 200 201 202 203 204 205 206 207 208 209 210 211 212 213 214 215 
216 217 218 219 220 221 222 223 224 225 226 227 228 229 230 231 232 233 234 235 236 237 238 239 240 241 242 243 244 245 246 247 248 249 250 251 252 253 254 255 256 257 258 
259 260 261 262 263 264 265 266 267 268 269 270 271 272 273 274 275 276 277 278 279 280 281 282 283 284 285 286 287 288 289 290 291 292 293 294 295 296 297 298 299 300 301 
302 303 304 305 306 307 308 309 310 311 312 313 314 315 316 317 318 319 320 321 322 323 324 325 326 327 328 329 330 331 332 333 334 335 336 337 338 339 340 341 342 343 344 
345 346 347 348 349 350 351 352 353 354 355 356 357 358 359 360 361 362 363 364 365 366 367 368 369 370 371 372 373 374 375 376 377 378 379 380 381 382 383 384 385 386 387 
388 389 390 391 392 393 394 395 396 397 398 399 400 401 402 403 404 405 406 407 408 409 410 411 412 413 414 415 416 417 418 419 420 421 422 423 424 425 426 427 428 429 430 
266 335 357 
28 45 119 
67 116 155 
241 292 336 365 
342 378 416 
167 189 248 
120 158 192 
98 142 177 
297 304 384 422 
59 108 137 
269 321 373 425 
326 348 400 
57 121 154 
236 300 302 
33 58 128 
62 91 159 
102 163 208 
5 72 99 
132 175 224 
322 376 398 
70 94 148 
230 293 325 
252 283 318 
89 139 200 
147 212 216 
60 118 169 
122 130 182 
243 280 339 
22 52 105 157 
309 349 414 
19 51 129 
344 347 391 
272 338 374 
312 355 402 
265 303 353 
101 141 201 
285 343 375 
306 372 426 
114 145 215 
2 81 87 
124 146 180 
36 46 109 
125 166 174 246 
295 311 356 
90 156 204 
327 358 411 
37 61 110 
247 291 331 
341 383 406 
131 181 256 
30 84 106 165 209 
244 261 310 
226 287 313 
286 328 377 
299 324 369 
17 65 123 160 
290 323 364 
319 362 407 
337 371 389 
257 268 307 
113 140 195 
