530 1272 10 37
1 85
1 93
2 55
2 64
2 79
2 87
2 94
3 54
3 65
3 93
4 62
4 86
4 87
4 96
4 102
5 67
5 97
6 75
7 69
7 89
7 99
8 57
8 80
8 106
9 59
9 60
9 73
9 85
9 99
10 64
10 87
10 89
10 92
11 69
11 94
11 98
11 99
12 99
12 101
13 60
13 63
13 73
13 86
13 89
13 94
14 60
14 61
14 105
15 60
15 68
15 83
15 93
15 102
16 86
17 91
17 94
18 62
18 78
18 87
18 89
18 96
18 105
19 69
19 74
19 79
19 88
19 104
20 82
21 71
21 84
21 87
21 88
21 90
21 99
22 73
22 99
22 100
23 54
23 66
23 77
23 81
23 86
23 91
24 58
24 59
24 75
24 77
24 85
24 102
25 63
25 73
25 89
25 94
25 99
26 74
27 102
28 85
29 74
29 78
29 79
30 61
30 67
30 68
30 82
30 83
31 64
31 74
32 68
33 67
33 72
33 91
33 94
34 56
34 75
35 73
35 78
35 83
35 102
36 60
36 71
36 88
36 89
36 93
36 106
37 58
37 76
38 86
39 78
39 84
39 86
39 98
39 101
40 54
40 55
40 56
40 58
40 70
40 77
41 61
41 93
42 58
42 66
42 69
42 79
42 89
42 99
43 69
44 81
44 93
44 99
44 103
44 104
45 101
46 59
46 64
46 65
46 77
46 95
46 97
47 59
47 75
47 85
47 101
48 102
49 93
50 71
50 93
51 79
51 90
51 96
51 98
51 104
52 75
52 77
52 81
52 102
53 54
54 137
54 139
54 145
54 120
54 121
54 124
55 143
55 121
56 136
56 148
56 156
56 111
56 117
57 153
58 148
58 151
59 137
59 150
59 151
59 109
60 130
60 136
60 137
60 140
60 113
60 121
61 157
61 122
62 140
63 115
64 135
64 148
64 112
64 118
64 120
65 148
65 156
65 157
65 114
65 121
65 127
66 158
66 108
66 110
66 112
66 120
67 111
68 133
68 143
68 110
68 113
68 124
69 136
69 152
69 116
70 133
70 135
70 136
70 142
70 110
70 113
71 133
71 143
71 145
71 122
71 125
71 127
72 145
72 149
72 152
72 156
72 121
73 156
74 144
74 127
75 137
75 139
75 157
75 113
75 126
75 127
76 129
77 147
77 149
77 108
77 114
77 126
78 115
78 126
79 133
79 147
79 149
79 107
79 120
79 127
80 132
80 136
80 141
80 144
80 147
80 156
80 157
81 144
81 115
81 116
81 117
82 129
82 142
82 156
83 128
83 137
83 140
83 144
83 152
83 114
84 132
84 144
84 149
84 157
84 108
85 140
85 144
85 109
85 112
85 113
85 121
85 123
86 156
86 109
86 117
87 136
87 150
87 110
87 113
87 127
88 134
88 147
88 109
88 115
88 117
88 118
89 137
89 147
89 149
89 154
89 157
89 159
89 126
90 152
90 155
90 127
91 135
91 143
91 151
91 120
92 133
92 115
92 116
92 124
93 134
93 143
93 107
93 116
93 123
94 139
95 110
96 148
96 118
96 123
96 124
96 127
97 136
97 149
97 152
97 156
97 111
97 117
98 110
99 135
99 140
99 146
99 158
99 107
100 137
100 140
100 118
100 123
101 155
102 138
102 125
103 129
103 134
103 135
103 139
103 110
103 120
104 130
104 132
104 115
104 119
104 122
104 126
105 129
105 135
105 158
105 118
106 128
106 131
106 142
106 159
106 127
107 204
108 188
109 200
110 194
110 199
110 201
111 161
112 171
112 197
113 173
113 194
113 198
114 166
114 187
114 193
114 197
115 161
115 178
115 185
116 203
117 202
118 171
118 188
118 189
119 210
120 161
120 171
120 179
120 183
121 200
122 164
122 165
122 180
122 211
123 170
123 189
124 178
124 188
124 191
124 212
125 161
125 169
125 176
126 190
127 175
128 168
129 161
129 186
129 204
130 160
131 169
131 192
131 195
132 211
133 166
133 169
133 186
134 181
135 162
136 166
136 167
136 170
136 193
137 163
138 169
138 170
139 177
139 187
140 178
140 188
140 193
141 175
142 207
143 170
143 197
144 195
145 160
145 162
145 164
145 210
146 200
147 181
147 184
148 161
148 169
148 208
149 170
149 205
150 179
150 180
150 209
151 167
151 174
151 200
151 207
152 164
152 169
152 182
153 172
153 205
154 164
154 176
155 175
155 196
155 206
156 209
157 186
157 189
158 175
159 161
159 192
159 194
159 195
160 258
160 220
161 232
161 245
161 249
162 218
162 230
163 223
164 265
165 260
166 225
166 230
166 249
167 226
167 240
167 243
168 261
168 229
168 247
169 239
170 257
170 227
171 230
171 243
171 247
172 263
172 245
173 231
173 246
174 264
174 218
174 245
175 220
176 262
176 247
177 259
177 219
177 249
178 223
178 228
179 265
180 265
180 232
181 256
181 230
182 263
182 215
183 256
184 265
184 215
185 219
185 251
186 218
186 220
186 250
187 261
187 221
187 238
188 218
188 242
189 223
189 244
190 214
190 248
191 263
192 263
192 234
193 237
193 243
193 254
194 253
195 224
195 252
196 262
196 231
197 259
197 255
198 218
199 213
200 217
200 233
201 226
202 214
202 222
202 248
203 259
203 241
203 250
204 234
205 257
205 254
206 216
206 226
206 231
207 215
207 236
208 232
209 257
209 235
210 253
211 214
212 218
212 221
213 308
214 295
215 288
215 293
216 305
217 298
218 311
219 303
220 285
221 294
221 304
222 271
223 280
224 281
224 292
224 297
224 302
225 296
226 283
227 269
228 316
229 284
229 287
230 275
231 270
231 273
232 310
233 278
234 286
235 318
236 269
237 266
237 290
238 301
239 275
240 272
240 306
241 268
241 312
242 305
243 305
244 276
245 282
246 270
246 274
247 315
248 292
249 285
250 313
251 315
252 311
253 298
254 298
255 277
255 317
256 310
257 311
258 266
259 313
260 289
260 300
260 305
261 267
261 313
262 270
262 291
262 309
263 279
263 298
264 295
264 299
265 307
265 314
266 319
266 323
266 325
266 330
266 332
267 330
267 353
268 319
268 320
268 354
269 322
269 333
270 329
270 338
271 337
271 342
271 367
271 370
272 329
272 346
272 357
272 358
272 369
273 336
273 370
274 359
275 369
276 319
276 323
276 338
276 348
277 328
277 334
277 346
278 321
278 342
278 348
278 368
279 357
279 369
280 330
280 335
280 345
280 355
281 343
281 359
281 363
282 321
282 364
283 319
283 325
283 346
283 352
283 370
284 354
285 332
285 334
285 352
285 353
286 320
286 333
286 347
286 366
287 327
287 337
287 351
287 370
288 326
289 344
290 340
290 367
290 368
291 339
291 346
291 362
292 319
292 324
292 333
292 354
292 367
293 329
293 361
294 319
294 322
294 348
295 370
296 343
296 345
296 354
296 364
297 319
297 339
297 358
298 324
298 330
298 341
298 350
298 356
299 331
299 343
300 351
300 353
300 363
300 365
301 362
302 327
302 364
303 324
303 330
303 339
304 320
304 350
305 321
305 349
305 356
306 364
306 371
307 330
308 320
308 330
308 332
308 348
308 355
309 344
310 320
310 354
311 321
311 325
311 328
311 336
311 339
312 326
312 343
312 353
312 357
313 335
313 336
313 341
313 371
314 362
314 370
315 320
315 321
315 328
315 349
315 360
316 356
317 327
317 342
317 346
317 367
317 370
318 339
318 344
318 362
319 387
319 388
320 374
321 389
322 404
323 390
324 385
324 403
324 412
324 377
325 393
325 396
325 423
326 417
326 372
326 383
327 390
327 407
328 393
328 406
328 421
329 417
330 390
330 416
330 419
330 379
331 419
332 372
332 374
332 378
333 422
334 400
334 372
335 411
335 412
336 384
336 381
337 388
337 393
337 380
338 387
339 410
339 423
340 394
340 409
340 377
341 403
341 414
341 423
342 412
342 373
343 403
343 375
344 398
344 424
345 372
346 376
346 381
346 382
347 403
347 418
348 394
348 416
349 381
350 401
350 403
350 377
351 388
351 373
351 381
352 391
352 419
352 420
353 414
354 418
354 420
354 378
355 391
355 396
355 408
356 400
356 414
356 419
357 410
357 414
358 377
359 395
359 407
359 415
360 399
360 423
360 372
361 403
361 421
361 383
362 405
363 375
364 393
364 400
365 393
366 413
366 383
367 396
367 406
367 372
368 392
369 395
369 396
369 418
370 402
370 408
371 386
371 397
372 426
372 461
372 476
373 427
373 449
373 462
373 469
374 438
375 467
376 432
376 433
376 434
376 435
376 436
376 447
377 438
377 441
377 444
378 450
378 453
378 463
378 472
379 443
379 463
380 425
380 428
380 453
380 463
380 469
381 428
382 439
382 449
382 450
382 454
382 465
383 430
383 451
383 454
383 463
383 472
384 439
385 467
386 427
386 454
386 461
386 474
386 475
387 429
387 436
387 438
387 456
388 426
388 430
388 440
388 441
388 444
388 454
389 427
389 451
389 457
389 475
390 439
390 444
390 452
390 455
390 475
391 425
391 431
392 437
392 446
392 453
392 460
392 464
392 468
393 434
393 457
393 476
394 456
395 435
395 436
395 441
395 451
395 471
395 477
396 442
396 470
397 444
397 448
397 452
397 455
398 436
398 446
398 452
398 467
398 473
399 436
400 426
400 436
400 438
400 443
400 460
400 476
401 444
401 447
401 457
401 465
402 431
402 439
402 449
402 451
402 463
402 464
403 435
403 443
403 444
403 449
403 465
403 477
404 443
405 425
405 455
405 459
405 466
406 427
406 430
406 436
406 443
406 453
406 455
407 430
407 456
408 430
409 445
409 450
409 453
409 457
409 463
409 472
410 436
411 427
411 438
411 440
411 474
412 466
413 453
413 457
413 477
414 429
414 431
414 438
414 444
414 450
415 428
415 432
415 450
415 457
416 425
416 426
416 441
416 446
416 459
417 434
417 438
417 448
417 458
417 460
417 468
418 428
418 431
418 451
418 460
419 441
419 442
420 427
421 427
421 446
421 453
421 457
421 467
421 473
422 427
423 445
423 468
424 446
424 447
425 512
425 497
426 494
427 519
427 526
427 486
427 498
427 503
428 486
428 494
429 522
429 479
429 484
429 507
429 508
430 489
430 493
430 497
430 506
431 480
432 517
432 519
432 523
432 490
432 494
433 524
433 506
433 510
434 504
435 517
435 484
435 499
436 513
436 521
436 496
437 513
437 515
437 481
437 500
437 507
438 525
439 523
440 524
441 523
441 484
441 488
441 499
442 515
442 478
442 507
443 520
443 479
443 481
443 489
444 515
444 526
444 479
444 494
445 478
446 514
446 527
446 501
447 479
447 482
448 515
448 526
448 481
448 506
449 529
449 481
449 490
449 499
450 480
450 511
451 511
452 509
453 519
453 486
453 490
453 508
454 520
454 485
455 526
455 483
455 508
456 525
457 517
457 522
457 479
457 493
458 513
458 507
459 519
459 483
459 494
460 516
460 482
460 503
460 504
461 526
461 487
461 501
462 481
462 484
463 524
464 492
464 504
465 479
465 486
465 497
465 500
466 530
466 478
466 486
466 510
466 511
467 523
467 487
467 505
468 508
469 504
470 529
470 530
470 506
471 491
472 520
473 519
473 528
473 494
473 495
473 496
474 508
475 513
475 516
475 518
475 483
475 495
476 513
476 502
477 488
477 500
477 504
1 2 3 4 5 6 7 8 9 10 11 12 13 14 15 16 17 18 19 20 21 22 23 24 25 26 27 28 29 30 31 32 33 34 35 36 37 38 39 40 41 42 43 44 45 46 47 48 49 50 51 52 53 
54 55 56 57 58 59 60 61 62 63 64 65 66 67 68 69 70 71 72 73 74 75 76 77 78 79 80 81 82 83 84 85 86 87 88 89 90 91 92 93 94 95 96 97 98 99 100 101 102 103 104 105 106 
107 108 109 110 111 112 113 114 115 116 117 118 119 120 121 122 123 124 125 126 127 128 129 130 131 132 133 134 135 136 137 138 139 140 141 142 143 144 145 146 147 148 149 150 151 152 153 154 155 156 157 158 159 
160 161 162 163 164 165 166 167 168 169 170 171 172 173 174 175 176 177 178 179 180 181 182 183 184 185 186 187 188 189 190 191 192 193 194 195 196 197 198 199 200 201 202 203 204 205 206 207 208 209 210 211 212 
213 214 215 216 217 218 219 220 221 222 223 224 225 226 227 228 229 230 231 232 233 234 235 236 237 238 239 240 241 242 243 244 245 246 247 248 249 250 251 252 253 254 255 256 257 258 259 260 261 262 263 264 265 
266 267 268 269 270 271 272 273 274 275 276 277 278 279 280 281 282 283 284 285 286 287 288 289 290 291 292 293 294 295 296 297 298 299 300 301 302 303 304 305 306 307 308 309 310 311 312 313 314 315 316 317 318 
319 320 321 322 323 324 325 326 327 328 329 330 331 332 333 334 335 336 337 338 339 340 341 342 343 344 345 346 347 348 349 350 351 352 353 354 355 356 357 358 359 360 361 362 363 364 365 366 367 368 369 370 371 
372 373 374 375 376 377 378 379 380 381 382 383 384 385 386 387 388 389 390 391 392 393 394 395 396 397 398 399 400 401 402 403 404 405 406 407 408 409 410 411 412 413 414 415 416 417 418 419 420 421 422 423 424 
425 426 427 428 429 430 431 432 433 434 435 436 437 438 439 440 441 442 443 444 445 446 447 448 449 450 451 452 453 454 455 456 457 458 459 460 461 462 463 464 465 466 467 468 469 470 471 472 473 474 475 476 477 
478 479 480 481 482 483 484 485 486 487 488 489 490 491 492 493 494 495 496 497 498 499 500 501 502 503 504 505 506 507 508 509 510 511 512 513 514 515 516 517 518 519 520 521 522 523 524 525 526 527 528 529 530 
166 225 296 
113 198 218 
137 163 223 
187 238 301 362 
185 251 315 
110 199 213 308 
206 216 305 
395 471 491 
80 141 175 
333 422 427 
336 384 439 
189 244 276 
122 165 260 
37 76 129 
170 227 269 
169 239 275 
265 307 330 
246 274 359 
202 222 271 
322 404 443 
99 146 200 
148 208 232 
360 399 436 
300 365 393 
120 183 256 
195 252 311 
8 57 153 
215 288 326 
160 258 266 
262 309 344 
124 191 263 
178 228 316 356 
209 235 318 
229 284 354 
299 331 419 
104 119 210 
324 385 467 
