600 850 30 104
1 37
2 32
2 38
3 28
3 36
4 37
5 31
6 24
7 30
8 25
8 35
9 35
10 22
10 37
11 27
12 23
12 29
13 39
14 34
15 33
16 26
16 40
17 24
18 37
19 27
20 21
21 51
21 56
22 55
22 57
23 42
23 46
23 50
24 49
25 49
26 59
27 48
27 52
28 53
29 49
30 45
30 56
31 58
32 53
33 41
33 54
33 60
34 49
35 43
35 44
36 59
37 58
38 59
39 47
40 59
41 75
42 78
43 62
43 69
43 72
44 71
45 77
46 70
47 76
48 62
49 67
49 73
50 68
51 80
52 61
52 79
53 64
54 62
54 66
55 78
56 80
57 63
57 75
57 76
58 64
58 65
58 77
58 78
59 68
59 74
60 68
61 85
62 100
63 84
63 88
64 81
65 87
66 89
67 93
68 95
69 99
70 96
71 91
72 86
73 96
74 91
74 94
75 84
76 90
76 91
76 98
77 85
78 82
79 92
79 97
80 83
80 87
81 101
81 102
81 104
82 101
83 111
84 112
85 105
85 120
86 111
87 107
88 106
89 109
90 115
91 107
91 114
92 117
93 119
94 103
94 110
95 112
95 113
96 108
97 112
98 119
99 117
100 107
100 116
100 118
101 122
102 133
102 127
103 122
104 139
105 129
105 130
106 135
106 127
107 122
108 125
109 132
109 140
109 123
110 128
111 134
111 121
112 140
113 138
113 126
114 124
115 122
116 138
117 131
118 137
118 140
119 121
120 136
121 143
121 157
122 160
123 143
124 152
124 154
125 146
125 153
126 143
126 157
127 146
127 156
128 151
129 146
129 155
130 142
130 158
131 157
132 141
133 151
134 144
134 145
135 148
135 155
136 159
137 146
137 150
138 148
138 149
139 141
139 147
140 146
141 171
142 163
142 174
143 177
143 180
144 177
145 170
146 172
146 178
147 167
148 167
149 179
150 166
150 169
150 174
151 162
151 165
152 169
153 179
154 164
154 175
155 179
156 171
157 173
157 176
158 162
159 161
159 168
159 179
160 173
161 199
162 195
163 189
164 194
165 189
165 190
166 192
167 188
167 193
168 186
169 184
170 195
170 200
171 183
172 186
172 196
173 184
174 182
174 187
175 185
175 191
176 186
176 197
177 184
177 198
178 181
179 195
180 199
181 202
181 214
182 210
182 215
183 213
183 217
184 208
184 209
184 218
185 203
186 211
186 217
187 204
187 205
187 212
188 204
188 219
189 203
189 216
190 217
191 218
192 220
193 202
193 214
194 204
195 203
196 220
197 206
198 218
199 201
199 207
199 211
200 209
201 237
202 231
203 227
203 232
204 240
205 224
205 236
206 225
207 222
208 223
209 227
210 221
210 228
211 225
211 233
211 239
212 238
213 237
214 229
215 230
215 234
216 222
217 226
217 240
218 237
219 227
220 223
220 235
221 259
221 254
222 256
223 243
224 245
225 258
225 254
226 246
227 249
227 253
228 259
228 260
229 241
230 259
231 252
232 255
233 257
233 248
234 246
234 255
235 250
236 244
236 247
237 256
238 242
238 250
239 248
240 259
240 251
241 267
241 271
241 274
242 276
243 265
243 277
244 275
244 278
245 274
246 269
247 263
247 274
248 266
248 272
248 277
248 280
249 268
250 262
251 272
252 272
252 277
253 264
253 268
254 265
255 277
256 262
257 261
257 273
257 279
258 279
259 279
260 270
261 286
261 296
262 293
262 294
263 288
263 290
264 281
264 287
265 285
266 297
267 287
267 300
268 282
268 285
268 300
269 290
269 291
270 293
271 292
271 295
272 296
273 289
273 296
274 300
275 297
276 284
276 287
277 283
277 285
278 292
279 298
279 299
280 287
281 308
282 309
282 313
283 303
283 317
284 306
284 312
285 311
285 316
286 313
287 301
288 313
288 320
289 315
290 319
291 304
291 310
292 314
293 311
294 303
295 301
295 307
296 305
296 318
297 301
298 302
298 304
299 304
300 305
301 330
301 336
301 338
302 331
302 340
303 340
304 323
305 323
305 324
306 326
306 334
307 336
308 332
308 334
309 335
310 322
310 337
311 329
312 328
313 335
314 338
315 327
315 340
316 325
317 333
318 328
318 339
319 334
320 321
321 350
321 354
322 353
323 342
324 347
325 344
326 347
327 355
328 349
328 360
329 345
330 347
330 358
331 354
332 347
333 343
334 354
335 345
335 359
336 351
337 345
338 341
339 346
339 356
340 348
340 352
340 357
340 360
341 365
342 373
343 371
343 372
344 367
345 366
346 366
346 379
347 369
348 376
348 380
349 364
350 368
350 374
351 363
352 362
353 361
353 378
354 362
355 376
356 377
357 375
358 368
359 376
360 364
360 370
361 381
362 389
362 390
363 395
364 385
364 398
365 399
365 400
366 389
366 396
366 382
367 385
368 397
369 383
370 383
371 391
372 384
373 392
374 391
374 394
375 387
376 388
377 396
378 388
379 393
380 386
380 383
381 405
382 405
383 407
383 411
384 402
385 415
386 403
386 418
387 414
388 409
388 417
389 413
390 403
391 404
391 417
392 413
393 406
393 408
394 412
395 405
396 401
397 416
397 420
398 414
399 407
399 419
400 403
400 410
401 439
402 433
403 421
403 425
404 426
405 434
406 422
407 439
408 438
409 435
410 440
411 432
411 437
412 423
413 427
414 423
414 424
414 428
415 432
416 436
417 430
418 427
418 429
419 436
420 430
420 431
421 445
422 444
422 452
422 456
423 451
424 451
425 442
425 453
426 447
426 449
427 457
427 460
428 446
428 450
429 443
430 457
431 444
431 455
432 441
433 449
433 451
433 454
434 445
434 458
435 451
436 452
437 448
437 452
437 459
438 450
439 448
440 453
441 467
442 467
443 462
443 466
443 471
444 463
445 464
446 464
446 467
446 477
446 480
447 462
448 468
449 471
450 474
451 467
452 473
453 465
453 478
454 470
454 479
455 464
455 469
455 480
456 473
456 476
457 467
458 472
458 473
459 461
459 473
460 464
460 475
461 486
462 491
462 500
463 486
463 487
463 497
464 496
465 488
465 493
465 494
466 482
466 492
467 496
468 489
469 484
469 485
470 483
470 486
471 488
471 498
472 489
473 486
474 481
475 490
475 495
476 489
477 496
478 497
479 491
480 491
480 499
481 512
482 505
483 504
484 514
484 509
485 510
486 501
487 506
488 507
489 509
490 503
490 507
491 517
492 519
492 506
493 516
493 511
494 517
495 515
495 508
496 518
497 513
498 502
499 520
500 517
501 528
502 522
503 522
504 523
504 536
505 531
506 527
506 535
506 537
507 534
508 521
508 528
508 532
509 525
509 534
510 538
511 535
512 526
513 533
514 529
514 539
514 540
515 524
516 530
517 528
518 531
519 521
520 521
521 543
522 553
522 555
523 559
524 549
524 554
525 543
525 556
526 558
527 560
528 541
528 552
529 551
530 545
530 550
531 542
532 548
533 544
533 558
534 547
534 558
535 553
536 546
537 558
538 549
538 557
539 546
540 549
541 576
541 577
542 567
542 576
543 565
543 566
544 572
545 571
545 578
546 570
546 571
547 566
548 561
549 578
550 563
550 564
550 570
551 568
551 569
551 579
552 566
553 578
554 561
554 574
555 575
555 578
556 573
556 580
557 571
557 576
558 566
559 569
559 578
560 562
560 567
561 599
562 583
563 594
564 581
564 590
565 595
566 596
567 592
567 598
568 586
569 588
569 590
570 594
571 585
571 596
572 586
572 598
573 587
573 591
574 591
574 599
575 583
575 587
576 595
577 589
578 591
578 593
578 597
579 582
579 584
579 600
580 581
1 2 3 4 5 6 7 8 9 10 11 12 13 14 15 16 17 18 19 20 
21 22 23 24 25 26 27 28 29 30 31 32 33 34 35 36 37 38 39 40 
41 42 43 44 45 46 47 48 49 50 51 52 53 54 55 56 57 58 59 60 
61 62 63 64 65 66 67 68 69 70 71 72 73 74 75 76 77 78 79 80 
81 82 83 84 85 86 87 88 89 90 91 92 93 94 95 96 97 98 99 100 
101 102 103 104 105 106 107 108 109 110 111 112 113 114 115 116 117 118 119 120 
121 122 123 124 125 126 127 128 129 130 131 132 133 134 135 136 137 138 139 140 
141 142 143 144 145 146 147 148 149 150 151 152 153 154 155 156 157 158 159 160 
161 162 163 164 165 166 167 168 169 170 171 172 173 174 175 176 177 178 179 180 
181 182 183 184 185 186 187 188 189 190 191 192 193 194 195 196 197 198 199 200 
201 202 203 204 205 206 207 208 209 210 211 212 213 214 215 216 217 218 219 220 
221 222 223 224 225 226 227 228 229 230 231 232 233 234 235 236 237 238 239 240 
241 242 243 244 245 246 247 248 249 250 251 252 253 254 255 256 257 258 259 260 
261 262 263 264 265 266 267 268 269 270 271 272 273 274 275 276 277 278 279 280 
281 282 283 284 285 286 287 288 289 290 291 292 293 294 295 296 297 298 299 300 
301 302 303 304 305 306 307 308 309 310 311 312 313 314 315 316 317 318 319 320 
321 322 323 324 325 326 327 328 329 330 331 332 333 334 335 336 337 338 339 340 
341 342 343 344 345 346 347 348 349 350 351 352 353 354 355 356 357 358 359 360 
361 362 363 364 365 366 367 368 369 370 371 372 373 374 375 376 377 378 379 380 
381 382 383 384 385 386 387 388 389 390 391 392 393 394 395 396 397 398 399 400 
401 402 403 404 405 406 407 408 409 410 411 412 413 414 415 416 417 418 419 420 
421 422 423 424 425 426 427 428 429 430 431 432 433 434 435 436 437 438 439 440 
441 442 443 444 445 446 447 448 449 450 451 452 453 454 455 456 457 458 459 460 
461 462 463 464 465 466 467 468 469 470 471 472 473 474 475 476 477 478 479 480 
481 482 483 484 485 486 487 488 489 490 491 492 493 494 495 496 497 498 499 500 
501 502 503 504 505 506 507 508 509 510 511 512 513 514 515 516 517 518 519 520 
521 522 523 524 525 526 527 528 529 530 531 532 533 534 535 536 537 538 539 540 
541 542 543 544 545 546 547 548 549 550 551 552 553 554 555 556 557 558 559 560 
561 562 563 564 565 566 567 568 569 570 571 572 573 574 575 576 577 578 579 580 
581 582 583 584 585 586 587 588 589 590 591 592 593 594 595 596 597 598 599 600 
397 416 436 
308 332 347 
143 180 199 
80 83 111 
353 378 388 
533 544 572 
54 66 89 109 
351 363 395 405 
551 568 586 
248 266 297 
316 325 344 367 385 
81 104 139 
514 540 549 
532 548 561 
188 219 227 
446 477 496 
94 110 128 151 
327 355 376 
176 197 206 225 
410 440 453 
317 333 343 
33 41 75 
79 97 112 
166 192 220 
414 424 451 
450 474 481 512 526 558 
311 329 345 
14 34 49 
471 498 502 522 
30 45 77 
393 406 422 
159 168 186 
23 42 78 
238 242 276 
506 527 560 
224 245 274 
458 472 489 
373 392 413 
134 144 177 
217 226 246 
67 93 119 
184 208 223 
295 307 336 
374 394 412 423 
486 501 528 
91 114 124 
16 26 59 
492 519 521 
13 39 47 76 
164 194 204 
279 299 304 
541 577 589 
52 61 85 
288 320 321 
534 547 566 
360 370 383 
466 482 505 531 
240 251 272 
403 421 445 
290 319 334 
504 536 546 
418 429 443 
46 70 96 
432 441 467 
495 515 524 
43 69 99 117 
122 160 173 
170 200 209 
175 185 203 
127 156 171 
469 485 510 538 
2 32 53 
330 358 368 
462 500 517 
142 163 189 
396 401 439 
214 229 241 
5 31 58 
100 116 138 
228 260 270 293 
340 352 362 
391 404 426 
284 312 328 
302 331 354 
384 402 433 
63 88 106 
146 178 181 
183 213 237 
215 230 259 
27 48 62 
202 231 252 
556 580 581 
493 511 535 
543 565 595 
244 278 292 
550 563 594 
282 309 335 
125 153 179 
273 289 315 
130 158 162 
262 294 303 
338 341 365 
454 479 491 
261 286 313 
