550 743 50 101
1 13
1 20
2 14
2 18
3 19
4 17
5 13
5 15
6 12
7 14
8 21
9 13
10 16
11 22
12 30
13 28
14 25
15 33
16 29
17 32
18 25
18 27
19 23
19 24
20 26
20 31
21 31
22 32
23 36
24 39
25 44
26 39
27 35
28 43
29 42
30 34
30 37
30 39
31 35
31 38
32 41
32 43
33 40
34 45
35 49
36 46
36 54
36 55
37 48
37 51
37 55
38 55
39 50
40 46
40 53
41 46
42 52
43 47
44 46
45 56
45 60
46 66
46 56
47 57
47 61
48 56
49 65
49 58
50 58
51 59
51 62
52 64
53 59
54 63
55 63
56 75
57 69
57 73
57 74
58 67
58 75
58 77
59 68
60 68
61 70
62 71
62 72
63 76
64 70
65 73
66 75
67 82
68 84
69 80
70 78
70 85
70 88
71 88
72 86
73 83
74 78
75 82
76 81
76 87
77 79
78 89
79 97
80 99
81 93
82 98
82 90
83 95
84 91
84 95
85 93
86 96
86 92
86 94
87 95
88 96
89 101
90 103
91 108
92 101
92 106
93 109
94 103
95 104
96 102
97 109
98 100
98 105
98 107
99 109
99 110
100 121
101 111
102 111
103 117
104 116
105 111
106 112
107 119
107 120
108 114
108 120
109 113
109 118
110 113
110 115
111 126
112 128
112 124
113 122
114 132
115 129
116 125
117 122
118 129
119 130
119 131
120 122
120 127
121 123
122 141
123 139
124 135
125 137
126 142
127 142
128 133
128 138
128 140
129 137
130 136
131 135
131 143
132 134
133 147
134 144
135 148
136 145
136 149
137 146
138 145
139 150
140 151
141 146
142 154
143 152
143 153
144 164
145 162
145 163
145 157
146 160
147 163
147 164
147 159
148 158
149 163
150 155
151 165
152 160
153 163
154 161
154 156
155 166
155 173
156 168
157 175
158 176
159 170
160 167
160 172
160 173
161 171
161 174
162 169
162 170
163 174
164 176
165 176
166 187
167 179
168 183
169 179
170 178
171 180
171 183
172 181
173 185
173 186
174 177
174 182
175 184
175 187
176 187
177 191
178 196
178 197
179 198
180 197
181 194
181 188
182 197
182 190
183 192
184 193
185 198
186 192
187 195
187 189
188 205
189 206
190 202
191 199
192 201
193 204
194 206
195 202
195 203
196 200
196 207
197 199
197 208
197 209
198 199
199 217
200 211
200 214
201 210
201 213
202 217
203 213
203 216
204 211
205 220
206 218
206 219
207 211
207 215
208 213
209 212
210 225
210 231
211 224
211 230
212 226
213 229
214 226
215 229
216 228
216 221
217 230
217 223
218 221
219 227
219 222
220 229
221 232
221 240
222 234
222 242
223 237
224 232
225 235
225 237
225 238
226 233
226 235
227 235
227 239
227 241
228 236
229 237
230 232
231 239
232 250
233 249
233 251
234 253
235 248
236 247
237 243
237 252
238 250
239 245
240 244
240 253
241 253
242 246
243 255
244 260
244 254
245 264
246 263
247 264
248 264
249 262
250 262
251 256
251 259
251 261
252 257
252 258
253 262
254 267
254 271
255 268
256 269
257 265
258 269
259 267
260 275
261 266
262 270
262 273
262 274
263 267
263 268
263 272
264 266
265 280
265 285
266 281
267 280
268 283
269 278
270 282
270 284
271 276
271 278
272 279
272 284
273 286
274 277
275 278
276 296
277 296
278 291
278 292
278 293
279 288
280 291
280 295
281 289
282 296
283 296
284 287
285 290
285 294
286 297
286 287
287 301
287 305
287 308
288 298
289 303
289 307
290 304
291 299
291 301
292 300
293 301
293 302
294 304
295 301
296 306
297 304
298 318
298 319
299 309
300 314
301 311
302 312
302 317
303 310
304 309
305 309
306 315
306 316
307 313
307 314
308 314
309 322
309 328
310 327
310 330
311 326
312 328
313 321
314 324
315 323
316 327
317 324
318 320
318 325
318 329
319 324
320 332
320 338
321 334
321 339
322 337
323 335
323 341
324 331
324 333
325 340
326 333
327 337
328 335
329 338
330 334
330 336
331 352
332 342
332 351
333 344
333 347
333 348
334 350
335 346
336 345
336 349
337 348
338 350
339 343
340 350
341 349
342 358
343 353
344 354
345 358
345 361
346 356
346 360
347 354
348 360
349 355
350 360
351 357
351 358
352 359
352 362
352 363
353 368
354 373
355 370
356 370
356 371
357 374
358 365
359 372
360 364
360 367
361 366
362 364
362 366
362 369
363 368
364 375
364 383
365 376
366 378
367 385
368 380
368 382
369 382
370 379
371 379
372 384
373 384
374 377
374 381
374 382
375 392
376 396
377 393
377 396
378 387
378 395
379 386
380 390
381 389
382 388
383 391
383 394
384 391
385 395
386 401
386 405
387 397
387 402
388 401
389 402
390 399
391 403
392 401
393 402
393 407
394 406
395 398
395 400
395 404
396 401
397 417
398 410
398 411
399 416
399 417
399 409
400 418
401 415
402 417
403 413
404 408
405 411
406 414
407 412
408 419
408 423
409 419
410 427
411 420
412 426
412 428
413 419
414 427
415 421
415 425
416 425
416 429
417 422
418 424
419 430
420 433
420 435
421 432
421 438
422 438
423 434
424 437
425 440
426 439
427 440
428 436
429 431
430 451
431 451
432 450
433 443
434 443
435 441
435 442
435 446
436 449
436 451
436 443
437 448
437 445
438 447
439 451
440 451
440 444
441 458
442 461
443 462
444 454
444 455
444 456
445 452
446 453
446 460
447 457
448 452
448 456
448 459
449 456
450 456
451 456
452 471
453 472
454 470
454 473
455 463
456 469
457 466
457 467
458 469
459 465
459 471
460 466
461 468
462 464
463 480
464 481
464 474
465 483
466 478
467 483
467 475
468 484
468 479
469 477
470 477
471 476
472 474
473 482
474 485
474 495
475 493
476 488
477 486
477 492
478 489
478 494
479 495
480 493
481 488
482 491
483 490
483 493
484 487
485 496
485 501
486 498
486 500
486 502
487 497
487 502
488 506
489 500
490 506
491 503
491 505
492 502
493 503
494 499
495 504
496 509
497 509
498 507
499 516
500 516
501 517
502 515
502 511
503 512
503 507
503 510
504 513
504 514
505 512
506 508
506 509
507 519
507 520
508 521
509 522
510 518
510 523
510 525
511 524
512 518
513 524
514 526
515 528
516 528
517 518
517 520
517 527
518 531
519 532
520 538
521 534
522 530
523 529
523 537
523 538
524 539
525 535
526 533
526 534
527 539
528 530
528 536
529 548
530 542
531 550
531 543
532 545
532 540
533 544
534 540
535 546
535 547
535 541
536 542
537 548
538 549
539 548
1 2 3 4 5 6 7 8 9 10 11 
12 13 14 15 16 17 18 19 20 21 22 
23 24 25 26 27 28 29 30 31 32 33 
34 35 36 37 38 39 40 41 42 43 44 
45 46 47 48 49 50 51 52 53 54 55 
56 57 58 59 60 61 62 63 64 65 66 
67 68 69 70 71 72 73 74 75 76 77 
78 79 80 81 82 83 84 85 86 87 88 
89 90 91 92 93 94 95 96 97 98 99 
100 101 102 103 104 105 106 107 108 109 110 
111 112 113 114 115 116 117 118 119 120 121 
122 123 124 125 126 127 128 129 130 131 132 
133 134 135 136 137 138 139 140 141 142 143 
144 145 146 147 148 149 150 151 152 153 154 
155 156 157 158 159 160 161 162 163 164 165 
166 167 168 169 170 171 172 173 174 175 176 
177 178 179 180 181 182 183 184 185 186 187 
188 189 190 191 192 193 194 195 196 197 198 
199 200 201 202 203 204 205 206 207 208 209 
210 211 212 213 214 215 216 217 218 219 220 
221 222 223 224 225 226 227 228 229 230 231 
232 233 234 235 236 237 238 239 240 241 242 
243 244 245 246 247 248 249 250 251 252 253 
254 255 256 257 258 259 260 261 262 263 264 
265 266 267 268 269 270 271 272 273 274 275 
276 277 278 279 280 281 282 283 284 285 286 
287 288 289 290 291 292 293 294 295 296 297 
298 299 300 301 302 303 304 305 306 307 308 
309 310 311 312 313 314 315 316 317 318 319 
320 321 322 323 324 325 326 327 328 329 330 
331 332 333 334 335 336 337 338 339 340 341 
342 343 344 345 346 347 348 349 350 351 352 
353 354 355 356 357 358 359 360 361 362 363 
364 365 366 367 368 369 370 371 372 373 374 
375 376 377 378 379 380 381 382 383 384 385 
386 387 388 389 390 391 392 393 394 395 396 
397 398 399 400 401 402 403 404 405 406 407 
408 409 410 411 412 413 414 415 416 417 418 
419 420 421 422 423 424 425 426 427 428 429 
430 431 432 433 434 435 436 437 438 439 440 
441 442 443 444 445 446 447 448 449 450 451 
452 453 454 455 456 457 458 459 460 461 462 
463 464 465 466 467 468 469 470 471 472 473 
474 475 476 477 478 479 480 481 482 483 484 
485 486 487 488 489 490 491 492 493 494 495 
496 497 498 499 500 501 502 503 504 505 506 
507 508 509 510 511 512 513 514 515 516 517 
518 519 520 521 522 523 524 525 526 527 528 
529 530 531 532 533 534 535 536 537 538 539 
540 541 542 543 544 545 546 547 548 549 550 
408 423 434 443 
432 450 456 
19 24 39 
509 522 530 
207 215 229 
160 167 179 
82 90 103 
318 325 340 350 
398 410 427 
382 388 401 
278 292 300 314 
18 27 35 
435 441 458 469 
206 218 221 
31 38 55 
242 246 263 
266 281 289 
211 224 232 
140 151 165 176 
96 102 111 
62 72 86 
486 498 507 
528 536 542 
368 380 390 399 
483 490 506 
134 144 164 
173 185 198 
155 166 187 
156 168 183 
473 482 491 
120 127 142 
233 249 262 
84 91 108 
109 118 129 
70 85 93 
174 177 191 199 
285 290 304 
32 41 46 
252 258 269 
333 344 354 
243 255 268 
386 405 411 
228 236 247 264 
485 501 517 
92 106 112 
412 428 436 
222 234 253 
381 389 402 
358 365 376 396 
73 83 95 
145 157 175 
438 447 457 
302 312 328 
352 359 372 384 
136 149 163 
387 397 417 
306 316 327 
426 439 451 
291 299 309 
453 472 474 
502 511 524 
349 355 370 
468 479 495 
209 212 226 
510 525 535 
418 424 437 
494 499 516 
217 223 237 
360 367 385 395 
197 208 213 
5 15 33 40 
274 277 296 
523 537 548 
13 28 43 
444 455 463 480 493 
57 74 78 
6 12 30 
182 190 202 
403 413 419 
210 231 239 
298 319 324 
225 238 250 
280 295 301 
351 357 374 
307 313 321 
122 141 146 
147 159 170 
356 371 379 
37 48 56 
526 533 544 
104 116 125 137 
454 470 477 
508 521 534 
471 476 488 
446 460 466 
69 80 99 
345 361 366 
478 489 500 
36 54 63 
45 60 68 
251 259 267 
