464 725 16 68
1 37
1 52
2 50
3 39
3 42
4 41
5 38
6 44
7 53
8 51
9 34
9 49
10 43
11 35
12 47
13 32
13 50
14 36
15 36
16 54
17 47
18 31
18 33
18 44
18 50
18 54
19 46
19 49
20 42
20 51
20 56
21 48
22 44
23 45
23 57
24 42
25 44
26 47
27 52
28 40
28 42
29 30
29 55
29 58
30 61
30 74
31 78
31 84
32 86
33 70
34 87
35 59
36 72
37 64
38 67
39 73
40 68
40 81
41 81
42 61
42 86
43 71
43 76
43 84
44 65
44 80
45 60
45 83
46 62
46 63
46 75
47 72
48 63
48 79
49 85
50 67
51 69
51 77
52 78
53 84
54 70
55 61
56 73
57 66
57 82
58 63
59 88
60 95
60 103
60 105
61 93
62 96
63 88
63 103
64 95
64 110
65 88
65 89
65 95
66 91
66 98
67 97
67 102
68 106
69 107
70 112
71 96
72 88
72 100
73 88
73 95
74 106
74 116
75 90
75 111
76 114
77 114
78 110
79 92
79 93
79 100
79 104
80 115
81 101
81 108
81 113
82 99
83 94
83 104
84 103
85 94
85 96
86 110
87 95
87 109
88 133
88 117
89 131
90 145
91 118
92 130
92 140
93 136
93 126
94 134
94 137
94 122
95 129
96 145
97 131
97 141
97 123
98 118
99 143
100 129
101 130
101 135
102 138
102 125
103 132
103 133
103 139
104 118
104 127
105 119
105 125
106 138
107 130
108 138
109 120
110 128
110 129
111 136
111 121
112 144
112 122
113 142
114 142
115 124
116 143
117 146
117 171
117 174
118 160
119 171
120 156
120 165
120 166
121 157
121 168
121 169
122 154
122 164
123 156
123 174
124 171
125 147
125 173
126 152
127 154
127 157
127 174
128 167
129 154
130 153
130 165
130 172
131 149
131 172
132 148
133 154
133 158
134 160
135 155
136 163
137 155
137 170
138 152
138 166
139 156
139 165
140 157
141 153
141 166
142 154
142 162
142 167
143 159
143 161
144 150
144 151
145 169
146 189
146 191
147 192
148 196
148 198
148 199
148 203
149 176
149 185
149 187
150 184
151 183
151 187
152 179
152 193
152 194
153 182
154 175
155 182
156 182
156 200
157 189
158 193
158 202
159 180
159 184
159 185
160 201
161 176
161 194
161 202
162 188
163 188
163 189
163 197
163 203
164 181
164 188
164 193
165 181
166 178
166 187
166 189
167 176
167 178
167 192
167 195
168 175
168 186
168 192
168 198
169 177
169 197
170 182
170 190
170 198
171 187
171 191
172 176
172 188
173 196
173 197
174 189
174 203
175 219
175 225
176 230
177 228
178 219
178 223
179 205
179 208
179 218
180 220
180 232
181 212
181 229
182 214
182 221
183 215
183 224
184 206
185 207
186 211
187 224
188 209
189 227
190 209
191 207
192 222
193 213
194 217
195 231
196 216
197 207
198 205
199 210
200 204
201 217
202 226
202 227
203 217
204 237
205 257
205 233
205 252
206 240
206 241
207 250
208 257
208 237
208 243
209 236
209 239
210 261
210 251
211 246
211 252
212 234
212 238
212 241
213 260
214 241
215 259
215 238
216 236
217 244
217 251
217 253
218 240
218 247
219 233
220 234
221 256
221 254
222 242
223 260
224 245
225 260
225 238
226 240
227 250
228 261
228 244
228 248
229 258
229 259
229 254
229 255
230 234
231 259
231 245
232 235
232 245
232 249
233 270
234 276
234 277
235 262
235 272
236 273
236 285
237 274
237 275
238 289
239 287
240 281
240 290
241 282
242 264
242 268
243 274
244 265
244 276
245 280
245 284
246 271
247 272
248 281
249 273
250 288
251 274
252 262
253 274
253 279
253 287
254 285
255 286
256 266
256 272
257 263
257 267
257 278
258 272
259 270
260 269
260 273
261 283
261 289
262 295
262 319
263 312
264 295
265 291
265 303
265 310
266 314
267 292
267 303
267 318
268 299
268 302
269 292
269 295
269 297
269 316
270 306
270 310
271 310
272 291
272 297
272 317
273 292
273 293
273 301
274 294
274 308
274 311
275 301
276 300
276 309
277 296
277 298
277 303
278 294
279 296
279 314
280 313
281 295
281 305
282 301
282 308
282 312
283 303
284 296
284 311
285 305
285 306
285 317
286 296
286 315
287 295
287 296
287 307
288 294
288 317
289 300
289 301
289 304
290 301
291 336
292 326
292 330
292 346
293 328
293 333
293 335
294 327
295 339
296 334
296 340
297 324
297 329
297 332
298 344
299 320
300 344
301 321
301 327
301 343
301 345
302 337
303 331
304 342
305 342
306 346
307 335
308 348
309 339
310 340
311 347
312 332
313 323
314 332
315 322
315 325
316 320
316 341
317 348
318 338
319 339
320 355
320 364
320 367
321 363
322 353
322 358
322 376
323 353
323 372
324 358
325 359
326 356
326 365
327 356
327 367
328 362
328 371
329 350
329 377
330 356
331 360
331 374
332 361
333 357
333 358
334 349
335 352
335 365
336 357
337 366
337 371
338 361
339 351
340 360
340 368
341 354
341 369
341 370
342 356
342 357
343 349
343 375
344 349
344 366
344 376
345 352
345 367
346 356
347 372
347 376
348 367
348 373
349 387
350 391
351 385
351 396
352 400
353 378
353 383
354 395
355 402
356 383
357 391
358 384
359 393
359 399
360 391
360 406
361 397
362 403
363 380
363 381
364 391
364 401
365 390
366 395
366 405
367 388
368 387
368 394
369 398
370 392
370 382
371 397
372 390
373 386
373 379
374 392
375 404
376 385
377 389
378 411
379 412
380 431
381 422
381 430
382 408
383 425
383 426
384 426
385 427
386 412
386 415
387 428
388 424
388 432
389 417
390 413
390 414
390 434
391 407
391 431
391 435
392 421
393 412
394 428
395 407
395 417
396 423
397 418
398 422
398 429
399 409
399 427
400 410
400 429
401 416
402 419
402 433
403 412
404 426
405 407
406 411
406 420
407 457
407 458
407 459
408 447
409 441
409 459
410 446
410 451
410 455
411 437
411 451
411 457
412 438
413 450
413 456
414 444
414 455
414 463
415 438
415 449
416 451
416 452
416 461
417 443
418 446
418 461
419 448
419 450
419 456
420 450
420 459
421 443
422 443
422 464
423 444
424 444
425 445
425 454
425 462
426 442
426 449
426 453
427 450
427 459
428 464
429 443
429 456
430 451
430 460
431 436
431 461
432 444
433 462
434 443
434 449
434 453
435 439
435 440
1 2 3 4 5 6 7 8 9 10 11 12 13 14 15 16 17 18 19 20 21 22 23 24 25 26 27 28 29 
30 31 32 33 34 35 36 37 38 39 40 41 42 43 44 45 46 47 48 49 50 51 52 53 54 55 56 57 58 
59 60 61 62 63 64 65 66 67 68 69 70 71 72 73 74 75 76 77 78 79 80 81 82 83 84 85 86 87 
88 89 90 91 92 93 94 95 96 97 98 99 100 101 102 103 104 105 106 107 108 109 110 111 112 113 114 115 116 
117 118 119 120 121 122 123 124 125 126 127 128 129 130 131 132 133 134 135 136 137 138 139 140 141 142 143 144 145 
146 147 148 149 150 151 152 153 154 155 156 157 158 159 160 161 162 163 164 165 166 167 168 169 170 171 172 173 174 
175 176 177 178 179 180 181 182 183 184 185 186 187 188 189 190 191 192 193 194 195 196 197 198 199 200 201 202 203 
204 205 206 207 208 209 210 211 212 213 214 215 216 217 218 219 220 221 222 223 224 225 226 227 228 229 230 231 232 
233 234 235 236 237 238 239 240 241 242 243 244 245 246 247 248 249 250 251 252 253 254 255 256 257 258 259 260 261 
262 263 264 265 266 267 268 269 270 271 272 273 274 275 276 277 278 279 280 281 282 283 284 285 286 287 288 289 290 
291 292 293 294 295 296 297 298 299 300 301 302 303 304 305 306 307 308 309 310 311 312 313 314 315 316 317 318 319 
320 321 322 323 324 325 326 327 328 329 330 331 332 333 334 335 336 337 338 339 340 341 342 343 344 345 346 347 348 
349 350 351 352 353 354 355 356 357 358 359 360 361 362 363 364 365 366 367 368 369 370 371 372 373 374 375 376 377 
378 379 380 381 382 383 384 385 386 387 388 389 390 391 392 393 394 395 396 397 398 399 400 401 402 403 404 405 406 
407 408 409 410 411 412 413 414 415 416 417 418 419 420 421 422 423 424 425 426 427 428 429 430 431 432 433 434 435 
436 437 438 439 440 441 442 443 444 445 446 447 448 449 450 451 452 453 454 455 456 457 458 459 460 461 462 463 464 
51 77 114 
296 334 349 
94 134 160 
3 39 73 
65 89 131 
343 375 404 426 
40 68 106 
66 91 118 
209 239 287 
200 204 237 
328 362 403 412 
211 246 271 310 
267 318 338 361 
46 62 96 
75 90 145 
268 299 320 
69 107 130 
363 380 431 
402 433 462 
80 115 124 171 
87 109 120 
82 99 143 
291 336 357 
392 421 443 
182 214 241 
232 249 273 
202 226 240 
229 258 272 
315 325 359 
388 432 444 
208 243 274 
292 330 356 
193 213 260 
377 389 417 
142 162 188 
276 309 339 
35 59 88 
176 230 234 
5 38 67 
341 369 398 
192 222 242 
280 313 323 
169 177 228 
29 55 61 
167 195 231 
92 140 157 
81 108 138 
257 263 312 
289 304 342 
366 405 407 
18 33 70 
256 266 314 
144 150 184 
148 199 210 
1 37 64 
364 401 416 
261 283 303 
382 408 447 
7 53 84 
329 350 391 
93 126 152 
101 135 155 
353 378 411 
13 32 86 
368 394 428 
196 216 236 
297 324 358 
277 298 344 
