288 413 12 43
1 31
1 32
2 35
2 40
3 25
3 47
4 39
5 39
6 25
6 46
7 32
7 46
8 41
9 38
10 47
10 48
11 28
11 36
12 30
12 42
13 26
14 29
15 46
16 34
17 33
18 34
18 38
19 29
19 37
20 39
20 45
21 33
21 36
22 46
23 29
23 43
24 27
24 32
24 44
25 72
26 51
26 52
27 60
28 60
29 67
29 70
30 49
30 64
31 67
32 50
32 56
33 57
34 56
34 67
35 50
35 60
36 51
37 54
37 69
38 50
39 55
39 69
40 49
40 61
41 49
42 58
42 67
43 62
43 71
44 59
45 65
45 68
46 70
47 53
47 63
48 59
48 66
49 89
50 87
51 79
52 75
52 96
53 93
54 82
55 86
56 76
56 85
57 76
58 74
58 88
59 91
60 75
60 80
60 87
61 77
61 82
62 75
63 94
64 82
64 83
64 95
65 78
66 87
66 92
67 94
68 81
68 86
69 84
70 86
70 88
71 73
72 90
73 110
74 109
74 113
74 119
75 98
76 101
76 118
77 109
77 119
78 110
79 99
79 117
80 99
80 102
80 106
81 106
82 107
83 112
83 118
83 120
84 98
84 100
84 114
85 109
85 111
86 98
86 103
86 119
87 101
87 105
88 108
88 112
89 97
90 112
90 118
90 120
91 104
91 114
92 113
93 107
93 116
93 117
94 115
94 117
95 106
95 112
96 98
96 115
97 143
98 134
99 135
99 143
100 140
101 122
102 136
102 138
103 140
103 144
104 121
104 125
105 142
105 122
106 141
106 127
107 128
108 143
109 143
110 136
111 132
111 143
112 131
112 135
112 123
112 124
113 127
114 133
115 130
116 136
116 126
117 127
118 140
119 129
119 137
120 139
121 154
122 154
123 146
124 166
125 154
125 159
126 146
127 147
127 150
128 166
129 157
129 164
129 165
130 152
130 167
131 153
132 163
133 161
134 156
134 158
135 149
136 145
137 148
138 148
138 160
138 162
139 149
140 153
140 168
141 147
142 155
143 147
144 151
144 154
144 167
145 169
145 174
145 181
146 189
147 173
148 182
149 187
150 172
150 192
151 173
151 178
152 172
153 189
154 171
154 182
155 181
156 176
156 189
157 173
158 180
158 183
159 181
159 186
160 189
161 184
161 188
162 170
163 177
164 191
165 179
165 185
166 175
167 175
168 190
168 191
169 203
170 200
171 196
171 208
172 194
173 193
173 195
174 205
175 197
175 199
175 216
176 215
177 204
177 211
178 214
179 201
180 195
180 211
181 207
182 209
183 199
184 202
185 213
186 198
186 203
187 215
188 210
188 211
189 202
189 205
190 195
190 206
191 213
192 212
193 220
193 221
194 235
195 217
195 224
196 229
196 236
196 239
197 223
197 229
198 226
198 230
198 232
199 236
199 237
200 221
201 217
202 221
202 231
202 233
202 234
203 228
203 231
204 224
204 227
205 237
206 237
207 220
208 228
209 218
210 218
211 240
212 225
212 227
213 222
214 219
214 227
214 238
215 217
216 221
217 257
217 245
218 257
219 241
220 258
221 263
221 243
222 262
222 244
223 251
224 248
225 254
226 242
226 248
226 252
227 264
228 246
229 241
229 243
230 259
230 247
231 246
232 249
233 256
233 257
234 262
235 263
236 260
236 250
236 253
237 253
238 256
238 255
239 264
240 261
240 249
241 269
241 277
242 267
242 284
243 275
244 276
244 278
245 267
245 286
246 275
247 273
248 275
249 266
249 280
250 265
250 272
251 266
252 279
253 268
253 274
254 275
254 288
255 283
256 282
257 266
257 274
258 282
259 271
259 286
260 277
260 285
261 281
261 287
262 270
262 274
263 273
264 265
1 2 3 4 5 6 7 8 9 10 11 12 13 14 15 16 17 18 19 20 21 22 23 24 
25 26 27 28 29 30 31 32 33 34 35 36 37 38 39 40 41 42 43 44 45 46 47 48 
49 50 51 52 53 54 55 56 57 58 59 60 61 62 63 64 65 66 67 68 69 70 71 72 
73 74 75 76 77 78 79 80 81 82 83 84 85 86 87 88 89 90 91 92 93 94 95 96 
97 98 99 100 101 102 103 104 105 106 107 108 109 110 111 112 113 114 115 116 117 118 119 120 
121 122 123 124 125 126 127 128 129 130 131 132 133 134 135 136 137 138 139 140 141 142 143 144 
145 146 147 148 149 150 151 152 153 154 155 156 157 158 159 160 161 162 163 164 165 166 167 168 
169 170 171 172 173 174 175 176 177 178 179 180 181 182 183 184 185 186 187 188 189 190 191 192 
193 194 195 196 197 198 199 200 201 202 203 204 205 206 207 208 209 210 211 212 213 214 215 216 
217 218 219 220 221 222 223 224 225 226 227 228 229 230 231 232 233 234 235 236 237 238 239 240 
241 242 243 244 245 246 247 248 249 250 251 252 253 254 255 256 257 258 259 260 261 262 263 264 
265 266 267 268 269 270 271 272 273 274 275 276 277 278 279 280 281 282 283 284 285 286 287 288 
71 73 110 
202 234 262 
39 55 86 
88 108 143 
130 152 172 
8 41 49 
165 179 201 217 
145 169 203 
138 162 170 200 221 
120 139 149 
107 128 166 
68 81 106 
223 251 266 
150 192 212 
142 155 181 
37 54 82 
66 92 113 
196 239 264 
190 206 237 
151 178 214 
47 63 94 
33 57 76 
238 255 283 
129 157 173 
226 252 279 
158 183 199 
194 235 263 
24 27 60 
132 163 177 
114 133 161 
25 72 90 
220 258 282 
112 123 146 
43 62 75 
119 137 148 
230 247 273 
198 232 249 
84 100 140 
156 176 215 
104 121 154 
182 209 218 
171 208 228 
1 31 67 
