430 567 43 85
1 14
2 17
3 16
4 20
5 12
5 13
6 15
6 20
7 11
8 18
8 19
9 18
10 17
11 25
12 23
13 21
13 24
14 27
14 29
15 28
16 26
17 30
18 23
19 22
20 22
21 34
22 38
23 34
23 40
24 36
25 33
26 32
26 37
27 38
27 31
28 39
29 35
30 38
31 44
32 43
33 42
33 50
34 49
35 43
35 45
35 46
36 47
37 47
38 48
39 41
40 43
41 51
42 53
43 55
44 54
45 52
46 58
47 56
48 55
48 59
49 58
49 60
50 57
51 61
52 65
52 67
53 69
54 68
55 66
56 63
57 61
58 64
59 68
59 70
60 62
61 80
62 80
63 71
64 76
65 72
66 76
67 73
67 79
68 75
69 77
70 74
70 78
71 85
71 89
72 87
73 82
73 83
74 87
75 84
76 90
77 81
77 86
77 89
78 89
79 84
80 87
80 88
81 100
82 96
82 98
83 95
84 93
85 91
86 95
87 93
88 97
88 94
89 91
90 99
90 92
91 102
92 104
92 110
93 102
94 108
94 110
95 102
95 106
96 103
96 109
97 110
98 101
99 107
100 105
101 113
102 111
103 116
104 112
104 118
105 120
106 117
107 115
108 115
109 111
110 114
110 117
110 119
111 126
112 130
112 123
113 128
113 122
114 130
114 124
115 121
116 126
117 130
118 122
118 125
119 129
120 126
120 127
121 131
121 139
121 140
122 134
123 132
123 133
124 136
125 136
126 135
127 132
128 136
129 136
130 137
130 138
131 143
132 146
133 146
134 146
135 147
136 145
136 149
137 142
137 150
138 144
139 142
139 148
140 141
141 158
142 154
142 159
143 151
144 156
145 157
146 153
147 152
148 160
148 155
149 159
150 153
151 163
152 162
153 165
153 169
154 161
155 170
156 163
156 168
157 167
158 163
159 164
160 161
160 166
161 176
162 171
162 172
162 173
162 177
163 180
164 179
165 178
166 174
167 173
168 178
169 175
170 176
171 182
171 188
172 181
172 189
173 182
174 186
175 185
175 187
176 181
177 186
178 190
179 184
179 186
180 183
181 195
181 197
182 194
183 193
184 193
184 200
185 196
186 194
186 199
187 191
188 198
189 192
190 195
191 210
192 205
192 207
193 209
194 202
195 206
196 203
197 208
198 209
199 201
200 204
200 209
201 211
202 219
203 215
203 216
204 217
205 212
206 214
207 212
207 213
207 220
208 214
209 218
210 218
211 226
211 221
212 229
213 230
214 225
214 230
215 222
215 223
216 222
217 227
218 224
219 222
220 227
220 228
221 237
222 231
223 232
223 233
223 235
224 231
224 240
225 235
226 237
226 239
227 234
227 236
228 238
229 235
230 231
231 241
232 245
233 247
234 243
234 245
234 247
234 250
235 244
236 244
237 242
237 249
238 245
238 246
239 248
240 242
241 252
242 256
242 254
243 254
244 257
245 251
246 253
246 255
247 260
248 254
249 258
249 252
250 259
251 262
252 262
253 267
254 264
254 266
255 270
256 261
256 263
257 266
258 262
258 265
258 268
259 261
260 262
260 269
261 274
261 278
262 277
262 280
263 271
264 276
265 275
266 278
267 276
268 272
268 275
269 273
269 279
270 277
271 283
272 282
273 286
274 289
275 288
275 283
276 281
276 285
277 287
278 281
279 281
279 284
280 290
280 281
281 296
282 298
283 298
283 299
283 300
284 294
284 295
285 293
286 292
287 294
288 297
289 291
289 294
290 298
291 305
291 310
292 302
293 302
293 306
294 304
294 308
294 310
295 304
296 301
297 307
298 303
299 302
300 309
301 315
302 312
302 319
303 320
304 314
304 318
305 315
306 311
307 313
308 311
309 313
309 317
310 315
310 316
311 329
312 326
313 321
313 322
314 323
314 325
314 326
315 321
316 324
316 330
317 328
318 327
319 327
320 326
321 337
322 334
323 337
324 332
324 333
325 335
325 339
326 336
327 331
327 337
327 340
328 333
329 334
330 334
330 338
331 349
332 342
333 343
334 347
334 350
335 346
336 341
336 345
337 350
338 350
339 343
339 344
340 345
340 348
341 353
342 353
342 359
343 352
344 354
345 352
346 356
346 357
346 351
347 358
347 360
348 355
348 360
349 353
350 353
351 363
352 367
352 370
353 367
353 368
354 365
355 361
355 365
356 362
357 364
358 362
359 366
359 369
360 367
361 373
362 371
362 379
363 377
364 378
365 378
366 378
366 380
367 372
368 371
369 374
369 375
370 376
371 390
372 383
373 382
374 386
374 383
375 388
376 389
377 385
378 387
379 389
380 384
380 381
381 393
381 398
382 398
383 394
384 394
384 395
385 391
386 394
387 397
387 400
388 392
389 396
389 398
390 391
390 399
391 402
392 409
393 402
394 405
394 410
395 406
396 404
396 408
397 401
397 404
398 403
398 406
399 407
400 405
401 416
402 413
403 417
404 420
405 415
406 419
406 412
407 411
408 413
409 414
410 417
410 418
411 424
411 428
412 429
413 421
414 421
414 427
415 422
416 425
416 426
417 424
418 423
419 422
420 430
1 2 3 4 5 6 7 8 9 10 
11 12 13 14 15 16 17 18 19 20 
21 22 23 24 25 26 27 28 29 30 
31 32 33 34 35 36 37 38 39 40 
41 42 43 44 45 46 47 48 49 50 
51 52 53 54 55 56 57 58 59 60 
61 62 63 64 65 66 67 68 69 70 
71 72 73 74 75 76 77 78 79 80 
81 82 83 84 85 86 87 88 89 90 
91 92 93 94 95 96 97 98 99 100 
101 102 103 104 105 106 107 108 109 110 
111 112 113 114 115 116 117 118 119 120 
121 122 123 124 125 126 127 128 129 130 
131 132 133 134 135 136 137 138 139 140 
141 142 143 144 145 146 147 148 149 150 
151 152 153 154 155 156 157 158 159 160 
161 162 163 164 165 166 167 168 169 170 
171 172 173 174 175 176 177 178 179 180 
181 182 183 184 185 186 187 188 189 190 
191 192 193 194 195 196 197 198 199 200 
201 202 203 204 205 206 207 208 209 210 
211 212 213 214 215 216 217 218 219 220 
221 222 223 224 225 226 227 228 229 230 
231 232 233 234 235 236 237 238 239 240 
241 242 243 244 245 246 247 248 249 250 
251 252 253 254 255 256 257 258 259 260 
261 262 263 264 265 266 267 268 269 270 
271 272 273 274 275 276 277 278 279 280 
281 282 283 284 285 286 287 288 289 290 
291 292 293 294 295 296 297 298 299 300 
301 302 303 304 305 306 307 308 309 310 
311 312 313 314 315 316 317 318 319 320 
321 322 323 324 325 326 327 328 329 330 
331 332 333 334 335 336 337 338 339 340 
341 342 343 344 345 346 347 348 349 350 
351 352 353 354 355 356 357 358 359 360 
361 362 363 364 365 366 367 368 369 370 
371 372 373 374 375 376 377 378 379 380 
381 382 383 384 385 386 387 388 389 390 
391 392 393 394 395 396 397 398 399 400 
401 402 403 404 405 406 407 408 409 410 
411 412 413 414 415 416 417 418 419 420 
421 422 423 424 425 426 427 428 429 430 
160 166 174 186 
121 140 141 158 163 
361 373 382 398 
390 399 407 411 
294 308 311 
397 401 416 
396 408 413 
202 219 222 
123 133 146 
153 165 178 
392 409 414 
286 292 302 
35 45 52 
291 305 315 
70 74 87 
347 358 362 
172 189 192 
17 30 38 
159 164 179 
339 344 354 365 
234 243 254 
42 53 69 77 
180 183 193 
27 31 44 54 68 
98 101 113 
13 24 36 47 
26 32 43 
185 196 203 
324 332 342 
81 100 105 120 
130 138 144 156 
253 267 276 
73 83 95 
195 206 214 
188 198 209 
223 233 247 
363 377 385 391 
367 372 383 
410 418 423 
325 335 346 
353 368 371 
303 320 326 
28 39 41 51 61 
155 170 176 
314 323 337 
145 157 167 173 
272 282 298 
88 97 110 
405 415 422 
357 364 378 
212 229 235 
96 109 111 
258 265 275 
220 228 238 
231 241 252 
246 255 270 277 
49 60 62 80 
118 125 136 
135 147 152 162 
384 395 406 
309 317 328 333 
352 370 376 389 
67 79 84 
199 201 211 
381 393 402 
5 12 23 
175 187 191 210 218 
71 85 91 
90 99 107 115 
284 295 304 
227 236 244 
207 213 230 
11 25 33 
55 66 76 
103 116 126 
8 19 22 
263 271 283 
313 322 334 
142 154 161 
374 386 394 
330 338 350 
404 420 430 
250 259 261 
224 240 242 
245 251 262 
