480 848 10 62
1 87
2 63
3 83
3 89
4 54
5 66
5 69
5 74
5 96
6 58
6 61
6 63
6 68
6 95
7 66
7 90
7 94
7 95
7 96
8 56
8 78
8 87
9 52
9 84
9 86
10 59
11 54
12 54
12 57
12 67
12 75
13 67
14 56
14 71
15 88
16 55
16 96
17 57
17 59
17 72
17 73
17 80
18 61
19 60
19 61
19 72
19 90
20 82
20 91
21 56
22 92
23 67
23 71
24 60
24 65
24 68
24 71
24 90
25 61
25 72
25 76
25 83
26 64
26 69
26 73
26 83
26 96
27 60
27 84
28 55
29 83
30 59
30 61
31 70
31 87
32 49
32 53
32 55
32 83
33 83
33 90
33 96
34 54
34 79
35 60
35 65
35 96
36 68
36 81
36 84
37 94
38 50
38 93
39 60
39 82
40 60
40 77
41 66
41 70
41 80
41 90
42 54
42 56
42 80
43 63
44 52
44 60
44 68
44 74
45 88
46 60
46 62
46 63
46 89
47 74
47 96
48 51
48 85
49 130
49 131
49 137
49 115
49 116
49 122
50 106
51 138
51 105
52 135
52 143
52 101
52 122
52 125
53 138
53 139
53 121
54 129
54 131
54 136
54 98
54 100
55 141
55 99
55 105
55 127
56 99
56 109
56 113
56 118
57 128
57 133
57 135
57 109
58 138
59 131
60 130
60 139
60 141
60 97
61 123
62 138
62 97
62 109
63 141
63 144
63 108
64 132
64 124
65 115
66 128
66 111
67 139
67 104
67 107
67 108
67 124
68 134
68 141
68 99
68 103
68 109
68 120
69 140
70 125
71 114
72 110
72 123
72 125
73 128
73 98
73 113
74 97
74 105
74 112
75 127
76 140
77 130
77 136
77 144
77 116
77 125
78 101
79 142
79 98
79 113
79 122
80 143
80 102
81 131
81 104
81 111
81 125
82 129
83 98
83 121
84 135
84 115
85 132
85 142
85 120
85 126
86 108
86 127
87 130
87 109
87 111
88 101
88 103
88 119
88 122
88 123
89 98
89 106
89 118
89 124
89 127
90 131
90 125
91 125
92 129
92 135
92 142
92 97
92 103
92 114
93 128
93 144
93 115
93 121
94 129
94 140
94 98
94 117
95 135
96 130
96 120
97 164
97 181
98 146
98 152
98 156
98 168
99 163
99 184
99 190
99 191
100 153
100 170
100 176
101 151
101 156
102 187
103 157
103 175
103 180
103 190
104 183
105 167
105 177
105 186
106 152
106 153
106 164
106 176
107 159
107 164
107 174
107 189
108 156
108 169
108 179
109 149
109 188
110 147
110 176
110 182
110 184
111 155
111 187
112 173
112 190
113 156
113 186
114 169
115 169
116 145
116 171
117 180
118 192
119 177
120 146
120 152
120 161
120 186
121 156
122 165
123 185
124 145
124 153
124 154
124 170
125 162
125 185
126 156
126 157
127 182
128 148
128 153
129 146
129 177
130 158
130 179
131 154
131 175
131 186
132 148
132 182
133 148
134 160
134 165
135 148
135 170
136 149
136 174
136 180
136 182
137 146
137 179
137 184
137 187
138 150
138 157
138 162
138 192
139 167
139 186
140 162
140 172
141 146
141 178
141 183
142 162
142 166
143 154
143 168
144 158
145 235
146 198
146 224
146 235
147 221
147 227
148 195
149 225
150 213
150 231
151 228
152 194
152 222
153 199
154 193
155 198
155 201
156 214
157 194
157 216
158 203
159 240
160 215
160 219
161 207
162 200
163 218
164 197
165 240
166 227
167 230
167 240
168 202
168 217
169 193
169 196
169 220
169 237
170 240
171 214
172 208
172 229
173 197
173 209
174 197
174 210
174 227
174 233
175 226
176 205
177 234
178 203
179 205
180 194
181 193
181 239
182 211
183 231
184 228
185 236
186 223
186 235
187 217
188 238
189 212
190 204
190 206
190 232
191 232
192 206
193 243
194 262
194 278
195 244
196 270
197 249
198 288
198 247
198 254
199 287
199 253
200 286
201 272
201 280
201 243
202 283
203 286
204 256
204 255
205 282
205 242
206 259
207 268
207 273
207 281
207 246
208 267
208 252
209 288
210 275
211 264
212 263
213 259
214 260
214 265
215 266
216 264
216 285
217 277
218 244
219 265
220 276
220 249
221 268
222 277
222 248
223 266
224 275
224 253
225 264
226 279
227 275
227 284
228 268
229 245
229 255
230 277
231 258
231 241
231 251
232 288
233 266
234 261
234 252
235 271
236 285
237 269
237 250
238 257
238 250
239 288
240 274
240 241
241 295
242 298
243 302
244 302
245 290
246 305
246 316
247 303
247 304
248 323
249 321
250 336
251 306
251 320
252 306
252 310
253 292
253 325
253 336
254 309
254 313
254 332
255 319
255 334
256 318
257 289
257 290
257 299
257 329
258 302
259 327
259 336
260 317
261 336
262 325
262 328
263 336
264 296
265 333
266 312
267 293
267 324
268 300
269 294
269 308
270 304
271 297
271 306
272 300
273 336
274 301
274 306
275 307
275 315
276 290
277 326
278 318
279 305
279 314
280 311
281 322
282 306
282 330
283 306
284 291
284 325
285 334
285 335
286 326
287 324
288 331
289 338
290 365
291 337
291 338
291 366
292 342
292 348
292 362
292 378
293 357
293 361
293 362
293 366
293 368
294 368
294 373
295 338
295 348
295 369
296 351
296 383
297 371
298 342
298 351
298 353
298 359
299 341
299 353
299 368
299 379
300 370
301 369
301 377
302 360
302 376
302 382
303 340
303 360
303 375
303 383
304 354
304 357
304 363
305 352
305 354
305 355
305 356
305 362
306 356
306 363
306 371
307 346
307 357
308 375
309 364
310 339
310 352
310 366
310 369
310 382
311 340
311 349
311 350
311 358
312 340
312 348
313 352
313 363
313 365
313 371
313 378
314 384
314 349
314 350
314 379
315 351
315 368
316 341
316 373
317 380
318 364
318 367
318 369
318 371
318 378
319 348
319 375
319 377
319 378
320 339
320 354
320 381
321 341
321 351
321 366
321 370
322 345
322 372
323 381
324 349
325 344
325 355
325 363
325 369
326 375
327 347
327 354
327 356
327 367
327 370
328 382
329 367
330 355
330 356
330 372
330 374
330 379
331 344
331 359
332 340
332 350
332 358
332 366
332 374
333 356
333 363
333 371
334 342
334 343
334 348
335 357
335 382
335 383
336 355
337 411
338 396
339 426
340 406
340 427
341 392
342 394
343 391
344 395
345 417
346 407
346 432
347 428
347 429
348 388
348 390
349 391
350 419
351 413
352 423
353 393
353 396
354 415
354 419
355 424
356 386
356 392
357 395
358 402
358 419
359 411
360 409
361 400
361 408
362 431
363 418
364 394
364 416
364 428
365 405
366 387
366 410
367 421
368 402
369 401
369 425
370 428
371 397
371 409
372 412
372 422
373 398
374 403
375 385
375 420
376 391
376 430
377 404
378 399
379 405
380 417
381 417
382 389
382 426
383 392
384 414
385 480
386 441
387 452
388 437
388 464
389 437
389 442
389 453
390 439
391 461
391 475
392 466
393 471
394 462
395 435
395 462
396 477
397 463
398 470
399 472
400 436
400 444
400 448
401 460
402 450
403 459
404 456
405 480
406 446
407 441
407 478
408 465
409 433
409 455
410 437
410 473
411 438
412 443
412 462
413 455
414 446
414 454
415 445
416 462
417 467
417 468
418 434
419 469
420 455
421 457
421 476
422 460
423 451
423 465
423 480
424 447
424 462
424 480
425 457
426 452
427 449
427 474
428 445
429 453
429 479
430 440
430 477
431 460
432 458
1 2 3 4 5 6 7 8 9 10 11 12 13 14 15 16 17 18 19 20 21 22 23 24 25 26 27 28 29 30 31 32 33 34 35 36 37 38 39 40 41 42 43 44 45 46 47 48 
49 50 51 52 53 54 55 56 57 58 59 60 61 62 63 64 65 66 67 68 69 70 71 72 73 74 75 76 77 78 79 80 81 82 83 84 85 86 87 88 89 90 91 92 93 94 95 96 
97 98 99 100 101 102 103 104 105 106 107 108 109 110 111 112 113 114 115 116 117 118 119 120 121 122 123 124 125 126 127 128 129 130 131 132 133 134 135 136 137 138 139 140 141 142 143 144 
145 146 147 148 149 150 151 152 153 154 155 156 157 158 159 160 161 162 163 164 165 166 167 168 169 170 171 172 173 174 175 176 177 178 179 180 181 182 183 184 185 186 187 188 189 190 191 192 
193 194 195 196 197 198 199 200 201 202 203 204 205 206 207 208 209 210 211 212 213 214 215 216 217 218 219 220 221 222 223 224 225 226 227 228 229 230 231 232 233 234 235 236 237 238 239 240 
241 242 243 244 245 246 247 248 249 250 251 252 253 254 255 256 257 258 259 260 261 262 263 264 265 266 267 268 269 270 271 272 273 274 275 276 277 278 279 280 281 282 283 284 285 286 287 288 
289 290 291 292 293 294 295 296 297 298 299 300 301 302 303 304 305 306 307 308 309 310 311 312 313 314 315 316 317 318 319 320 321 322 323 324 325 326 327 328 329 330 331 332 333 334 335 336 
337 338 339 340 341 342 343 344 345 346 347 348 349 350 351 352 353 354 355 356 357 358 359 360 361 362 363 364 365 366 367 368 369 370 371 372 373 374 375 376 377 378 379 380 381 382 383 384 
385 386 387 388 389 390 391 392 393 394 395 396 397 398 399 400 401 402 403 404 405 406 407 408 409 410 411 412 413 414 415 416 417 418 419 420 421 422 423 424 425 426 427 428 429 430 431 432 
433 434 435 436 437 438 439 440 441 442 443 444 445 446 447 448 449 450 451 452 453 454 455 456 457 458 459 460 461 462 463 464 465 466 467 468 469 470 471 472 473 474 475 476 477 478 479 480 
262 328 382 
346 432 458 
174 210 275 
351 413 455 
181 239 288 
94 117 180 
20 91 125 
362 431 460 
141 178 203 
167 230 277 
163 218 244 
120 161 207 
8 78 101 
169 196 270 304 
57 133 148 
147 221 268 
109 188 238 
168 202 283 306 
222 248 323 381 
340 406 446 
185 236 285 
353 393 471 
375 385 480 
107 189 212 263 336 
6 58 138 
182 211 264 
229 245 290 
99 191 232 
199 287 324 
160 215 266 
194 278 318 
354 415 445 
205 242 298 
12 75 127 
334 343 391 
25 76 140 
175 226 279 
291 337 411 
201 272 300 
162 200 286 
314 384 414 
361 408 465 
373 398 470 
348 390 439 
260 317 380 417 
371 397 463 
356 386 441 
364 416 462 
231 258 302 
369 425 457 
257 289 338 
88 119 177 
142 166 227 
38 50 106 
378 399 472 
150 213 259 
80 102 187 
366 387 452 
116 171 214 
363 418 434 
374 403 459 
377 404 456 
