325 487 13 44
1 40
2 33
2 38
3 37
3 41
4 40
5 30
6 35
7 43
8 29
9 43
10 49
11 28
11 42
11 50
12 39
12 44
13 29
13 46
14 48
15 45
16 35
17 40
18 32
19 27
19 45
20 26
20 47
21 34
22 31
23 49
24 35
25 36
26 58
26 60
26 67
27 63
28 53
28 59
29 55
29 57
29 64
30 52
30 75
31 71
31 73
32 59
33 51
34 52
35 56
35 60
36 51
36 67
36 69
36 70
37 54
37 61
37 66
38 66
38 69
39 54
39 72
40 74
41 61
42 57
42 67
43 75
44 52
45 62
45 64
45 71
46 68
47 55
47 64
48 58
48 65
48 67
49 55
49 69
49 71
50 61
50 74
50 75
51 83
51 98
52 85
52 93
53 91
54 78
54 81
55 76
55 85
56 100
57 96
57 100
58 83
59 84
59 94
60 99
61 84
62 77
62 100
63 98
64 92
65 97
66 84
67 88
68 87
68 90
69 80
69 91
70 76
70 79
71 82
71 86
72 100
73 89
74 95
75 89
76 103
77 106
78 125
79 101
79 124
80 125
81 110
81 117
82 105
82 123
83 102
84 104
84 108
85 112
86 113
87 123
88 113
89 107
90 121
91 113
92 120
93 110
93 116
94 109
95 111
95 112
96 101
96 115
97 123
98 114
98 122
99 118
99 119
100 107
101 133
101 142
102 145
103 131
103 148
103 150
104 134
104 126
105 144
105 127
106 141
107 129
108 143
108 146
109 134
110 140
111 129
111 144
112 130
112 131
112 150
113 135
113 137
113 144
114 142
115 128
115 147
116 145
116 126
117 141
117 148
118 128
118 147
119 129
119 144
120 136
120 140
121 130
121 138
121 147
122 136
122 139
123 138
123 140
123 126
124 132
124 140
125 149
126 153
126 161
126 167
127 166
128 162
128 166
129 158
130 154
130 168
131 166
131 170
131 174
132 160
132 165
132 175
133 163
133 175
134 164
135 152
135 174
136 172
136 173
137 153
138 164
139 156
140 151
140 175
141 158
141 159
141 173
142 162
143 175
144 171
145 167
145 173
146 158
147 161
148 155
148 169
149 171
150 157
151 180
152 187
152 198
153 182
153 187
154 184
154 185
154 193
155 197
156 184
157 179
158 176
158 177
158 194
159 184
159 193
159 199
160 178
160 193
160 200
161 179
162 180
162 187
162 188
163 187
163 200
164 189
164 194
165 182
165 183
166 195
166 197
166 200
167 186
167 192
168 198
169 178
169 182
170 182
170 190
171 181
171 196
171 198
172 191
172 197
173 193
173 198
174 179
174 190
175 180
176 209
177 213
178 203
179 211
179 220
180 203
180 211
180 214
181 206
182 205
183 218
183 221
184 202
184 215
184 223
185 211
186 219
187 207
187 217
188 201
189 210
189 216
190 203
191 201
191 208
191 224
192 223
193 203
193 212
194 211
195 216
196 222
197 202
198 207
199 204
199 223
200 225
201 229
202 243
203 226
204 245
205 250
206 228
207 232
207 240
208 229
208 233
208 246
209 228
210 239
211 236
212 236
213 239
214 238
214 241
214 244
215 235
215 247
216 230
217 247
218 229
219 227
219 234
220 239
221 231
222 237
222 245
223 249
224 242
225 243
225 248
226 270
226 275
227 264
228 266
228 267
229 269
229 254
230 268
230 271
231 271
231 274
231 252
232 252
233 261
233 265
234 272
235 270
236 253
237 267
238 259
238 262
238 263
239 275
240 256
240 268
241 262
241 270
241 252
242 255
243 256
244 261
244 270
244 272
245 257
246 258
246 260
246 264
247 256
247 267
247 253
248 258
248 273
248 251
249 258
250 268
250 272
251 280
252 293
253 285
254 281
254 291
255 276
255 295
256 296
256 297
257 276
257 279
257 292
258 281
258 289
259 283
259 288
260 277
260 286
261 300
262 276
262 298
262 300
263 294
263 296
264 281
264 282
265 293
265 299
266 287
266 288
267 284
267 290
268 282
269 285
269 289
270 286
270 289
271 299
272 293
273 282
274 296
275 278
276 306
276 312
277 304
277 305
278 305
279 307
279 321
280 308
280 309
281 317
282 314
282 315
283 310
284 323
285 301
285 323
286 310
287 315
288 310
288 316
289 309
290 313
291 309
292 319
293 303
293 324
293 325
294 302
294 322
295 306
296 311
297 311
298 305
299 302
300 318
300 320
1 2 3 4 5 6 7 8 9 10 11 12 13 14 15 16 17 18 19 20 21 22 23 24 25 
26 27 28 29 30 31 32 33 34 35 36 37 38 39 40 41 42 43 44 45 46 47 48 49 50 
51 52 53 54 55 56 57 58 59 60 61 62 63 64 65 66 67 68 69 70 71 72 73 74 75 
76 77 78 79 80 81 82 83 84 85 86 87 88 89 90 91 92 93 94 95 96 97 98 99 100 
101 102 103 104 105 106 107 108 109 110 111 112 113 114 115 116 117 118 119 120 121 122 123 124 125 
126 127 128 129 130 131 132 133 134 135 136 137 138 139 140 141 142 143 144 145 146 147 148 149 150 
151 152 153 154 155 156 157 158 159 160 161 162 163 164 165 166 167 168 169 170 171 172 173 174 175 
176 177 178 179 180 181 182 183 184 185 186 187 188 189 190 191 192 193 194 195 196 197 198 199 200 
201 202 203 204 205 206 207 208 209 210 211 212 213 214 215 216 217 218 219 220 221 222 223 224 225 
226 227 228 229 230 231 232 233 234 235 236 237 238 239 240 241 242 243 244 245 246 247 248 249 250 
251 252 253 254 255 256 257 258 259 260 261 262 263 264 265 266 267 268 269 270 271 272 273 274 275 
276 277 278 279 280 281 282 283 284 285 286 287 288 289 290 291 292 293 294 295 296 297 298 299 300 
301 302 303 304 305 306 307 308 309 310 311 312 313 314 315 316 317 318 319 320 321 322 323 324 325 
189 210 239 
71 86 113 
68 87 123 
3 41 61 
166 195 216 
139 156 184 
171 196 222 
28 53 91 
257 292 319 
69 80 125 
254 291 309 
35 56 100 
59 94 109 134 
207 232 252 
256 297 311 
182 205 250 
77 106 141 
248 251 280 
130 168 198 
266 287 315 
2 33 51 
215 235 270 
219 227 264 
108 146 158 
31 73 89 
83 102 145 
255 295 306 
267 284 323 
154 185 211 
12 44 52 
27 63 98 
183 221 231 
193 212 236 
223 249 258 
259 283 310 
148 155 197 
150 157 179 
199 204 245 
176 209 228 
64 92 120 
275 278 305 
187 217 247 
162 188 201 
140 151 180 
