504 675 42 97
1 13
2 18
2 21
3 16
3 21
3 23
4 23
5 13
6 23
7 14
8 15
9 24
10 20
11 22
12 17
12 19
13 25
14 30
15 33
15 26
16 29
17 32
18 33
18 34
19 31
20 27
21 29
22 27
23 36
24 35
24 28
25 41
25 42
25 46
26 38
27 38
28 44
29 45
30 39
31 47
32 37
33 43
34 46
35 40
36 46
36 48
37 50
38 54
39 50
40 54
41 50
42 51
42 56
43 51
43 59
43 60
44 49
45 53
45 55
46 50
46 52
47 58
48 57
49 69
50 70
50 61
51 72
52 66
53 64
53 68
54 71
55 71
56 71
57 65
58 68
58 63
59 67
59 62
60 72
61 79
62 84
63 74
63 77
64 73
64 75
65 81
66 74
66 81
66 83
67 80
67 82
68 78
69 76
70 76
71 74
72 74
73 95
74 86
75 94
76 96
76 94
77 86
78 89
78 91
79 85
79 90
80 89
81 95
82 87
82 93
83 92
84 88
85 105
85 108
86 99
87 101
87 107
88 97
89 103
90 106
91 102
92 102
93 104
94 100
95 97
96 98
97 116
98 111
99 119
100 109
101 118
102 109
102 114
103 110
103 112
104 118
105 115
105 120
106 111
106 113
107 119
108 112
108 117
109 132
109 127
110 123
111 129
112 130
113 131
114 128
114 123
115 124
116 129
116 125
117 123
118 121
119 129
120 121
120 122
120 126
121 133
122 133
123 133
124 136
125 143
126 135
127 135
127 141
128 139
128 140
128 142
129 138
130 134
131 139
132 137
132 144
133 147
134 146
135 147
136 145
137 145
138 156
139 153
140 149
140 152
141 148
141 150
141 154
142 150
142 151
142 155
143 150
144 149
145 161
145 158
146 166
147 162
148 157
149 160
149 167
150 165
150 157
151 164
152 162
153 158
153 159
154 166
155 167
155 168
156 163
157 169
158 172
159 171
160 172
160 178
161 176
161 179
162 170
162 173
162 175
163 171
164 177
164 180
165 169
166 176
167 171
167 174
168 171
169 181
169 190
170 182
171 189
172 192
173 182
173 186
174 183
175 185
176 187
177 192
178 183
178 188
178 191
179 182
179 184
180 189
181 203
182 195
182 202
183 204
184 194
185 196
186 203
187 193
187 197
188 196
188 201
189 198
190 202
191 200
192 199
192 203
193 206
193 208
193 214
194 213
195 210
196 205
197 213
198 207
199 209
199 215
200 216
201 205
202 207
203 211
203 215
204 212
205 218
206 225
206 222
207 226
208 219
209 227
210 220
210 223
211 228
211 221
212 218
213 217
213 218
214 219
215 228
216 224
217 232
217 236
218 231
219 233
220 229
220 234
221 239
222 230
223 238
224 238
224 240
225 237
226 237
227 235
228 236
229 245
230 245
230 247
231 243
232 246
233 244
234 250
235 243
235 248
235 249
236 244
237 249
238 243
239 251
239 252
240 241
240 242
241 261
242 262
243 258
244 260
245 258
245 255
246 253
246 254
247 259
247 262
248 257
248 263
249 256
249 258
250 261
251 260
251 264
252 261
253 276
254 275
254 276
255 273
256 274
257 267
257 269
257 271
258 266
258 271
259 270
260 268
261 265
261 270
262 272
263 276
264 272
265 281
266 281
266 287
267 284
268 278
269 281
269 283
270 288
270 285
271 282
271 284
272 277
272 279
273 280
274 286
275 280
276 279
277 298
278 295
279 290
279 300
280 291
281 296
282 289
283 293
283 294
284 291
285 297
286 292
286 298
286 299
287 289
288 294
289 307
290 302
291 312
292 307
293 302
294 311
295 301
295 306
296 311
297 304
297 308
297 310
298 312
299 303
299 307
300 305
300 309
301 323
301 317
302 313
303 320
303 324
304 313
305 317
306 317
307 322
307 313
308 316
309 314
310 315
311 318
311 319
312 321
313 328
313 330
314 327
314 336
315 333
316 328
316 334
317 326
318 329
319 332
319 335
320 331
321 325
322 333
323 332
324 328
325 345
326 345
327 346
328 342
329 337
329 341
330 342
331 346
332 338
332 339
332 340
333 348
334 337
334 343
335 347
336 344
337 358
338 351
339 353
340 353
341 354
341 360
342 352
342 350
343 357
343 350
344 359
345 355
346 353
346 356
347 354
348 353
348 349
349 368
350 371
351 361
351 362
351 363
352 364
353 370
354 368
355 367
356 365
357 372
358 366
359 364
360 364
360 369
361 376
362 374
362 375
362 378
363 379
363 382
364 373
365 376
366 376
366 380
367 384
367 373
368 377
369 375
370 379
371 375
372 381
372 383
373 386
373 391
373 394
374 388
375 393
376 389
377 387
377 395
378 385
379 387
380 390
381 394
381 396
382 387
383 392
383 394
384 393
385 404
386 404
387 407
388 397
388 406
389 401
390 398
391 398
391 402
391 403
392 407
393 399
393 405
394 407
395 400
396 408
397 418
397 420
398 411
398 413
398 414
399 418
400 410
401 415
402 416
403 419
403 411
403 412
404 410
405 409
406 409
407 417
408 414
409 423
410 425
410 429
411 426
412 425
413 424
414 431
415 425
415 428
415 432
416 423
417 421
417 430
418 424
418 427
419 430
420 422
421 433
421 438
422 435
423 440
423 441
424 433
425 443
426 437
427 433
427 439
428 434
429 435
429 444
430 443
431 442
432 436
433 449
433 447
434 455
435 451
435 452
436 456
437 448
437 450
438 448
438 445
439 456
440 453
441 446
442 448
443 448
443 454
444 448
445 459
445 462
446 464
447 464
448 461
449 461
450 466
451 463
452 468
453 465
454 467
455 457
455 458
455 465
456 460
457 474
457 477
458 472
458 479
459 471
460 470
461 475
462 478
463 469
463 473
464 480
465 471
466 478
467 471
467 476
468 474
469 481
469 484
469 490
470 487
471 487
472 489
473 484
474 489
474 491
475 487
476 486
477 489
478 483
478 488
479 485
480 482
480 492
481 494
481 504
482 494
483 495
483 501
484 493
485 493
485 496
485 498
486 496
486 500
486 502
487 494
488 494
488 497
489 494
490 499
491 494
492 503
1 2 3 4 5 6 7 8 9 10 11 12 
13 14 15 16 17 18 19 20 21 22 23 24 
25 26 27 28 29 30 31 32 33 34 35 36 
37 38 39 40 41 42 43 44 45 46 47 48 
49 50 51 52 53 54 55 56 57 58 59 60 
61 62 63 64 65 66 67 68 69 70 71 72 
73 74 75 76 77 78 79 80 81 82 83 84 
85 86 87 88 89 90 91 92 93 94 95 96 
97 98 99 100 101 102 103 104 105 106 107 108 
109 110 111 112 113 114 115 116 117 118 119 120 
121 122 123 124 125 126 127 128 129 130 131 132 
133 134 135 136 137 138 139 140 141 142 143 144 
145 146 147 148 149 150 151 152 153 154 155 156 
157 158 159 160 161 162 163 164 165 166 167 168 
169 170 171 172 173 174 175 176 177 178 179 180 
181 182 183 184 185 186 187 188 189 190 191 192 
193 194 195 196 197 198 199 200 201 202 203 204 
205 206 207 208 209 210 211 212 213 214 215 216 
217 218 219 220 221 222 223 224 225 226 227 228 
229 230 231 232 233 234 235 236 237 238 239 240 
241 242 243 244 245 246 247 248 249 250 251 252 
253 254 255 256 257 258 259 260 261 262 263 264 
265 266 267 268 269 270 271 272 273 274 275 276 
277 278 279 280 281 282 283 284 285 286 287 288 
289 290 291 292 293 294 295 296 297 298 299 300 
301 302 303 304 305 306 307 308 309 310 311 312 
313 314 315 316 317 318 319 320 321 322 323 324 
325 326 327 328 329 330 331 332 333 334 335 336 
337 338 339 340 341 342 343 344 345 346 347 348 
349 350 351 352 353 354 355 356 357 358 359 360 
361 362 363 364 365 366 367 368 369 370 371 372 
373 374 375 376 377 378 379 380 381 382 383 384 
385 386 387 388 389 390 391 392 393 394 395 396 
397 398 399 400 401 402 403 404 405 406 407 408 
409 410 411 412 413 414 415 416 417 418 419 420 
421 422 423 424 425 426 427 428 429 430 431 432 
433 434 435 436 437 438 439 440 441 442 443 444 
445 446 447 448 449 450 451 452 453 454 455 456 
457 458 459 460 461 462 463 464 465 466 467 468 
469 470 471 472 473 474 475 476 477 478 479 480 
481 482 483 484 485 486 487 488 489 490 491 492 
493 494 495 496 497 498 499 500 501 502 503 504 
115 124 136 145 
162 170 182 
313 330 342 
25 41 50 
391 402 416 423 
84 88 97 
443 454 467 
458 472 489 
441 446 464 
86 99 119 
175 185 196 
320 331 346 
247 259 270 
209 227 235 
321 325 345 
125 143 150 
169 190 202 
367 384 393 
217 232 246 
332 338 351 
219 233 244 
83 92 102 
388 406 409 
245 255 273 280 
142 151 164 
129 138 156 163 171 
353 370 379 
437 450 466 478 
76 96 98 111 
272 277 298 
15 26 38 
415 432 436 456 
134 146 166 
87 101 118 
11 22 27 
295 306 317 
398 413 424 
108 117 123 
189 198 207 
256 274 286 
79 90 106 
356 365 376 
480 482 494 
433 449 461 
300 309 314 
218 231 243 
48 57 65 81 
211 221 239 
362 378 385 404 
279 290 302 
12 19 31 47 58 
42 56 71 
141 148 157 
281 296 311 
435 452 468 474 
414 431 442 448 
307 322 333 
350 371 375 
210 223 238 
188 201 205 
403 412 425 
191 200 216 224 
64 73 95 
348 349 368 
220 234 250 261 
377 395 400 410 
344 359 364 
46 52 66 
206 222 230 
337 358 366 
67 80 89 
132 144 149 
184 194 213 
303 324 328 
173 186 203 
248 263 276 
167 174 183 
463 473 484 
113 131 139 
43 60 72 
383 392 407 
120 122 133 
363 382 387 
460 470 487 
266 287 289 
445 459 471 
343 357 372 
297 308 316 
319 335 347 354 
94 100 109 
35 40 54 
3 16 29 
469 490 499 
257 267 284 
240 242 262 
428 434 455 
440 453 465 
