532 733 38 102
1 19
2 27
3 16
3 21
4 26
5 17
6 28
7 18
8 15
9 24
10 27
11 23
12 26
13 23
13 25
14 20
14 22
15 30
16 32
16 34
16 42
17 30
18 41
19 34
20 37
21 30
22 35
23 39
23 41
24 41
25 30
25 31
26 36
26 38
27 33
27 40
28 34
28 29
29 53
30 54
31 49
32 43
33 48
34 45
35 44
36 49
37 55
38 46
39 45
39 50
40 51
41 47
41 52
41 56
42 45
43 62
44 65
44 70
45 62
46 67
47 59
48 64
49 67
50 69
51 57
52 58
52 62
52 63
53 68
54 66
55 68
56 57
56 60
56 61
57 73
58 77
59 75
60 73
61 81
62 71
62 79
63 77
63 82
64 83
65 77
65 84
66 76
66 78
66 80
67 71
67 72
68 83
69 73
69 74
70 78
71 93
72 88
72 90
72 94
73 87
74 96
74 97
75 89
76 86
77 91
77 93
78 87
79 85
80 92
81 95
82 87
83 97
83 98
84 97
85 103
85 110
86 99
87 109
88 110
89 109
90 106
91 102
92 102
93 106
93 107
94 111
95 112
96 100
97 101
97 104
98 102
98 105
98 108
98 112
99 119
99 126
100 118
101 115
101 116
101 124
102 113
103 120
103 122
103 125
104 117
105 114
106 124
107 113
108 120
109 123
110 114
111 121
112 117
113 138
114 132
115 140
116 134
116 139
117 130
118 135
118 140
119 129
119 130
120 132
121 136
122 132
123 131
124 128
124 136
124 139
124 127
125 137
125 127
126 133
126 138
127 151
128 142
129 145
129 150
130 141
130 153
131 143
132 150
133 154
134 144
134 148
134 150
135 146
136 152
137 142
138 152
139 147
139 149
140 146
141 156
142 160
142 159
143 163
143 157
143 158
144 163
145 159
146 168
147 164
147 155
148 163
148 167
149 166
150 168
151 165
151 155
151 159
152 156
153 161
153 162
154 163
155 177
156 170
157 173
157 181
158 174
159 172
159 180
160 171
161 175
162 176
163 169
164 174
165 177
165 178
165 182
166 179
167 169
168 180
169 183
170 192
171 186
172 194
173 196
174 196
175 185
176 190
176 191
177 188
177 189
178 193
179 196
179 184
180 195
180 187
181 187
182 186
183 202
183 204
184 209
185 210
186 207
187 203
188 201
188 208
189 197
189 200
190 198
190 206
191 207
192 198
193 203
194 205
194 207
195 209
196 199
197 222
198 224
199 217
199 221
200 212
201 213
202 218
203 216
203 223
204 217
205 214
206 220
207 215
208 211
209 219
210 222
211 229
212 228
213 226
214 225
214 237
215 230
216 235
217 232
218 228
218 234
219 230
220 232
221 231
221 233
222 236
223 227
223 235
223 238
224 232
225 251
226 242
226 246
227 241
227 248
228 241
229 241
230 241
231 243
232 245
232 252
233 250
234 247
235 240
235 241
235 249
236 239
236 250
237 244
238 247
239 260
239 261
240 265
241 259
242 253
243 254
244 256
244 258
244 259
244 263
244 266
245 256
246 264
247 253
248 263
249 259
250 264
250 255
251 257
251 254
252 259
252 262
253 273
253 279
254 268
255 268
255 272
255 278
256 267
256 278
257 269
257 275
258 278
259 271
259 274
260 270
261 280
262 279
263 270
263 277
263 280
264 278
265 268
265 276
266 278
267 292
267 282
268 290
268 284
269 292
270 287
271 285
272 283
272 286
273 284
274 292
275 292
276 291
277 289
277 293
278 294
278 283
279 281
280 288
280 291
280 283
281 304
282 298
282 301
283 299
283 307
284 306
285 295
285 305
286 297
286 300
286 304
286 306
287 298
288 296
289 303
290 306
291 305
291 308
292 306
293 306
294 302
295 322
296 320
296 318
297 309
297 315
297 319
298 315
299 313
300 317
300 318
301 321
302 312
302 313
303 310
304 322
305 311
306 316
307 311
308 314
309 327
310 330
310 331
311 332
312 326
312 329
313 330
314 333
315 333
316 333
317 328
317 332
318 323
318 327
319 324
319 325
319 326
320 332
320 335
321 326
321 336
322 334
323 344
323 346
324 340
325 349
326 341
327 338
328 345
329 350
330 349
331 340
332 343
333 337
333 342
334 347
335 338
335 339
336 348
336 350
337 362
338 362
338 363
339 359
340 364
341 362
341 351
342 361
343 360
344 357
344 361
345 353
345 354
346 360
347 362
348 355
348 358
349 352
349 355
350 356
351 369
351 371
352 369
353 370
354 369
354 378
355 373
356 369
357 366
357 372
358 374
359 370
359 377
360 368
361 375
362 365
362 367
363 376
364 368
365 380
366 388
366 382
367 384
367 387
367 392
368 388
369 385
369 386
369 391
369 381
370 379
371 389
371 381
372 383
373 391
374 380
375 380
376 379
377 381
378 386
378 390
379 396
379 397
380 399
381 406
382 399
383 404
384 402
385 397
385 398
385 401
386 400
386 402
386 404
387 397
388 403
388 405
389 404
390 394
391 394
391 395
392 393
393 417
394 410
395 418
395 409
396 416
397 407
398 411
399 419
400 407
400 415
401 414
402 419
402 420
402 412
403 408
403 414
404 418
404 413
405 420
406 417
407 426
407 432
408 421
409 431
410 433
411 434
412 428
413 430
414 425
414 429
414 432
415 423
415 427
415 429
416 424
417 434
418 422
418 433
419 433
420 421
421 445
422 436
423 435
423 437
424 447
425 448
426 435
427 438
427 439
428 444
429 446
430 440
430 441
431 446
432 448
433 443
434 442
435 449
436 459
436 462
437 454
438 460
439 450
440 458
441 458
442 458
442 461
443 462
444 457
445 456
445 458
446 452
446 453
447 449
447 451
448 455
449 473
450 470
451 472
452 467
452 475
453 466
453 473
454 464
455 464
456 469
457 464
458 464
458 465
458 468
459 471
460 463
460 464
461 464
461 474
461 476
462 471
463 489
463 478
464 486
464 488
465 490
466 482
467 483
468 487
468 479
469 486
470 479
471 481
472 486
473 485
474 484
474 477
475 478
476 480
476 481
477 502
478 493
478 503
479 495
480 491
480 497
481 499
482 494
482 496
482 502
483 498
484 497
485 499
486 496
486 500
487 493
487 498
487 501
488 492
488 498
489 502
490 504
491 509
491 511
492 514
493 506
493 507
494 516
495 510
496 513
497 510
498 512
498 505
498 507
499 517
500 513
500 515
501 512
501 508
502 514
503 509
504 518
505 525
506 522
506 530
506 532
507 529
508 521
509 525
510 520
510 529
511 528
512 519
512 531
513 523
514 524
514 527
515 527
516 521
516 526
516 531
517 530
518 525
1 2 3 4 5 6 7 8 9 10 11 12 13 14 
15 16 17 18 19 20 21 22 23 24 25 26 27 28 
29 30 31 32 33 34 35 36 37 38 39 40 41 42 
43 44 45 46 47 48 49 50 51 52 53 54 55 56 
57 58 59 60 61 62 63 64 65 66 67 68 69 70 
71 72 73 74 75 76 77 78 79 80 81 82 83 84 
85 86 87 88 89 90 91 92 93 94 95 96 97 98 
99 100 101 102 103 104 105 106 107 108 109 110 111 112 
113 114 115 116 117 118 119 120 121 122 123 124 125 126 
127 128 129 130 131 132 133 134 135 136 137 138 139 140 
141 142 143 144 145 146 147 148 149 150 151 152 153 154 
155 156 157 158 159 160 161 162 163 164 165 166 167 168 
169 170 171 172 173 174 175 176 177 178 179 180 181 182 
183 184 185 186 187 188 189 190 191 192 193 194 195 196 
197 198 199 200 201 202 203 204 205 206 207 208 209 210 
211 212 213 214 215 216 217 218 219 220 221 222 223 224 
225 226 227 228 229 230 231 232 233 234 235 236 237 238 
239 240 241 242 243 244 245 246 247 248 249 250 251 252 
253 254 255 256 257 258 259 260 261 262 263 264 265 266 
267 268 269 270 271 272 273 274 275 276 277 278 279 280 
281 282 283 284 285 286 287 288 289 290 291 292 293 294 
295 296 297 298 299 300 301 302 303 304 305 306 307 308 
309 310 311 312 313 314 315 316 317 318 319 320 321 322 
323 324 325 326 327 328 329 330 331 332 333 334 335 336 
337 338 339 340 341 342 343 344 345 346 347 348 349 350 
351 352 353 354 355 356 357 358 359 360 361 362 363 364 
365 366 367 368 369 370 371 372 373 374 375 376 377 378 
379 380 381 382 383 384 385 386 387 388 389 390 391 392 
393 394 395 396 397 398 399 400 401 402 403 404 405 406 
407 408 409 410 411 412 413 414 415 416 417 418 419 420 
421 422 423 424 425 426 427 428 429 430 431 432 433 434 
435 436 437 438 439 440 441 442 443 444 445 446 447 448 
449 450 451 452 453 454 455 456 457 458 459 460 461 462 
463 464 465 466 467 468 469 470 471 472 473 474 475 476 
477 478 479 480 481 482 483 484 485 486 487 488 489 490 
491 492 493 494 495 496 497 498 499 500 501 502 503 504 
505 506 507 508 509 510 511 512 513 514 515 516 517 518 
519 520 521 522 523 524 525 526 527 528 529 530 531 532 
142 160 171 186 
252 262 279 
111 121 136 
183 204 217 
367 384 402 
194 205 214 
404 413 430 
414 425 448 
259 271 285 
308 314 333 
450 470 479 
253 273 284 
265 276 291 
44 70 78 
317 328 345 
340 364 368 
189 197 222 
178 193 203 
76 86 99 
74 96 100 118 
458 465 490 504 518 525 
123 131 143 
412 428 444 457 464 
378 390 394 
37 55 68 
381 406 417 
27 40 51 57 
270 287 298 
396 416 424 447 
170 192 198 
283 299 313 
48 64 83 
188 208 211 229 241 
157 181 187 
63 82 87 
395 409 431 446 
244 258 278 
322 334 347 362 
257 269 292 
332 343 360 
176 191 207 
129 145 159 
418 422 436 
482 494 516 
66 80 92 102 
452 475 478 
427 438 460 
445 456 469 486 
9 24 41 
103 122 132 
289 303 310 
56 60 73 
179 184 209 
147 164 174 
148 167 169 
3 21 30 
500 515 527 
47 59 75 89 109 
361 375 380 
232 245 256 
349 352 369 
126 133 154 163 
223 238 247 
16 42 45 
280 288 296 
72 88 110 
312 329 350 
467 483 498 
474 477 502 
227 248 263 
93 107 113 
200 212 228 
297 309 327 
97 104 117 
26 38 46 67 
98 105 114 
338 363 376 379 
101 115 140 
62 79 85 
501 508 521 
226 246 264 
388 405 420 
473 485 499 
39 50 69 
385 398 411 434 
268 290 306 
433 443 462 
81 95 112 
130 141 156 
407 426 435 
491 511 528 
52 58 77 
221 233 250 
335 339 359 
355 373 391 
403 408 421 
25 31 49 
366 382 399 
1 19 34 
231 243 254 
282 301 321 
488 492 514 
