368 498 16 66
1 32
1 42
2 26
2 39
3 27
3 31
4 31
4 46
5 38
6 33
7 45
8 45
9 35
9 36
10 40
10 45
11 24
12 28
12 45
13 39
13 46
14 37
14 43
15 25
15 46
16 34
16 41
17 24
18 29
18 39
19 35
20 38
20 46
21 30
22 26
22 44
23 31
24 60
25 53
26 66
27 63
28 66
29 58
29 66
30 53
31 68
32 54
33 52
33 67
34 47
34 69
35 50
36 69
37 65
38 62
39 64
40 60
41 51
41 57
41 61
42 49
42 56
43 51
44 55
45 49
45 59
46 48
46 52
47 82
48 77
49 85
50 90
50 92
51 70
52 88
53 75
54 75
55 79
55 85
56 74
56 78
57 80
57 86
58 71
58 84
59 80
60 73
60 83
60 89
61 80
61 91
62 89
63 86
64 72
64 82
65 81
66 87
67 76
68 82
69 79
69 85
70 93
70 104
71 113
72 102
72 103
73 94
74 107
75 112
76 111
77 107
78 100
78 114
79 98
80 96
80 97
80 104
81 109
82 109
83 114
84 106
84 110
85 108
86 99
86 105
87 107
88 104
89 95
90 103
90 115
91 101
91 107
92 103
93 137
94 129
94 123
95 130
95 131
95 136
95 127
96 132
96 124
97 119
98 135
99 120
100 130
101 135
102 128
102 116
102 117
103 120
104 119
105 116
106 126
107 134
108 116
109 118
109 122
110 123
111 121
112 126
113 125
114 133
114 138
115 120
116 143
116 159
117 141
118 157
119 158
120 139
121 142
121 155
122 156
123 150
123 153
124 145
125 156
125 160
126 144
126 152
127 156
128 148
128 150
129 149
130 149
131 151
131 154
131 159
132 140
132 146
133 141
134 147
135 152
136 156
137 156
138 161
139 164
140 162
140 164
140 173
140 178
141 177
142 177
143 182
144 168
145 165
145 183
146 178
146 181
147 174
148 182
149 166
149 171
150 167
151 182
152 177
153 171
154 169
154 180
155 163
156 177
156 184
157 168
157 170
158 167
158 172
158 182
159 177
159 179
160 165
160 175
161 176
162 205
163 185
164 196
165 193
165 201
166 194
166 206
167 188
167 197
168 190
169 198
170 185
171 186
171 198
171 204
172 207
173 198
173 202
174 205
175 192
176 199
176 203
177 197
178 207
179 187
179 206
180 189
180 190
180 200
181 193
181 195
182 191
182 193
183 206
184 201
184 205
185 218
185 229
186 222
187 224
187 226
188 212
188 228
189 208
189 220
190 224
190 226
191 209
192 221
192 223
193 222
194 224
195 226
196 214
196 225
196 227
197 222
197 224
198 208
199 208
199 220
200 225
200 230
201 211
201 215
202 223
203 210
203 217
204 219
205 216
205 224
206 213
206 214
207 230
208 235
208 244
209 244
210 247
210 251
211 245
212 244
213 245
213 250
214 232
215 239
216 246
217 253
218 236
218 243
219 231
220 238
221 241
221 249
222 244
223 238
224 242
224 252
225 252
226 245
227 234
228 248
229 233
230 237
230 240
231 262
232 258
233 263
234 275
235 271
235 254
235 255
236 273
237 258
238 274
238 254
239 272
240 256
240 273
241 272
242 260
243 269
243 272
244 259
245 272
246 264
246 271
247 257
247 261
248 268
248 270
249 267
250 266
251 276
252 266
253 265
254 279
254 299
255 280
255 282
256 283
256 294
257 289
258 280
259 295
260 281
260 292
260 295
261 288
262 293
263 295
264 277
264 292
265 286
265 291
266 296
267 280
268 295
269 287
269 298
270 296
271 278
272 284
273 285
274 297
275 285
276 290
276 293
277 310
277 319
278 310
278 318
279 309
280 314
280 317
281 303
282 312
283 311
284 320
285 307
285 322
286 300
286 313
287 310
288 310
289 311
290 303
291 305
292 316
293 301
293 306
294 320
295 308
295 310
296 315
297 316
298 302
298 304
299 321
300 328
300 344
301 333
302 329
302 336
303 327
303 332
303 340
304 326
305 331
306 333
307 335
308 325
308 334
309 326
309 337
310 330
311 333
311 339
312 343
313 324
314 338
315 334
316 341
317 331
318 338
318 345
319 332
319 342
320 343
321 323
321 334
322 341
323 350
323 356
324 347
324 353
325 356
326 352
326 355
327 348
328 348
329 361
330 359
331 352
332 357
333 368
334 349
334 365
335 346
336 350
337 357
337 366
338 360
338 362
339 366
340 350
340 363
340 364
341 359
342 362
343 354
343 358
344 356
344 359
344 367
345 351
1 2 3 4 5 6 7 8 9 10 11 12 13 14 15 16 17 18 19 20 21 22 23 
24 25 26 27 28 29 30 31 32 33 34 35 36 37 38 39 40 41 42 43 44 45 46 
47 48 49 50 51 52 53 54 55 56 57 58 59 60 61 62 63 64 65 66 67 68 69 
70 71 72 73 74 75 76 77 78 79 80 81 82 83 84 85 86 87 88 89 90 91 92 
93 94 95 96 97 98 99 100 101 102 103 104 105 106 107 108 109 110 111 112 113 114 115 
116 117 118 119 120 121 122 123 124 125 126 127 128 129 130 131 132 133 134 135 136 137 138 
139 140 141 142 143 144 145 146 147 148 149 150 151 152 153 154 155 156 157 158 159 160 161 
162 163 164 165 166 167 168 169 170 171 172 173 174 175 176 177 178 179 180 181 182 183 184 
185 186 187 188 189 190 191 192 193 194 195 196 197 198 199 200 201 202 203 204 205 206 207 
208 209 210 211 212 213 214 215 216 217 218 219 220 221 222 223 224 225 226 227 228 229 230 
231 232 233 234 235 236 237 238 239 240 241 242 243 244 245 246 247 248 249 250 251 252 253 
254 255 256 257 258 259 260 261 262 263 264 265 266 267 268 269 270 271 272 273 274 275 276 
277 278 279 280 281 282 283 284 285 286 287 288 289 290 291 292 293 294 295 296 297 298 299 
300 301 302 303 304 305 306 307 308 309 310 311 312 313 314 315 316 317 318 319 320 321 322 
323 324 325 326 327 328 329 330 331 332 333 334 335 336 337 338 339 340 341 342 343 344 345 
346 347 348 349 350 351 352 353 354 355 356 357 358 359 360 361 362 363 364 365 366 367 368 
256 283 311 
196 227 234 275 285 
280 314 338 
269 287 310 
94 129 149 
86 99 120 
32 54 75 
214 232 258 
300 328 348 
154 169 198 
205 216 246 
231 262 293 
67 76 111 121 
191 209 244 
60 83 114 
14 43 51 
50 92 103 
96 124 145 
203 217 253 265 
48 77 107 
31 68 82 
307 335 346 
12 28 66 
181 195 226 
233 263 295 
166 194 224 
38 62 89 
255 282 312 343 
128 148 182 
109 118 157 
102 117 141 
45 59 80 
260 281 303 
201 211 245 
213 250 266 
52 88 104 
302 329 361 
126 144 168 
215 239 272 
254 279 309 
84 110 123 
95 127 156 
188 228 248 
79 98 135 
85 108 116 
158 172 207 
274 297 316 
291 305 331 
210 251 276 
298 304 326 
58 71 113 125 
308 325 356 
15 25 53 
286 313 324 
296 315 334 
218 236 273 
318 345 351 
173 202 223 
160 175 192 
78 100 130 
9 36 69 
319 342 362 
171 186 222 
155 163 185 
22 44 55 
138 161 176 
