539 734 49 102
1 19
1 20
2 12
2 14
2 15
2 17
3 13
4 16
4 22
5 22
6 15
7 18
8 13
9 15
10 17
10 21
11 17
12 26
13 23
13 24
14 32
14 27
15 28
16 31
17 28
18 23
19 25
19 31
20 33
21 29
21 30
22 29
23 38
24 39
25 39
26 43
27 35
28 37
29 42
30 38
31 34
31 40
32 36
33 41
33 44
34 52
35 45
36 53
37 52
38 55
39 50
39 55
40 48
40 55
41 49
41 54
42 46
43 47
44 51
45 62
46 66
47 60
48 58
49 60
50 61
51 56
51 57
52 63
53 64
54 58
55 65
55 59
56 74
56 75
57 70
58 67
58 69
59 71
60 77
61 77
62 71
63 68
63 73
64 76
64 77
65 72
66 67
67 79
68 88
69 86
70 84
71 83
72 78
72 87
73 81
74 84
75 83
75 85
76 80
77 82
78 89
79 92
80 91
81 89
81 94
82 95
83 96
84 89
85 99
85 90
86 93
87 98
88 97
89 105
90 109
91 100
91 101
91 110
92 106
93 107
94 104
95 109
96 107
97 100
97 102
97 103
98 102
98 108
99 106
100 111
100 121
101 119
102 113
102 114
103 113
103 115
104 120
105 112
105 117
105 120
106 113
107 120
108 113
108 116
109 111
110 111
110 118
111 129
111 123
112 128
112 130
113 124
114 128
114 125
115 124
116 132
117 124
118 128
119 128
119 131
120 122
121 126
121 127
122 133
123 134
124 139
124 143
125 142
126 136
126 138
127 135
128 141
128 142
129 133
130 134
131 137
132 140
133 153
134 148
135 150
136 151
137 145
137 154
138 149
139 153
140 147
140 151
141 150
142 144
142 146
142 152
143 149
144 160
144 158
145 162
146 159
147 157
148 161
148 164
149 163
149 159
150 164
150 165
151 162
151 155
152 159
153 162
154 156
155 170
156 171
157 168
157 174
158 166
159 167
160 170
160 176
161 168
162 169
163 168
164 173
165 172
165 173
165 175
166 180
166 183
167 178
167 185
168 185
169 180
170 179
170 182
170 184
171 180
172 177
172 180
173 181
173 187
174 186
175 186
176 184
177 195
178 191
179 194
179 198
180 195
181 197
181 190
182 196
182 191
183 189
184 189
185 192
185 188
186 193
187 189
188 204
188 205
188 207
189 202
190 205
191 199
191 206
192 203
193 202
193 208
193 209
194 199
195 200
195 208
196 203
197 205
198 201
199 212
200 215
201 211
201 215
202 216
203 219
204 216
204 220
205 214
206 217
207 213
208 210
208 218
209 216
210 221
211 225
212 226
212 229
213 230
214 222
215 228
216 229
217 230
218 224
219 227
219 231
220 223
221 237
221 238
222 236
222 238
222 240
223 232
223 239
224 240
225 238
226 232
226 235
227 233
227 234
227 238
227 240
228 241
228 242
229 242
230 242
231 242
232 245
232 251
233 246
234 247
235 245
236 248
237 248
237 249
238 243
238 244
239 243
239 250
240 252
240 253
241 245
242 243
243 259
244 257
244 258
245 260
245 264
246 261
246 255
247 262
248 258
249 260
250 256
250 254
251 263
252 263
253 259
254 267
255 266
255 270
256 273
257 265
257 274
258 268
259 271
259 274
260 274
261 270
262 272
262 275
263 269
264 270
265 283
265 284
266 278
267 277
267 279
267 280
267 284
268 284
269 286
270 281
271 286
272 276
273 277
274 285
275 282
276 296
277 289
278 290
278 294
279 289
279 293
280 288
280 291
280 292
281 287
282 292
282 294
282 295
283 294
284 297
285 296
286 291
287 304
288 300
289 300
290 306
291 307
292 299
293 298
293 301
294 305
295 308
296 300
297 302
297 303
298 315
298 316
299 313
300 311
300 314
300 318
301 311
301 319
302 309
303 309
304 318
305 310
305 317
306 311
307 318
308 312
309 324
310 324
311 321
312 324
313 321
313 330
314 323
315 320
315 325
316 328
317 322
317 326
317 327
318 329
319 324
320 331
320 340
321 331
322 336
322 339
323 335
324 335
325 332
325 341
326 337
326 341
327 333
327 341
328 334
328 339
329 338
330 331
331 346
331 348
332 348
333 351
334 350
335 347
335 349
336 344
337 342
337 345
338 352
339 343
339 349
339 350
340 352
341 349
342 358
343 355
344 353
345 357
345 361
345 362
346 358
347 355
348 356
349 363
350 362
351 359
351 360
352 354
353 371
354 367
354 374
355 366
355 368
356 369
357 370
358 373
359 371
360 365
360 372
361 364
362 364
363 374
364 380
365 383
366 385
366 377
366 383
367 384
367 382
367 383
368 376
369 378
369 379
369 381
370 376
371 376
372 375
372 376
373 380
374 376
375 389
376 392
377 388
377 392
377 395
378 392
379 391
379 396
380 386
381 387
381 392
382 394
383 393
384 390
385 390
386 407
387 402
388 401
389 398
389 399
390 400
390 404
391 405
392 397
392 405
393 401
394 406
395 405
396 403
396 406
397 408
398 409
399 416
400 410
400 414
401 411
402 411
402 413
402 415
403 418
404 418
405 416
406 412
407 417
407 409
408 419
408 423
409 421
409 424
409 426
410 425
411 423
411 428
412 420
413 429
414 421
415 425
416 422
417 421
418 427
419 434
420 430
420 439
421 431
421 438
422 434
423 436
423 440
424 438
425 432
426 433
427 433
428 432
428 435
429 432
429 434
429 437
430 444
431 450
431 445
432 448
432 441
433 447
434 451
434 446
435 443
436 446
437 448
437 442
438 445
439 448
440 449
441 458
442 454
442 461
443 458
443 462
444 458
445 460
446 453
447 459
448 455
449 452
449 456
450 458
451 455
451 457
452 463
453 467
454 469
454 470
455 470
456 472
457 465
457 466
458 463
458 471
458 473
459 464
459 466
460 470
461 470
462 468
463 481
464 478
465 484
466 483
466 476
466 477
467 480
467 477
467 479
468 474
469 477
470 475
471 482
471 475
472 481
473 475
474 495
475 489
476 492
477 488
478 485
478 486
479 490
480 485
481 491
482 493
483 487
483 488
484 494
485 506
486 503
487 501
487 502
488 498
489 498
490 496
490 504
490 505
491 496
491 497
491 506
492 500
492 506
493 502
494 496
495 499
496 515
497 511
498 516
498 510
499 507
500 512
501 514
502 514
503 512
503 508
504 514
504 509
505 513
505 517
506 514
507 519
507 526
508 527
509 521
510 518
511 519
511 528
512 527
513 524
514 522
515 520
516 523
516 525
516 527
517 518
518 537
519 533
519 539
520 534
520 535
521 532
521 537
522 538
523 529
523 530
524 536
525 538
526 531
527 534
528 533
1 2 3 4 5 6 7 8 9 10 11 
12 13 14 15 16 17 18 19 20 21 22 
23 24 25 26 27 28 29 30 31 32 33 
34 35 36 37 38 39 40 41 42 43 44 
45 46 47 48 49 50 51 52 53 54 55 
56 57 58 59 60 61 62 63 64 65 66 
67 68 69 70 71 72 73 74 75 76 77 
78 79 80 81 82 83 84 85 86 87 88 
89 90 91 92 93 94 95 96 97 98 99 
100 101 102 103 104 105 106 107 108 109 110 
111 112 113 114 115 116 117 118 119 120 121 
122 123 124 125 126 127 128 129 130 131 132 
133 134 135 136 137 138 139 140 141 142 143 
144 145 146 147 148 149 150 151 152 153 154 
155 156 157 158 159 160 161 162 163 164 165 
166 167 168 169 170 171 172 173 174 175 176 
177 178 179 180 181 182 183 184 185 186 187 
188 189 190 191 192 193 194 195 196 197 198 
199 200 201 202 203 204 205 206 207 208 209 
210 211 212 213 214 215 216 217 218 219 220 
221 222 223 224 225 226 227 228 229 230 231 
232 233 234 235 236 237 238 239 240 241 242 
243 244 245 246 247 248 249 250 251 252 253 
254 255 256 257 258 259 260 261 262 263 264 
265 266 267 268 269 270 271 272 273 274 275 
276 277 278 279 280 281 282 283 284 285 286 
287 288 289 290 291 292 293 294 295 296 297 
298 299 300 301 302 303 304 305 306 307 308 
309 310 311 312 313 314 315 316 317 318 319 
320 321 322 323 324 325 326 327 328 329 330 
331 332 333 334 335 336 337 338 339 340 341 
342 343 344 345 346 347 348 349 350 351 352 
353 354 355 356 357 358 359 360 361 362 363 
364 365 366 367 368 369 370 371 372 373 374 
375 376 377 378 379 380 381 382 383 384 385 
386 387 388 389 390 391 392 393 394 395 396 
397 398 399 400 401 402 403 404 405 406 407 
408 409 410 411 412 413 414 415 416 417 418 
419 420 421 422 423 424 425 426 427 428 429 
430 431 432 433 434 435 436 437 438 439 440 
441 442 443 444 445 446 447 448 449 450 451 
452 453 454 455 456 457 458 459 460 461 462 
463 464 465 466 467 468 469 470 471 472 473 
474 475 476 477 478 479 480 481 482 483 484 
485 486 487 488 489 490 491 492 493 494 495 
496 497 498 499 500 501 502 503 504 505 506 
507 508 509 510 511 512 513 514 515 516 517 
518 519 520 521 522 523 524 525 526 527 528 
529 530 531 532 533 534 535 536 537 538 539 
505 517 518 
121 127 135 150 
208 210 221 
85 99 106 
475 489 498 
219 231 242 
234 247 262 
511 528 533 
83 96 107 
392 397 408 
68 88 97 
418 427 433 
298 316 328 
449 456 472 481 
111 123 134 
110 118 128 
507 526 531 
4 16 31 
467 479 490 
331 346 358 
274 285 296 
402 415 425 
482 493 502 
420 439 448 
193 209 216 
41 54 58 
258 268 284 
246 261 270 
263 269 286 
430 444 458 
21 30 38 
142 146 159 
355 368 376 
35 45 62 71 
160 176 184 
42 46 66 67 
278 290 306 311 
82 95 109 
39 50 61 77 
148 161 168 
144 158 166 
204 220 223 
454 469 477 
250 256 273 277 
218 224 240 
329 338 352 
327 333 351 
400 414 421 
211 225 238 
119 131 137 
181 197 205 
496 515 520 
195 200 215 
64 76 80 91 
297 302 309 
55 65 72 
103 115 124 
478 486 503 
167 178 191 
287 304 318 
305 310 324 
179 194 199 
379 391 405 
57 70 84 
156 171 180 
126 136 151 
1 20 33 
207 213 230 
380 386 407 
28 37 52 
345 361 364 
157 174 186 
516 525 538 
322 336 344 353 371 
63 73 81 
389 399 416 
94 104 120 
442 461 470 
43 47 60 
237 249 260 
222 236 248 
428 435 443 
265 283 294 
314 323 335 
504 509 521 
492 500 512 
383 393 401 
382 394 406 
348 356 369 
108 116 132 140 
367 384 390 
226 235 245 
513 524 536 
182 196 203 
280 288 300 
292 299 313 
487 501 514 
423 436 446 
409 424 438 
7 18 23 
173 187 189 
349 363 374 
