476 763 14 66
1 47
2 40
3 40
4 42
5 64
6 37
6 59
7 56
8 41
9 40
10 52
11 50
12 65
13 40
13 61
14 55
14 57
15 42
15 58
15 67
16 48
17 44
17 62
18 39
19 36
20 45
21 57
21 60
22 37
23 49
24 44
25 63
26 42
26 44
26 54
27 44
28 66
29 56
29 57
29 68
30 43
30 53
31 51
32 44
33 35
34 38
34 46
35 72
35 83
36 72
37 73
37 75
38 84
39 75
40 79
40 81
41 74
42 91
42 93
43 89
44 101
45 98
46 95
47 96
48 84
49 78
49 102
50 70
51 82
52 75
52 99
53 90
54 86
54 100
55 80
55 87
56 82
57 88
58 97
59 76
59 81
59 94
60 69
60 77
61 86
62 86
63 92
63 97
64 88
65 74
66 71
67 85
68 96
69 119
70 120
71 104
72 104
73 127
74 109
74 122
75 133
75 135
76 129
76 111
76 123
77 125
78 104
79 120
80 117
81 106
82 112
83 129
84 128
84 104
85 121
86 113
87 107
88 135
89 110
90 131
90 121
91 108
91 124
92 103
92 118
93 136
93 126
94 106
94 115
95 135
96 130
96 132
97 132
98 116
99 134
100 117
101 120
102 105
102 114
103 140
104 138
105 143
106 147
107 165
108 139
108 150
108 152
108 153
109 137
110 166
111 163
112 146
112 157
113 160
113 170
114 162
115 160
116 157
117 140
118 155
119 168
120 149
121 166
122 151
122 165
123 161
124 142
125 164
126 158
126 159
127 156
128 155
129 167
130 145
131 165
132 168
133 144
134 141
135 148
135 154
136 142
136 169
137 179
137 197
138 186
139 200
140 172
140 180
140 195
140 204
141 186
142 187
143 175
144 189
145 187
146 176
147 182
148 185
148 195
149 181
149 183
149 188
150 177
151 181
151 192
151 198
152 203
153 195
154 174
154 186
155 194
156 172
157 178
157 199
157 200
158 173
159 173
160 193
160 199
161 189
162 193
163 189
164 188
164 191
164 201
165 171
165 187
165 196
166 202
167 193
168 184
169 190
169 200
170 186
171 207
171 228
172 212
172 214
173 211
173 212
174 230
175 211
175 221
176 209
176 221
176 229
177 206
177 210
177 220
178 217
178 219
179 211
180 227
181 216
181 224
182 227
182 231
183 210
183 233
184 232
185 221
186 208
187 208
187 217
188 227
188 235
189 225
190 205
190 217
191 215
192 217
193 220
193 227
194 232
195 211
196 218
196 236
197 213
197 238
198 223
198 237
199 207
199 222
199 224
200 218
201 221
202 226
202 234
203 221
204 225
204 229
205 247
206 243
206 249
207 246
207 252
208 256
208 264
209 258
209 247
210 257
210 253
211 246
211 249
212 268
212 248
213 246
213 247
214 260
214 254
215 267
215 248
216 260
216 252
217 261
217 244
218 259
218 271
219 269
219 240
219 245
220 249
221 253
221 255
222 256
222 241
222 253
223 262
223 272
223 251
224 268
224 255
225 263
225 272
225 239
226 242
227 247
228 259
228 250
229 270
230 256
230 248
231 240
232 249
233 268
233 251
234 265
234 252
235 249
236 266
236 246
237 256
237 259
238 252
239 293
239 304
240 273
240 286
241 275
242 290
242 296
243 274
243 288
244 280
245 280
246 298
247 289
247 304
248 300
249 275
250 280
251 283
252 276
252 299
253 302
254 292
254 294
254 297
254 306
255 283
256 279
256 304
256 305
257 274
258 304
259 284
259 295
260 277
261 273
261 282
262 302
263 278
264 290
265 287
266 304
267 302
268 276
268 301
269 274
269 285
269 291
269 302
270 281
270 284
270 298
270 303
271 300
272 300
272 302
273 313
273 316
273 326
274 312
274 320
275 317
275 335
275 339
276 309
277 320
278 309
278 319
278 322
279 324
280 313
280 323
280 327
281 311
281 334
281 335
282 310
282 320
282 333
283 315
283 329
283 333
284 307
284 312
284 328
285 324
286 322
286 323
287 335
288 308
288 327
289 315
290 321
290 325
290 339
291 308
291 319
291 330
292 330
293 314
293 331
293 335
294 311
294 323
294 325
294 330
295 316
296 322
297 332
297 339
298 314
298 325
298 336
298 337
299 317
299 340
300 318
300 322
300 338
301 314
302 325
302 331
303 323
303 333
304 322
305 307
305 335
306 334
307 365
308 372
308 373
309 345
309 352
309 364
310 366
311 348
311 349
312 350
312 355
313 361
313 368
313 374
314 365
314 366
315 360
316 353
316 359
317 356
318 344
319 341
319 347
319 362
320 358
320 363
321 370
322 367
323 344
324 364
324 369
325 350
325 369
325 373
326 342
326 354
327 342
327 365
328 354
328 357
328 362
329 359
329 360
329 368
330 342
331 351
331 357
332 359
332 363
332 373
333 371
334 343
334 352
334 366
335 343
336 361
337 348
337 369
338 346
338 348
338 370
339 357
339 372
340 373
341 386
341 403
342 390
342 401
343 386
344 383
345 378
345 381
346 388
346 380
346 383
347 396
347 405
347 377
348 393
348 408
349 401
349 406
350 395
351 389
351 396
352 397
353 393
353 403
353 383
354 384
354 404
355 399
355 400
356 384
356 407
357 376
358 394
358 375
359 379
360 392
361 402
362 392
363 383
364 403
365 395
366 397
366 403
366 375
367 376
368 378
369 391
369 399
370 398
371 395
372 385
372 375
372 380
373 387
373 388
373 400
373 382
374 392
374 376
375 410
375 416
376 414
376 418
377 422
377 423
377 439
377 441
378 416
378 420
378 436
378 442
379 434
380 436
380 438
380 439
381 413
381 420
381 429
381 431
382 437
383 418
383 424
384 417
384 424
384 425
385 411
385 440
386 413
386 426
386 437
387 426
388 415
389 412
389 423
389 441
390 410
390 435
391 409
391 418
392 428
393 416
393 418
394 416
395 413
395 418
395 419
395 428
396 413
396 420
396 429
396 437
397 441
398 418
399 420
399 424
399 430
400 415
400 419
400 436
401 410
401 426
401 436
401 440
402 442
403 419
403 427
403 435
403 441
404 409
404 416
404 417
404 432
405 420
405 421
405 428
406 437
407 428
408 433
408 442
409 449
409 456
409 460
409 475
410 457
410 460
410 469
410 471
411 455
411 467
411 468
412 444
412 456
412 459
412 470
413 444
413 447
414 448
414 449
414 451
414 469
415 475
416 457
417 446
417 454
417 470
418 473
419 453
420 443
421 455
421 458
421 476
422 449
422 457
422 461
422 471
423 463
423 474
424 443
424 446
424 460
425 444
425 451
425 473
426 475
427 444
427 461
427 472
427 476
428 446
428 450
429 445
429 457
430 463
430 464
431 462
431 471
431 473
432 457
433 445
434 460
434 466
435 471
436 452
436 453
436 460
436 466
437 448
438 444
438 446
438 463
439 462
439 470
440 454
440 460
440 461
440 468
441 465
442 473
1 2 3 4 5 6 7 8 9 10 11 12 13 14 15 16 17 18 19 20 21 22 23 24 25 26 27 28 29 30 31 32 33 34 
35 36 37 38 39 40 41 42 43 44 45 46 47 48 49 50 51 52 53 54 55 56 57 58 59 60 61 62 63 64 65 66 67 68 
69 70 71 72 73 74 75 76 77 78 79 80 81 82 83 84 85 86 87 88 89 90 91 92 93 94 95 96 97 98 99 100 101 102 
103 104 105 106 107 108 109 110 111 112 113 114 115 116 117 118 119 120 121 122 123 124 125 126 127 128 129 130 131 132 133 134 135 136 
137 138 139 140 141 142 143 144 145 146 147 148 149 150 151 152 153 154 155 156 157 158 159 160 161 162 163 164 165 166 167 168 169 170 
171 172 173 174 175 176 177 178 179 180 181 182 183 184 185 186 187 188 189 190 191 192 193 194 195 196 197 198 199 200 201 202 203 204 
205 206 207 208 209 210 211 212 213 214 215 216 217 218 219 220 221 222 223 224 225 226 227 228 229 230 231 232 233 234 235 236 237 238 
239 240 241 242 243 244 245 246 247 248 249 250 251 252 253 254 255 256 257 258 259 260 261 262 263 264 265 266 267 268 269 270 271 272 
273 274 275 276 277 278 279 280 281 282 283 284 285 286 287 288 289 290 291 292 293 294 295 296 297 298 299 300 301 302 303 304 305 306 
307 308 309 310 311 312 313 314 315 316 317 318 319 320 321 322 323 324 325 326 327 328 329 330 331 332 333 334 335 336 337 338 339 340 
341 342 343 344 345 346 347 348 349 350 351 352 353 354 355 356 357 358 359 360 361 362 363 364 365 366 367 368 369 370 371 372 373 374 
375 376 377 378 379 380 381 382 383 384 385 386 387 388 389 390 391 392 393 394 395 396 397 398 399 400 401 402 403 404 405 406 407 408 
409 410 411 412 413 414 415 416 417 418 419 420 421 422 423 424 425 426 427 428 429 430 431 432 433 434 435 436 437 438 439 440 441 442 
443 444 445 446 447 448 449 450 451 452 453 454 455 456 457 458 459 460 461 462 463 464 465 466 467 468 469 470 471 472 473 474 475 476 
17 62 86 
60 69 119 168 
15 67 85 121 
260 277 320 
73 127 156 172 
43 89 110 166 
228 250 280 
356 407 428 
40 79 120 
54 100 117 
91 124 142 
298 336 361 
259 295 316 
45 98 116 157 
290 321 370 
215 267 302 
84 128 155 
265 287 335 
268 301 314 
87 107 165 
148 185 221 
236 266 304 
30 53 90 
373 387 426 
202 226 242 
254 306 334 
126 159 173 
76 111 163 189 
94 115 160 
19 36 72 
102 114 162 193 
282 310 366 
140 180 227 
154 174 230 
18 39 75 
404 432 457 
77 125 164 
108 153 195 
151 192 217 
113 170 186 
137 179 211 
105 143 175 
12 65 74 
1 47 96 
130 145 187 
322 367 376 
349 406 437 
222 241 275 
188 235 249 
358 394 416 
333 371 395 
359 379 434 
66 71 104 
5 64 88 
34 46 95 135 
408 433 445 
197 238 252 
247 289 315 
256 279 324 
106 147 182 
210 257 274 
218 271 300 
31 51 82 
112 146 176 
35 83 129 
225 263 278 
