250 338 10 36
1 29
1 31
2 28
2 47
3 43
4 50
5 30
5 41
6 46
7 35
7 45
7 47
8 42
8 46
9 42
10 48
11 37
11 39
12 31
13 41
13 48
14 36
14 48
15 36
15 38
15 44
15 45
16 50
17 27
17 40
17 49
18 26
18 32
18 34
19 27
19 33
20 50
21 27
22 42
22 44
23 30
24 33
25 42
26 52
27 75
28 53
29 64
30 59
31 66
32 65
33 61
34 57
34 73
35 69
36 51
36 58
36 59
37 52
38 67
39 60
40 67
41 54
41 75
42 71
42 72
43 60
44 55
44 57
45 56
45 61
46 75
47 63
47 70
47 72
48 51
49 59
49 74
50 62
50 68
50 70
51 81
52 97
53 79
53 94
53 100
54 93
55 77
55 97
56 83
56 95
57 78
58 90
59 97
60 96
61 81
61 84
62 87
62 99
63 80
64 86
65 87
65 91
66 76
66 100
67 90
68 98
69 92
70 78
71 89
71 92
72 80
72 85
73 88
74 90
75 82
76 115
77 125
78 101
78 102
79 118
80 105
80 120
81 107
81 118
81 123
82 114
83 106
83 110
84 124
85 106
85 117
85 124
86 124
87 116
88 109
88 111
88 115
88 124
89 103
90 119
91 108
91 113
92 119
93 104
94 103
95 113
95 116
96 102
97 116
98 105
98 122
99 113
99 121
100 108
100 112
100 122
101 138
102 147
103 134
104 134
105 134
105 135
106 148
107 132
107 133
107 142
108 141
109 147
110 131
110 135
111 126
112 129
112 130
113 126
114 137
114 146
115 141
116 144
117 132
118 147
119 145
119 148
120 139
121 140
121 127
122 143
122 150
123 128
123 130
124 126
125 136
125 149
126 151
126 157
126 164
127 159
127 175
128 152
128 155
128 166
129 161
129 169
130 172
131 165
132 160
133 164
133 171
134 164
135 161
135 168
135 170
136 156
137 169
138 151
138 158
139 163
140 160
140 165
141 175
142 163
143 154
144 165
145 160
146 166
146 167
147 162
147 173
148 170
149 152
150 153
150 159
150 173
150 174
151 182
151 186
152 194
153 199
154 191
155 197
156 188
157 184
157 196
158 193
159 196
160 181
161 180
162 196
163 179
163 187
163 198
163 200
164 189
165 192
166 191
167 187
168 190
169 194
170 196
171 191
172 183
173 195
174 176
174 178
174 188
175 177
175 185
176 210
177 216
178 204
179 212
180 201
180 223
181 206
181 211
182 217
183 206
183 224
184 206
184 221
185 219
186 205
186 207
187 225
188 213
188 218
189 209
189 225
190 220
191 202
191 203
192 205
192 215
193 204
193 208
194 222
195 202
196 208
196 220
197 206
198 222
199 212
200 214
201 232
201 245
202 243
203 243
204 230
205 238
206 244
207 226
208 240
208 249
209 230
209 248
210 247
211 236
211 242
212 241
213 241
214 229
214 241
215 227
215 237
215 240
215 247
216 231
217 228
217 246
218 233
219 239
219 241
220 235
221 234
222 233
223 237
224 240
224 250
225 243
1 2 3 4 5 6 7 8 9 10 11 12 13 14 15 16 17 18 19 20 21 22 23 24 25 
26 27 28 29 30 31 32 33 34 35 36 37 38 39 40 41 42 43 44 45 46 47 48 49 50 
51 52 53 54 55 56 57 58 59 60 61 62 63 64 65 66 67 68 69 70 71 72 73 74 75 
76 77 78 79 80 81 82 83 84 85 86 87 88 89 90 91 92 93 94 95 96 97 98 99 100 
101 102 103 104 105 106 107 108 109 110 111 112 113 114 115 116 117 118 119 120 121 122 123 124 125 
126 127 128 129 130 131 132 133 134 135 136 137 138 139 140 141 142 143 144 145 146 147 148 149 150 
151 152 153 154 155 156 157 158 159 160 161 162 163 164 165 166 167 168 169 170 171 172 173 174 175 
176 177 178 179 180 181 182 183 184 185 186 187 188 189 190 191 192 193 194 195 196 197 198 199 200 
201 202 203 204 205 206 207 208 209 210 211 212 213 214 215 216 217 218 219 220 221 222 223 224 225 
226 227 228 229 230 231 232 233 234 235 236 237 238 239 240 241 242 243 244 245 246 247 248 249 250 
175 185 219 
18 32 65 
122 143 154 191 
11 39 60 
186 207 226 
116 144 165 
163 198 222 
125 149 152 
64 86 124 
17 40 67 
180 223 237 
136 156 188 
88 109 147 
130 172 183 
36 58 90 
177 216 231 
66 76 115 
53 79 118 
78 101 138 
151 182 217 
174 178 204 
150 153 199 212 
47 63 80 
71 89 103 
135 168 190 220 
155 197 206 
54 93 104 134 
7 35 69 92 
176 210 247 
173 195 202 
50 68 98 
146 167 187 
119 145 160 
184 221 234 
85 117 132 
75 82 114 
