598 1155 13 68
1 60
2 59
2 80
3 63
3 84
3 92
4 61
4 82
4 90
5 47
5 81
6 80
7 84
7 89
8 85
9 55
9 71
9 75
10 58
10 59
11 64
12 79
12 84
13 52
13 58
14 88
15 64
15 83
16 54
16 86
17 51
18 52
19 48
19 87
20 76
20 80
21 67
22 49
22 72
23 50
23 51
23 85
24 68
25 65
26 84
27 54
28 57
28 66
29 47
29 80
30 57
30 64
31 59
31 72
32 47
33 56
33 62
33 77
34 53
34 74
35 57
36 67
37 59
37 67
38 56
39 57
39 83
40 58
40 91
41 78
42 70
42 84
43 77
44 69
44 77
45 66
46 73
46 80
47 130
48 136
49 132
49 110
50 131
50 106
50 112
50 121
51 93
51 110
51 111
51 114
51 122
52 137
52 112
53 133
53 123
54 136
54 109
55 97
55 104
56 133
56 106
57 130
57 135
57 93
57 95
58 138
58 111
58 117
58 124
59 135
59 107
59 118
59 121
60 118
61 97
61 116
62 97
62 106
62 121
62 126
63 133
63 99
63 103
63 119
64 94
64 113
64 115
64 120
65 133
65 101
65 106
65 125
66 107
67 134
68 104
69 129
69 93
69 112
69 119
69 126
70 113
71 105
72 134
72 137
72 101
73 103
74 106
75 108
75 111
75 114
76 124
77 129
77 98
78 122
79 128
79 94
79 103
79 107
80 101
81 118
82 132
82 112
83 132
83 135
83 122
83 124
83 126
84 132
85 138
85 107
85 117
85 125
85 127
86 96
86 97
86 100
86 121
87 134
87 99
88 102
88 108
89 99
90 124
91 133
91 136
91 137
91 120
92 129
92 111
92 121
93 165
94 163
94 182
95 161
96 142
96 156
96 179
97 177
98 175
99 173
100 139
101 181
102 167
103 140
103 178
104 141
104 162
105 143
106 156
106 184
107 148
108 154
109 157
110 139
111 149
111 176
112 155
112 156
112 176
113 164
113 174
114 183
115 145
116 164
117 172
118 169
119 161
120 158
120 164
121 150
121 151
122 177
123 168
124 165
125 146
125 166
126 154
127 177
128 152
129 147
130 160
131 154
132 159
132 173
132 175
133 152
133 170
134 153
135 142
136 152
136 180
137 144
137 171
138 182
139 190
139 198
139 206
139 230
140 187
140 203
140 228
141 198
141 201
141 212
142 185
142 191
142 214
142 216
143 218
144 189
144 214
144 217
144 218
144 229
145 204
146 192
147 187
147 192
147 193
147 197
147 201
147 226
148 204
148 223
149 202
149 213
149 228
150 219
151 193
151 200
151 205
151 210
151 216
151 229
152 187
152 197
152 205
152 222
152 226
152 228
153 198
154 192
154 193
154 207
154 211
154 222
154 228
155 202
155 210
155 216
155 226
156 225
157 185
157 230
158 188
158 200
158 202
158 213
158 230
159 199
159 214
159 221
160 197
160 201
160 203
160 213
160 229
161 189
161 207
161 213
161 215
161 220
162 197
163 192
163 203
164 226
165 185
165 195
165 202
165 204
165 226
166 226
167 185
168 200
168 205
168 212
168 217
168 228
169 185
169 190
169 193
169 224
170 192
170 204
170 212
171 198
171 206
171 227
171 230
172 199
172 212
173 199
173 200
173 218
174 192
174 198
174 201
174 218
174 222
175 190
175 191
175 226
176 221
177 186
177 190
177 194
177 196
177 201
177 209
178 187
178 203
179 223
179 228
180 190
180 197
180 215
180 217
181 211
182 189
183 187
183 208
184 186
185 258
185 259
185 255
186 246
187 247
188 258
189 263
190 271
191 266
191 254
192 274
192 236
193 245
194 243
195 249
195 255
196 263
197 276
197 250
198 254
199 232
199 254
200 234
201 236
202 261
203 261
203 240
203 243
204 257
205 263
206 251
207 265
207 250
208 264
208 242
208 255
209 250
210 260
210 269
210 244
211 267
212 270
212 275
212 233
213 273
213 253
214 263
215 268
216 256
217 261
218 237
219 258
220 254
221 262
222 268
222 235
223 231
223 247
224 272
224 239
225 238
226 241
227 244
228 252
229 248
230 247
231 293
232 288
232 291
233 319
234 279
234 291
235 292
236 289
236 318
237 309
238 311
238 312
238 315
239 280
239 313
240 317
241 307
241 316
242 305
243 321
244 298
245 306
245 314
246 290
246 300
247 322
248 314
249 305
250 282
250 298
251 301
251 302
252 293
252 297
253 298
254 278
254 287
254 304
255 305
255 312
256 296
256 310
257 315
258 281
258 283
258 294
259 295
260 277
260 284
261 284
261 296
262 285
262 319
263 305
264 303
265 300
266 322
267 293
267 299
268 280
269 320
269 321
270 295
271 280
272 292
272 308
273 286
274 281
274 298
275 314
276 297
277 353
278 368
279 334
280 344
281 329
282 335
283 336
283 352
284 361
284 366
285 349
286 359
287 324
287 338
287 356
288 341
289 346
290 360
291 331
292 346
293 332
293 350
293 354
293 357
294 333
295 332
296 326
296 343
296 344
297 351
297 362
298 348
298 368
299 325
300 346
300 365
301 368
302 353
303 357
304 335
305 328
306 357
307 349
308 344
308 355
308 363
309 340
309 362
310 364
311 344
312 353
313 323
313 329
314 339
314 346
314 367
315 330
315 361
316 359
317 345
317 349
318 325
318 327
319 329
319 358
319 368
320 331
320 342
321 357
322 325
322 337
322 347
323 405
323 406
323 372
323 380
324 395
324 381
325 391
325 402
325 403
325 372
326 389
326 395
326 373
326 380
327 402
328 414
329 387
329 373
329 380
330 394
330 404
330 412
330 369
330 374
331 391
331 371
331 373
332 385
332 399
332 404
332 408
332 372
333 393
333 408
333 369
333 376
334 391
334 394
334 373
334 377
334 379
335 385
335 370
335 374
336 392
336 411
336 375
336 383
337 374
338 400
338 403
338 407
338 375
339 385
339 406
339 408
339 409
340 385
340 392
340 383
341 391
341 403
341 373
342 396
342 410
343 399
343 405
343 374
343 380
344 385
344 388
344 409
344 373
345 409
346 392
346 404
346 412
347 369
348 394
349 387
349 391
349 396
349 411
349 376
350 384
350 392
350 401
350 408
350 378
351 393
351 398
352 412
352 379
353 390
353 395
353 403
353 378
354 408
355 405
355 382
356 386
357 385
357 375
357 376
358 389
358 396
358 369
358 370
358 375
359 395
360 399
361 404
361 369
361 376
361 380
362 394
362 397
362 413
363 386
363 371
363 383
364 402
364 369
364 380
365 372
366 413
367 414
368 389
368 393
368 407
369 456
370 428
370 456
371 437
371 442
372 437
373 424
374 430
374 458
375 419
375 457
375 459
376 429
376 452
376 455
377 418
377 456
378 420
378 443
378 447
378 449
379 459
380 442
380 444
380 453
380 456
381 426
381 438
381 460
382 418
382 422
382 431
382 432
383 437
384 432
384 446
384 451
384 459
385 458
386 441
387 452
388 421
388 425
389 415
389 424
389 436
389 443
390 425
390 431
390 434
391 415
391 435
391 442
391 455
392 422
392 426
392 437
393 422
393 453
394 416
394 432
395 444
395 446
396 432
396 438
396 446
397 446
398 459
399 439
399 445
400 426
400 444
401 433
401 437
401 454
402 419
402 450
402 455
403 427
403 445
403 447
404 427
405 418
405 423
405 453
405 454
406 432
406 435
407 417
407 436
407 446
408 435
409 417
409 433
409 448
410 437
410 440
410 455
411 431
411 434
412 421
412 436
412 438
413 442
414 454
415 475
415 500
415 504
416 466
416 481
416 502
417 463
417 475
417 484
417 495
418 465
418 466
418 470
418 476
418 501
419 484
419 490
420 468
420 474
420 490
421 470
421 477
421 496
421 500
422 488
423 465
423 475
423 491
423 498
423 505
424 463
424 472
425 462
425 468
425 473
426 481
426 491
426 499
427 461
427 465
427 480
428 490
429 471
430 466
431 464
431 477
431 495
432 498
433 479
433 481
433 485
434 476
434 489
434 503
435 466
435 467
435 477
435 493
436 475
436 484
436 497
437 461
437 466
437 480
437 486
437 487
438 475
439 484
440 462
440 481
440 484
440 487
441 471
441 478
441 482
442 463
442 467
442 469
442 486
443 490
444 490
445 463
445 465
446 468
446 469
446 481
446 501
446 506
447 483
447 490
447 497
448 473
448 479
448 481
448 485
449 465
449 478
449 481
449 490
450 497
451 505
451 506
452 486
452 487
452 499
453 474
453 496
454 463
454 496
454 500
455 462
455 473
455 492
455 502
455 505
456 462
456 469
456 491
456 503
457 481
458 480
458 485
458 495
459 476
459 486
459 489
460 494
461 515
461 516
461 532
461 507
462 514
462 530
462 532
463 519
463 525
463 552
464 547
465 527
465 532
465 536
465 542
465 507
466 546
467 525
467 543
468 514
468 507
469 537
469 540
470 518
470 527
471 514
471 533
471 546
471 547
471 548
472 518
472 539
472 544
472 508
473 512
473 513
473 531
473 538
473 551
474 526
474 534
474 508
475 523
475 536
475 548
476 529
476 532
476 535
476 550
476 509
476 511
477 514
477 518
477 526
478 551
479 539
479 544
479 508
480 533
480 537
480 551
481 522
481 549
482 539
482 548
482 550
482 551
482 511
483 513
483 539
483 547
483 552
483 510
484 527
485 522
485 539
485 507
486 521
487 519
487 532
487 548
488 545
489 531
489 540
489 541
489 550
489 508
490 512
491 508
492 510
493 535
493 509
494 540
495 515
495 509
496 512
497 517
497 520
497 523
497 532
497 509
498 514
498 520
498 536
498 542
498 511
499 519
499 531
499 544
499 507
499 509
500 542
500 552
501 519
501 524
502 519
502 538
503 551
504 525
504 528
504 544
505 524
505 532
505 552
505 507
505 511
506 518
506 522
506 544
507 596
508 573
509 573
510 579
511 563
512 555
512 580
513 577
514 574
515 569
515 598
516 566
517 597
518 575
519 558
519 593
520 556
521 573
522 554
522 572
523 563
524 574
524 591
525 569
526 567
526 581
526 589
527 553
528 583
528 592
529 586
529 595
530 560
530 586
531 564
531 568
532 597
533 557
533 578
534 585
535 559
536 583
537 596
538 561
539 562
539 584
540 588
541 587
542 596
543 569
543 576
544 571
544 582
545 570
546 593
547 584
548 565
548 594
549 563
549 590
550 593
551 553
552 596
1 2 3 4 5 6 7 8 9 10 11 12 13 14 15 16 17 18 19 20 21 22 23 24 25 26 27 28 29 30 31 32 33 34 35 36 37 38 39 40 41 42 43 44 45 46 
47 48 49 50 51 52 53 54 55 56 57 58 59 60 61 62 63 64 65 66 67 68 69 70 71 72 73 74 75 76 77 78 79 80 81 82 83 84 85 86 87 88 89 90 91 92 
93 94 95 96 97 98 99 100 101 102 103 104 105 106 107 108 109 110 111 112 113 114 115 116 117 118 119 120 121 122 123 124 125 126 127 128 129 130 131 132 133 134 135 136 137 138 
139 140 141 142 143 144 145 146 147 148 149 150 151 152 153 154 155 156 157 158 159 160 161 162 163 164 165 166 167 168 169 170 171 172 173 174 175 176 177 178 179 180 181 182 183 184 
185 186 187 188 189 190 191 192 193 194 195 196 197 198 199 200 201 202 203 204 205 206 207 208 209 210 211 212 213 214 215 216 217 218 219 220 221 222 223 224 225 226 227 228 229 230 
231 232 233 234 235 236 237 238 239 240 241 242 243 244 245 246 247 248 249 250 251 252 253 254 255 256 257 258 259 260 261 262 263 264 265 266 267 268 269 270 271 272 273 274 275 276 
277 278 279 280 281 282 283 284 285 286 287 288 289 290 291 292 293 294 295 296 297 298 299 300 301 302 303 304 305 306 307 308 309 310 311 312 313 314 315 316 317 318 319 320 321 322 
323 324 325 326 327 328 329 330 331 332 333 334 335 336 337 338 339 340 341 342 343 344 345 346 347 348 349 350 351 352 353 354 355 356 357 358 359 360 361 362 363 364 365 366 367 368 
369 370 371 372 373 374 375 376 377 378 379 380 381 382 383 384 385 386 387 388 389 390 391 392 393 394 395 396 397 398 399 400 401 402 403 404 405 406 407 408 409 410 411 412 413 414 
415 416 417 418 419 420 421 422 423 424 425 426 427 428 429 430 431 432 433 434 435 436 437 438 439 440 441 442 443 444 445 446 447 448 449 450 451 452 453 454 455 456 457 458 459 460 
461 462 463 464 465 466 467 468 469 470 471 472 473 474 475 476 477 478 479 480 481 482 483 484 485 486 487 488 489 490 491 492 493 494 495 496 497 498 499 500 501 502 503 504 505 506 
507 508 509 510 511 512 513 514 515 516 517 518 519 520 521 522 523 524 525 526 527 528 529 530 531 532 533 534 535 536 537 538 539 540 541 542 543 544 545 546 547 548 549 550 551 552 
553 554 555 556 557 558 559 560 561 562 563 564 565 566 567 568 569 570 571 572 573 574 575 576 577 578 579 580 581 582 583 584 585 586 587 588 589 590 591 592 593 594 595 596 597 598 
185 259 295 
207 265 300 
381 460 494 540 
370 428 490 
20 76 124 
61 116 164 
1 60 118 
24 68 104 
497 517 597 
362 397 446 
251 302 353 
19 48 136 
431 464 547 
305 328 414 
322 347 369 
317 345 409 
197 276 297 
9 71 105 143 218 
238 311 344 
422 488 545 570 
177 196 263 
455 492 510 
284 366 413 
134 153 198 
258 294 333 
208 264 303 357 
232 288 341 
57 95 161 
241 316 359 
256 310 364 
79 128 152 
250 282 335 
474 534 585 
125 146 192 
190 271 280 
213 253 298 
64 115 145 204 
41 78 122 
486 521 573 
489 541 587 
236 289 346 
77 98 175 
229 248 314 
290 360 399 
53 123 168 
86 100 139 
461 516 566 
50 131 154 
376 429 471 
293 354 408 
351 398 459 
318 327 402 
287 356 386 
171 227 244 
54 109 157 
222 235 292 
262 285 349 
42 70 113 
254 278 368 
46 73 103 
267 299 325 
106 184 186 
212 233 319 
234 279 334 
375 457 481 
7 89 99 
374 430 466 
101 181 211 
