306 405 18 60
1 23
2 18
3 19
3 26
4 24
5 32
5 22
5 29
5 30
6 32
7 22
8 33
8 28
9 34
10 25
10 27
11 28
12 21
13 31
14 20
14 27
15 34
16 27
17 34
18 37
19 48
20 39
21 45
22 40
23 48
24 35
24 50
25 36
25 40
26 43
27 40
28 38
28 49
29 51
30 43
31 43
32 42
32 44
32 46
33 47
34 39
34 41
35 65
36 64
36 63
37 66
37 57
38 53
39 66
39 54
40 62
41 67
42 53
42 55
42 59
43 53
44 66
44 56
45 68
45 60
45 61
46 52
47 67
47 58
48 66
49 67
50 61
51 66
52 76
52 82
53 84
54 78
55 71
56 82
57 83
58 74
59 69
59 75
60 72
61 83
62 81
63 69
63 80
64 73
64 77
65 70
65 79
66 77
67 85
68 77
69 100
69 94
70 86
71 96
71 92
72 97
72 95
73 89
74 100
75 98
76 90
76 93
77 100
78 102
78 88
79 99
80 87
81 94
82 93
83 99
84 100
84 91
85 101
86 111
87 118
88 111
89 116
89 118
90 114
91 103
91 118
92 104
93 114
94 105
94 106
94 115
94 117
94 119
95 107
95 110
96 117
97 109
97 111
98 117
99 112
100 108
100 117
101 113
102 117
103 121
104 120
105 132
106 129
107 126
108 136
109 120
110 132
111 120
112 128
112 122
112 124
113 123
114 133
115 128
116 129
116 134
116 135
117 132
117 121
117 127
118 130
118 131
118 125
119 128
120 144
120 152
121 138
121 143
122 142
123 152
124 150
125 151
125 153
126 141
126 147
126 149
127 145
127 152
128 153
129 148
130 152
131 140
132 139
132 152
133 137
133 146
133 149
134 141
135 149
136 141
137 162
137 158
138 160
138 155
139 161
140 164
141 157
142 167
143 166
143 169
143 159
144 167
145 163
146 170
146 156
147 154
148 157
149 155
150 154
151 161
151 168
152 155
153 165
154 177
155 185
156 183
157 174
158 172
158 177
158 184
159 173
159 175
160 181
160 182
161 176
161 178
162 178
163 174
164 179
165 177
166 187
167 171
168 185
169 180
170 186
171 188
171 191
172 195
173 204
174 198
175 202
176 196
176 197
177 198
178 204
179 194
179 190
180 192
181 200
181 189
182 199
183 195
184 199
185 203
186 193
186 201
187 197
188 210
189 221
190 219
191 209
191 218
192 205
193 213
194 207
194 211
195 220
196 207
197 206
198 217
199 213
200 208
200 216
201 215
201 219
202 212
202 220
203 221
204 214
204 220
205 235
205 238
206 224
206 234
207 237
208 231
208 232
209 226
210 228
211 233
212 238
213 225
214 232
215 233
216 227
216 230
217 222
218 225
219 223
220 229
220 223
221 224
221 236
222 247
223 243
224 249
225 242
226 252
227 239
227 241
227 243
228 240
228 244
228 254
229 253
230 247
230 251
231 244
232 246
233 253
234 250
234 255
235 245
235 253
236 255
237 248
238 246
239 262
239 266
240 260
240 261
241 259
241 271
242 259
242 268
243 267
243 269
244 257
245 264
246 258
246 260
247 263
247 265
247 270
248 270
249 270
250 260
251 256
252 260
253 270
254 261
255 272
256 284
256 286
257 288
258 273
259 275
260 279
261 278
261 280
262 288
262 274
263 281
264 275
265 281
266 283
267 276
268 287
269 276
269 277
269 278
270 289
271 278
272 282
272 285
272 287
273 301
273 305
274 298
275 291
276 306
277 297
278 293
279 290
280 296
280 300
281 297
282 295
283 299
283 305
283 306
284 296
285 292
285 297
286 302
287 304
287 305
288 290
288 303
289 294
1 2 3 4 5 6 7 8 9 10 11 12 13 14 15 16 17 
18 19 20 21 22 23 24 25 26 27 28 29 30 31 32 33 34 
35 36 37 38 39 40 41 42 43 44 45 46 47 48 49 50 51 
52 53 54 55 56 57 58 59 60 61 62 63 64 65 66 67 68 
69 70 71 72 73 74 75 76 77 78 79 80 81 82 83 84 85 
86 87 88 89 90 91 92 93 94 95 96 97 98 99 100 101 102 
103 104 105 106 107 108 109 110 111 112 113 114 115 116 117 118 119 
120 121 122 123 124 125 126 127 128 129 130 131 132 133 134 135 136 
137 138 139 140 141 142 143 144 145 146 147 148 149 150 151 152 153 
154 155 156 157 158 159 160 161 162 163 164 165 166 167 168 169 170 
171 172 173 174 175 176 177 178 179 180 181 182 183 184 185 186 187 
188 189 190 191 192 193 194 195 196 197 198 199 200 201 202 203 204 
205 206 207 208 209 210 211 212 213 214 215 216 217 218 219 220 221 
222 223 224 225 226 227 228 229 230 231 232 233 234 235 236 237 238 
239 240 241 242 243 244 245 246 247 248 249 250 251 252 253 254 255 
256 257 258 259 260 261 262 263 264 265 266 267 268 269 270 271 272 
273 274 275 276 277 278 279 280 281 282 283 284 285 286 287 288 289 
290 291 292 293 294 295 296 297 298 299 300 301 302 303 304 305 306 
234 250 260 
13 31 43 
159 175 202 
247 265 281 
94 115 128 
224 249 270 
191 218 225 
39 54 78 
124 150 154 
3 19 48 
37 57 83 
70 86 111 
169 180 192 205 
12 21 45 
256 286 302 
239 266 283 
97 109 120 
71 96 117 
8 33 47 
146 156 183 195 
108 136 141 
116 135 149 
137 162 178 
132 139 161 
32 46 52 
28 49 67 
235 245 264 275 
185 203 221 
29 51 66 
243 267 276 
269 277 297 
244 257 288 
241 271 278 
113 123 152 
176 196 207 
131 140 164 179 
24 50 61 
58 74 100 
64 73 89 
204 214 232 
242 268 287 
122 142 167 
158 184 199 
246 258 273 
76 90 114 
262 274 298 
220 229 253 
166 187 197 
153 165 177 
171 188 210 228 
194 211 233 
80 87 118 
65 79 99 
91 103 121 
44 56 82 
272 282 295 
129 148 157 
127 145 163 174 
186 193 213 
95 107 126 
