528 709 44 97
1 19
2 13
3 15
4 14
4 16
4 17
5 20
6 14
6 18
7 21
7 24
8 23
9 19
9 22
10 23
11 24
12 20
13 27
14 28
14 31
15 29
16 30
17 32
18 30
19 35
19 26
20 28
21 36
22 29
23 26
24 33
24 34
24 25
25 46
25 47
26 39
27 39
27 48
28 44
29 43
30 45
31 41
32 38
32 40
33 37
34 39
35 43
36 42
37 59
38 51
38 54
39 52
40 59
41 53
42 56
43 50
43 57
44 49
45 58
46 55
47 52
47 58
47 60
48 58
49 62
50 62
51 65
51 70
52 64
52 67
53 68
54 70
55 68
55 69
56 72
57 66
57 63
58 70
59 71
59 61
60 72
61 80
61 83
62 73
62 77
62 84
63 81
64 75
65 83
66 77
66 78
67 82
67 83
68 79
69 79
70 84
71 74
71 76
72 75
73 90
74 96
75 85
76 93
76 94
77 95
78 87
79 89
80 91
81 92
82 88
82 89
82 91
83 96
83 86
84 85
85 98
85 99
86 100
86 108
87 107
88 107
89 103
89 107
90 102
90 106
91 107
92 97
92 108
93 99
94 101
94 107
95 104
96 105
97 116
98 111
99 115
100 113
100 118
101 119
102 116
103 115
104 109
104 114
104 120
105 110
106 112
107 110
108 117
109 122
110 123
111 132
112 123
112 124
113 131
113 125
114 132
115 126
116 128
116 130
117 127
118 129
118 121
118 122
119 126
120 128
121 134
121 140
122 135
123 138
123 143
124 135
124 142
125 136
126 141
127 136
128 133
128 141
129 144
130 139
131 135
132 136
132 137
132 144
133 146
133 151
133 155
134 148
135 147
136 145
136 156
137 154
138 146
138 150
139 152
140 154
141 147
142 153
143 152
144 149
145 162
146 158
147 166
148 162
149 159
150 168
151 161
152 165
152 168
153 163
153 168
153 157
154 168
155 160
155 164
156 167
156 168
157 171
157 179
158 177
159 176
160 178
161 174
162 178
163 170
163 176
164 171
165 172
165 176
166 169
167 180
168 173
168 175
169 185
170 182
170 183
170 191
171 192
172 187
173 184
174 186
175 189
176 186
176 190
177 188
178 181
179 181
180 189
181 203
182 200
183 193
183 197
184 199
185 204
186 194
187 198
187 202
188 200
189 196
190 201
191 202
192 195
193 209
193 215
194 208
195 213
196 208
197 214
198 206
198 213
199 211
200 205
200 216
201 205
201 207
201 210
202 205
202 212
203 207
204 213
205 224
205 217
205 220
206 219
207 217
207 218
208 228
209 227
210 226
211 225
212 224
212 222
213 224
214 217
215 228
215 221
216 223
217 232
217 235
218 233
219 238
220 231
220 240
221 229
222 239
223 236
224 236
225 239
226 234
227 230
228 237
229 245
230 244
231 241
231 244
232 244
232 248
233 242
234 242
234 252
235 249
236 246
236 247
237 250
238 243
238 246
239 242
240 251
241 262
242 255
243 258
244 261
245 260
246 264
247 257
247 260
248 259
249 256
249 263
249 255
250 258
251 260
252 253
252 254
253 272
254 274
255 267
256 265
257 266
257 270
258 267
258 276
259 267
260 271
261 269
261 275
262 274
263 273
264 265
264 268
264 269
265 279
265 281
266 277
267 280
268 288
268 278
269 287
270 280
270 282
270 285
271 286
272 280
273 283
273 287
274 280
275 284
276 284
277 295
278 290
279 300
280 296
281 294
282 298
282 299
283 291
283 293
284 297
285 292
286 299
287 289
287 297
288 292
289 309
290 304
291 305
292 312
293 304
294 303
294 309
294 310
295 312
296 307
296 311
297 302
297 308
298 301
298 308
299 308
300 306
301 313
302 320
302 322
302 313
303 323
303 324
304 313
305 318
306 314
307 321
308 322
309 321
309 319
310 315
310 318
311 317
312 316
313 329
313 334
314 330
315 327
315 335
316 336
317 332
318 325
319 331
320 326
320 328
321 330
322 336
323 325
323 333
324 326
325 342
325 346
326 344
327 340
328 338
329 342
330 337
330 341
331 344
332 341
332 347
333 348
334 339
334 345
335 344
336 343
337 351
338 359
339 360
340 354
341 357
342 356
342 349
343 358
343 350
344 356
345 353
345 351
346 352
346 354
346 355
347 354
348 350
349 370
350 366
351 362
351 369
351 370
352 363
352 371
353 372
354 369
355 361
356 372
357 364
357 365
357 368
357 371
358 372
359 369
360 361
360 367
361 381
362 380
363 384
364 376
364 378
365 380
366 373
366 377
367 380
368 375
368 382
369 374
369 382
370 384
370 379
371 383
372 381
373 388
374 395
375 385
375 392
375 393
376 385
376 386
377 389
377 390
378 388
379 396
380 394
381 396
382 387
382 396
383 395
384 391
385 397
386 404
386 405
387 403
388 402
388 404
389 400
389 406
390 407
391 399
392 401
393 398
394 399
395 403
396 398
396 408
397 411
398 416
399 411
400 415
401 419
402 409
402 413
403 420
403 410
403 412
404 417
404 418
405 419
406 419
406 414
407 412
408 411
409 421
410 425
410 430
411 432
412 429
413 428
414 421
415 422
416 424
416 431
417 426
417 427
418 432
419 423
419 425
420 428
421 436
421 443
422 442
423 433
424 437
425 441
426 438
427 441
428 433
429 434
429 439
430 441
431 435
432 440
432 444
433 454
434 448
435 448
436 453
437 450
437 455
437 445
438 451
438 456
439 453
440 449
441 452
442 455
443 446
443 447
444 448
445 457
445 461
446 462
446 464
446 467
447 462
448 468
449 459
449 463
450 465
451 460
452 460
453 466
454 460
455 458
456 463
457 480
457 475
458 478
459 471
459 473
459 478
460 470
460 472
461 469
462 469
462 477
463 469
464 480
465 474
466 480
467 470
468 476
468 479
469 482
470 487
470 488
471 481
472 484
473 482
474 490
474 491
475 481
475 483
475 492
476 486
476 489
476 492
477 488
478 481
479 485
480 491
481 496
482 493
482 500
483 495
483 504
484 503
484 504
485 498
486 501
487 497
487 499
488 494
489 496
489 498
489 502
490 498
491 497
492 494
493 507
493 509
494 510
495 506
496 511
497 514
497 515
498 505
499 516
500 513
500 508
501 512
502 512
503 507
504 507
505 528
506 528
507 519
508 520
508 526
509 524
509 525
510 518
511 519
512 523
513 521
513 527
514 526
515 518
515 522
516 517
1 2 3 4 5 6 7 8 9 10 11 12 
13 14 15 16 17 18 19 20 21 22 23 24 
25 26 27 28 29 30 31 32 33 34 35 36 
37 38 39 40 41 42 43 44 45 46 47 48 
49 50 51 52 53 54 55 56 57 58 59 60 
61 62 63 64 65 66 67 68 69 70 71 72 
73 74 75 76 77 78 79 80 81 82 83 84 
85 86 87 88 89 90 91 92 93 94 95 96 
97 98 99 100 101 102 103 104 105 106 107 108 
109 110 111 112 113 114 115 116 117 118 119 120 
121 122 123 124 125 126 127 128 129 130 131 132 
133 134 135 136 137 138 139 140 141 142 143 144 
145 146 147 148 149 150 151 152 153 154 155 156 
157 158 159 160 161 162 163 164 165 166 167 168 
169 170 171 172 173 174 175 176 177 178 179 180 
181 182 183 184 185 186 187 188 189 190 191 192 
193 194 195 196 197 198 199 200 201 202 203 204 
205 206 207 208 209 210 211 212 213 214 215 216 
217 218 219 220 221 222 223 224 225 226 227 228 
229 230 231 232 233 234 235 236 237 238 239 240 
241 242 243 244 245 246 247 248 249 250 251 252 
253 254 255 256 257 258 259 260 261 262 263 264 
265 266 267 268 269 270 271 272 273 274 275 276 
277 278 279 280 281 282 283 284 285 286 287 288 
289 290 291 292 293 294 295 296 297 298 299 300 
301 302 303 304 305 306 307 308 309 310 311 312 
313 314 315 316 317 318 319 320 321 322 323 324 
325 326 327 328 329 330 331 332 333 334 335 336 
337 338 339 340 341 342 343 344 345 346 347 348 
349 350 351 352 353 354 355 356 357 358 359 360 
361 362 363 364 365 366 367 368 369 370 371 372 
373 374 375 376 377 378 379 380 381 382 383 384 
385 386 387 388 389 390 391 392 393 394 395 396 
397 398 399 400 401 402 403 404 405 406 407 408 
409 410 411 412 413 414 415 416 417 418 419 420 
421 422 423 424 425 426 427 428 429 430 431 432 
433 434 435 436 437 438 439 440 441 442 443 444 
445 446 447 448 449 450 451 452 453 454 455 456 
457 458 459 460 461 462 463 464 465 466 467 468 
469 470 471 472 473 474 475 476 477 478 479 480 
481 482 483 484 485 486 487 488 489 490 491 492 
493 494 495 496 497 498 499 500 501 502 503 504 
505 506 507 508 509 510 511 512 513 514 515 516 
517 518 519 520 521 522 523 524 525 526 527 528 
283 291 305 318 
459 471 481 
313 329 342 
7 21 36 42 56 72 
89 103 115 
185 204 213 
116 130 139 152 
268 278 290 304 
446 464 480 
474 490 498 
3 15 29 
360 367 380 
31 41 53 68 
189 196 208 
199 211 225 239 
417 426 438 
419 423 433 
209 227 230 244 
118 129 144 
170 191 202 
455 458 478 
484 503 507 
364 378 388 
51 65 83 
77 95 104 
315 335 344 
266 277 295 312 
406 414 421 
71 74 96 
62 73 90 
486 501 512 
487 499 516 517 
241 262 274 
441 452 460 
237 250 258 
252 253 272 280 
330 337 351 
429 439 453 
375 393 398 
206 219 238 
19 35 43 
404 418 432 
113 131 135 
76 93 99 
496 511 519 
4 16 30 
27 48 58 
323 333 348 350 
385 397 411 
369 374 395 
57 63 81 92 
270 285 292 
165 172 187 
416 424 437 
138 150 168 
217 235 249 
215 221 229 245 260 
121 134 148 162 
82 88 107 
403 420 428 
157 179 181 
55 69 79 
108 117 127 136 
33 37 59 
370 379 396 
133 151 161 174 186 
497 514 526 
483 495 506 528 
345 353 372 
311 317 332 
352 363 384 
155 160 178 
462 477 488 
303 324 326 
52 64 75 
261 275 284 
207 218 233 242 
232 248 259 267 
210 226 234 
85 98 111 132 
346 355 361 
200 216 223 236 
494 510 518 
265 281 294 
176 190 201 
296 307 321 
61 80 91 
287 289 309 
431 435 448 
94 101 119 126 
24 34 39 
390 407 412 
271 286 299 
38 54 70 
124 142 153 
327 340 354 
445 461 469 
