290 385 29 49
1 11
1 12
1 17
2 19
3 13
4 20
5 14
6 15
7 12
8 18
9 14
10 16
11 28
12 24
13 26
13 27
14 30
15 28
16 22
16 28
17 21
17 23
17 29
18 30
19 25
20 29
21 39
22 38
23 34
24 32
25 35
25 39
26 37
26 38
27 33
28 32
28 31
29 34
30 36
30 40
31 42
31 47
32 48
33 41
34 48
34 49
34 50
35 44
36 43
37 45
38 48
39 46
40 42
41 52
41 57
41 60
42 56
43 58
44 56
45 53
46 54
47 51
47 59
48 56
49 54
50 55
51 61
52 68
52 61
53 61
54 64
54 70
55 65
55 67
56 65
57 62
57 63
58 69
59 61
60 66
60 63
61 75
61 80
62 75
63 78
64 72
65 71
65 72
66 73
67 76
67 79
68 78
69 74
70 77
71 81
71 82
71 87
72 83
72 88
73 84
74 86
75 90
76 87
77 85
77 89
78 82
79 87
80 82
81 91
81 95
82 98
82 92
83 94
84 94
85 97
86 100
86 92
87 92
88 96
88 93
89 99
90 99
91 106
92 108
93 104
94 110
95 102
96 101
96 106
97 107
97 110
98 103
99 105
99 110
100 109
101 115
102 111
103 115
104 113
105 114
105 116
106 117
107 118
108 119
108 120
109 115
110 112
111 126
112 128
112 122
112 126
112 127
113 130
114 124
114 126
115 129
115 125
116 123
117 123
118 126
119 130
120 121
121 138
122 135
122 139
123 132
124 134
125 139
126 133
126 136
127 131
127 137
128 132
129 140
130 137
131 144
132 142
132 147
133 149
134 145
135 141
136 148
137 150
138 141
139 143
140 146
141 151
141 152
141 153
142 153
143 158
144 160
145 157
145 158
146 159
147 158
148 154
149 155
150 156
150 159
151 162
152 163
152 170
153 165
154 166
154 169
155 162
156 163
157 168
158 169
159 161
159 167
160 164
161 173
162 171
162 175
163 178
164 173
165 173
166 177
166 179
167 172
168 174
168 178
168 180
169 176
169 178
170 172
171 183
172 189
173 181
173 184
174 185
175 189
176 182
176 189
177 186
178 187
179 183
179 185
179 188
179 190
180 183
181 193
181 194
182 199
183 194
184 194
184 191
185 192
186 194
187 196
187 198
188 199
189 195
190 196
190 197
190 200
191 206
192 206
193 202
194 202
195 201
195 208
195 209
196 203
196 210
197 210
198 205
198 207
199 204
200 207
201 216
201 218
202 219
203 217
204 212
205 213
205 220
206 220
207 211
208 215
209 212
210 212
210 214
211 221
212 225
212 230
212 222
213 221
214 226
215 228
215 229
216 221
217 221
218 224
218 223
219 223
220 227
221 239
222 240
223 232
223 237
224 238
224 240
225 236
226 239
227 234
227 237
228 233
229 231
229 239
229 240
230 235
231 242
232 242
233 241
233 247
233 250
234 241
235 243
235 244
235 245
236 242
237 246
238 248
238 249
239 242
240 241
241 255
242 252
243 256
243 251
244 256
245 256
245 253
246 254
247 257
247 259
248 260
249 258
250 255
251 267
252 263
253 261
254 262
254 266
254 267
255 261
255 268
256 264
256 270
257 267
258 263
258 269
259 270
260 263
260 265
261 279
262 276
263 273
263 277
264 278
265 271
265 279
266 274
267 275
267 280
268 278
269 278
270 272
271 281
271 282
272 284
273 285
273 287
274 286
275 281
276 289
276 290
277 285
278 281
279 288
280 281
280 283
1 2 3 4 5 6 7 8 9 10 
11 12 13 14 15 16 17 18 19 20 
21 22 23 24 25 26 27 28 29 30 
31 32 33 34 35 36 37 38 39 40 
41 42 43 44 45 46 47 48 49 50 
51 52 53 54 55 56 57 58 59 60 
61 62 63 64 65 66 67 68 69 70 
71 72 73 74 75 76 77 78 79 80 
81 82 83 84 85 86 87 88 89 90 
91 92 93 94 95 96 97 98 99 100 
101 102 103 104 105 106 107 108 109 110 
111 112 113 114 115 116 117 118 119 120 
121 122 123 124 125 126 127 128 129 130 
131 132 133 134 135 136 137 138 139 140 
141 142 143 144 145 146 147 148 149 150 
151 152 153 154 155 156 157 158 159 160 
161 162 163 164 165 166 167 168 169 170 
171 172 173 174 175 176 177 178 179 180 
181 182 183 184 185 186 187 188 189 190 
191 192 193 194 195 196 197 198 199 200 
201 202 203 204 205 206 207 208 209 210 
211 212 213 214 215 216 217 218 219 220 
221 222 223 224 225 226 227 228 229 230 
231 232 233 234 235 236 237 238 239 240 
241 242 243 244 245 246 247 248 249 250 
251 252 253 254 255 256 257 258 259 260 
261 262 263 264 265 266 267 268 269 270 
271 272 273 274 275 276 277 278 279 280 
281 282 283 284 285 286 287 288 289 290 
168 180 183 
47 51 61 
212 230 235 
8 18 30 
106 117 123 
132 147 158 
35 44 56 
66 73 84 94 
97 107 118 126 
258 269 278 
6 15 28 
69 74 86 
98 103 115 
54 64 72 
124 134 145 
75 90 99 
162 175 189 
238 248 260 
247 259 270 
207 211 221 
153 165 173 
202 219 223 
104 113 130 
254 262 276 
67 79 87 
214 226 239 
166 177 186 194 
136 148 154 
184 191 206 
120 121 138 141 
229 231 242 
34 50 55 
2 19 25 
179 188 199 
190 197 210 
243 251 267 
159 167 172 
215 228 233 
266 274 286 
263 277 285 
4 20 29 
27 33 41 
12 24 32 
245 253 261 
150 156 163 
227 234 241 
17 21 39 
52 68 78 
16 22 38 
