410 794 10 38
1 44
1 64
2 80
3 42
3 50
4 73
4 82
5 57
6 44
6 48
6 53
7 49
8 46
8 75
9 43
9 67
10 60
10 74
10 81
11 67
12 46
13 66
13 77
14 65
14 73
15 53
15 58
15 76
16 48
16 52
17 54
17 65
18 44
19 51
19 79
20 46
21 63
21 69
22 44
22 47
22 80
23 55
23 56
24 49
24 72
25 42
25 67
25 82
26 43
26 71
27 71
27 81
28 67
29 49
29 69
30 76
31 45
31 52
32 68
33 57
33 80
34 57
34 80
35 59
35 62
36 57
36 70
37 55
37 78
38 80
39 70
40 61
41 50
41 65
42 84
42 97
42 107
43 102
44 83
44 106
44 112
44 116
45 89
46 84
46 99
47 105
47 106
48 119
49 92
49 107
49 115
50 86
51 90
51 113
52 102
53 121
54 83
54 84
54 96
54 118
55 92
55 103
55 107
55 111
56 95
56 118
57 102
57 103
57 104
57 107
57 119
58 122
59 103
60 87
60 100
60 118
60 121
61 120
62 90
63 83
63 102
63 109
64 122
65 98
65 103
65 104
65 106
65 108
66 101
66 111
67 93
67 102
67 112
68 94
68 123
69 86
69 90
69 100
69 110
70 112
70 116
71 91
71 103
71 106
71 108
71 114
72 83
72 100
72 109
72 114
73 89
73 101
73 102
73 122
74 88
74 94
74 101
74 117
75 83
75 87
75 97
75 101
75 108
76 89
76 102
76 115
76 116
76 122
77 107
78 98
79 111
79 112
79 115
80 85
80 90
80 93
81 115
82 92
82 108
83 140
83 148
83 149
84 136
84 150
84 160
84 125
84 126
85 138
85 145
85 150
85 155
86 131
86 148
86 152
86 126
87 128
87 151
87 164
88 144
88 149
88 153
88 127
89 128
89 161
90 158
90 161
91 130
91 131
91 137
91 125
92 133
92 152
93 161
94 134
94 137
94 148
94 161
95 149
95 151
95 159
95 127
96 143
97 129
97 132
97 140
98 137
98 147
99 154
100 156
101 151
101 156
102 135
102 157
103 137
103 140
104 143
104 164
104 125
104 126
105 143
105 158
105 124
106 130
106 133
106 134
106 153
107 145
107 162
108 142
108 145
108 148
108 157
109 136
109 145
109 157
109 162
109 126
110 137
110 140
110 148
110 152
110 124
111 158
112 153
113 162
114 139
114 162
114 125
115 133
115 158
116 156
116 160
117 138
117 140
117 147
117 149
117 156
118 133
119 130
119 146
120 144
120 125
120 126
121 143
121 155
121 126
122 133
122 137
122 141
122 163
123 128
123 133
123 161
123 124
124 174
125 203
126 198
126 203
127 167
127 192
128 190
128 197
129 176
130 167
130 185
131 194
131 203
132 165
133 180
133 193
133 199
134 176
134 188
135 179
135 193
136 198
137 193
137 202
138 165
138 200
138 201
139 196
140 193
140 199
141 189
141 205
142 183
143 182
143 184
143 185
144 177
144 178
145 180
145 186
146 185
147 180
148 167
149 199
150 182
150 202
151 187
151 195
152 166
152 175
153 168
153 204
154 191
155 187
155 193
156 171
156 174
156 191
157 181
157 194
158 165
158 177
159 197
159 200
160 170
160 187
161 167
161 169
162 167
162 172
163 165
164 168
164 173
165 216
165 232
166 210
166 229
166 240
167 242
168 219
168 229
168 230
168 240
169 237
169 242
170 235
171 213
172 217
172 221
172 227
173 206
173 210
173 220
173 234
174 227
174 233
175 218
175 243
176 226
176 238
176 242
177 244
178 208
178 228
179 214
179 236
179 244
180 224
180 236
180 238
181 223
182 237
183 216
183 242
184 214
185 215
185 218
185 234
186 209
186 238
187 221
187 237
187 239
187 241
188 212
188 237
189 211
189 222
189 230
189 246
190 227
191 207
191 213
192 244
193 221
193 231
194 210
195 216
195 224
195 225
195 229
196 209
196 240
197 237
198 209
198 211
198 235
199 212
199 219
199 245
200 234
201 212
201 219
201 221
201 234
202 207
202 212
203 225
203 238
204 218
204 225
204 234
205 206
205 242
206 256
206 269
207 272
208 251
209 261
209 276
209 278
209 249
210 271
210 285
210 248
211 247
211 252
212 260
212 264
213 261
213 263
213 264
213 281
214 257
214 279
214 287
215 257
215 267
215 279
215 281
216 261
216 278
216 282
216 249
217 258
218 285
219 259
219 283
219 286
219 248
220 258
220 261
220 268
220 248
221 250
222 253
223 263
223 268
223 271
223 281
224 256
224 262
224 283
224 284
225 282
226 274
226 280
226 283
226 253
227 266
227 287
227 250
228 271
228 277
229 257
229 270
230 256
231 271
231 273
232 260
232 266
232 253
233 269
233 284
234 257
234 282
235 257
235 266
235 285
236 257
237 253
237 254
238 275
238 285
239 283
239 251
240 260
240 265
240 278
240 279
241 269
241 271
241 254
241 255
242 259
242 265
242 253
243 274
243 283
243 284
243 248
244 272
244 277
244 248
244 251
245 256
245 249
246 269
247 296
247 305
248 307
248 324
248 326
249 296
250 289
250 293
250 300
250 318
251 321
252 301
253 299
254 296
254 297
255 296
255 297
255 316
255 320
256 309
256 323
257 299
257 306
258 319
258 323
259 308
260 299
260 319
261 298
261 312
261 325
262 293
262 294
262 327
263 296
264 312
264 327
265 291
265 298
266 289
266 304
267 289
268 312
268 317
269 305
269 306
269 318
270 295
271 306
271 307
272 301
272 311
273 299
274 326
274 327
275 313
276 288
276 304
276 321
277 292
277 305
277 316
277 325
278 289
278 290
279 289
279 298
279 305
279 307
280 308
280 320
281 325
282 303
282 314
282 323
283 311
283 315
283 322
284 295
284 301
284 313
285 302
285 312
286 310
287 289
287 319
287 328
288 342
288 355
288 369
289 334
290 367
291 341
291 353
291 363
292 368
293 335
293 343
293 350
294 335
294 359
295 335
295 347
296 332
296 338
297 330
298 332
298 345
298 348
299 339
299 345
299 351
300 332
301 340
301 346
301 352
302 354
302 367
303 337
303 348
303 358
304 361
304 363
305 339
305 344
306 335
307 354
308 343
309 332
309 356
310 339
310 362
311 329
311 330
311 338
312 333
312 360
312 364
313 368
314 332
314 362
314 366
315 342
315 365
316 334
316 337
317 331
317 349
318 339
318 357
319 359
320 351
320 357
321 336
322 368
323 335
324 332
325 349
326 340
326 364
327 342
328 338
329 393
330 394
331 401
332 395
332 408
332 373
333 406
333 381
334 394
334 380
335 384
336 375
337 409
337 374
338 389
339 377
339 379
340 390
340 392
340 396
341 371
342 409
343 403
343 409
344 404
344 371
345 385
346 388
347 400
348 383
349 388
349 372
350 407
350 372
351 384
351 380
352 398
352 403
353 370
353 379
354 401
355 401
355 402
356 376
356 383
357 393
358 405
358 374
359 391
359 399
359 403
359 375
360 398
361 386
361 397
361 375
362 397
362 410
362 378
363 406
363 379
364 393
364 375
365 381
366 387
366 382
367 376
368 388
368 379
369 389
1 2 3 4 5 6 7 8 9 10 11 12 13 14 15 16 17 18 19 20 21 22 23 24 25 26 27 28 29 30 31 32 33 34 35 36 37 38 39 40 41 
42 43 44 45 46 47 48 49 50 51 52 53 54 55 56 57 58 59 60 61 62 63 64 65 66 67 68 69 70 71 72 73 74 75 76 77 78 79 80 81 82 
83 84 85 86 87 88 89 90 91 92 93 94 95 96 97 98 99 100 101 102 103 104 105 106 107 108 109 110 111 112 113 114 115 116 117 118 119 120 121 122 123 
124 125 126 127 128 129 130 131 132 133 134 135 136 137 138 139 140 141 142 143 144 145 146 147 148 149 150 151 152 153 154 155 156 157 158 159 160 161 162 163 164 
165 166 167 168 169 170 171 172 173 174 175 176 177 178 179 180 181 182 183 184 185 186 187 188 189 190 191 192 193 194 195 196 197 198 199 200 201 202 203 204 205 
206 207 208 209 210 211 212 213 214 215 216 217 218 219 220 221 222 223 224 225 226 227 228 229 230 231 232 233 234 235 236 237 238 239 240 241 242 243 244 245 246 
247 248 249 250 251 252 253 254 255 256 257 258 259 260 261 262 263 264 265 266 267 268 269 270 271 272 273 274 275 276 277 278 279 280 281 282 283 284 285 286 287 
288 289 290 291 292 293 294 295 296 297 298 299 300 301 302 303 304 305 306 307 308 309 310 311 312 313 314 315 316 317 318 319 320 321 322 323 324 325 326 327 328 
329 330 331 332 333 334 335 336 337 338 339 340 341 342 343 344 345 346 347 348 349 350 351 352 353 354 355 356 357 358 359 360 361 362 363 364 365 366 367 368 369 
370 371 372 373 374 375 376 377 378 379 380 381 382 383 384 385 386 387 388 389 390 391 392 393 394 395 396 397 398 399 400 401 402 403 404 405 406 407 408 409 410 
315 365 381 
301 346 388 
108 142 183 
312 360 398 
231 273 299 
97 132 165 
35 62 90 
189 246 269 
248 324 332 
128 190 227 
13 77 107 
54 96 143 
40 61 120 
291 341 371 
99 154 191 
1 64 122 
219 286 310 
172 217 258 
178 208 251 
283 322 368 
288 369 389 
287 328 338 
156 171 213 
215 267 289 
321 336 375 
51 113 162 
229 270 295 
311 329 393 
114 139 196 
278 290 367 
37 78 98 
157 181 223 
238 275 313 
160 170 235 
31 45 89 
127 192 244 
317 331 401 
119 146 185 
