253 339 23 45
1 12
2 12
2 15
2 16
3 13
4 19
4 22
5 15
6 14
7 14
7 17
7 21
8 20
9 20
10 18
10 20
11 12
12 33
12 23
13 33
14 33
15 30
16 29
17 28
18 26
18 27
19 25
20 29
21 24
21 31
22 32
23 44
24 43
25 42
26 36
26 39
27 34
27 38
27 39
28 38
29 37
29 39
30 42
31 41
32 35
33 40
34 47
35 46
35 52
35 55
36 47
37 54
38 50
38 51
38 55
39 49
40 48
40 49
41 53
42 49
43 45
44 54
45 62
46 62
47 57
48 64
48 65
48 56
49 58
50 65
50 59
51 57
52 58
52 63
53 58
53 60
54 61
55 66
56 69
57 71
58 77
59 70
60 74
61 67
62 71
63 72
64 72
64 75
65 76
66 68
66 72
66 73
66 77
67 84
68 83
69 79
70 82
71 81
71 86
72 78
73 80
73 84
74 79
74 88
75 81
75 85
76 81
77 87
78 95
79 95
80 99
81 97
81 95
82 99
82 93
83 98
84 91
85 90
86 98
86 92
87 89
87 91
88 96
88 94
88 95
89 105
89 107
90 109
90 110
91 101
92 106
93 100
93 104
94 103
94 109
95 101
96 100
96 108
97 109
98 100
98 102
99 101
100 117
100 118
101 116
102 112
102 114
102 119
103 111
103 115
104 113
104 120
105 119
106 117
107 117
108 111
109 116
110 116
110 121
111 131
112 122
112 123
113 131
113 125
114 124
115 128
115 132
116 128
117 128
118 126
119 122
120 130
120 127
121 129
122 143
123 141
124 134
125 133
125 137
126 138
127 140
128 138
129 136
129 139
130 134
130 135
130 142
131 138
132 138
133 145
133 151
134 147
134 152
135 148
136 153
137 154
138 144
138 150
139 154
140 147
141 149
141 153
142 148
143 146
144 161
145 160
145 157
146 157
147 158
147 159
148 156
149 164
150 155
151 162
152 161
153 165
154 163
155 174
156 173
157 176
158 168
158 169
158 170
158 175
159 171
160 174
161 176
162 173
163 167
164 166
165 172
166 178
167 179
167 184
168 177
168 180
169 186
170 181
171 182
171 187
172 181
173 186
174 184
174 185
174 186
175 183
176 187
177 191
178 194
178 188
179 192
180 197
180 198
181 193
182 192
182 189
183 190
183 191
184 196
185 193
186 195
186 196
187 198
188 203
189 204
189 205
190 203
190 209
191 202
192 200
193 200
194 208
195 199
196 201
196 206
197 202
197 207
198 204
199 214
200 214
201 210
202 217
202 219
203 210
204 211
204 213
204 218
205 220
206 220
207 216
208 212
208 216
209 215
210 226
211 226
211 228
212 224
212 231
212 223
213 221
214 229
215 229
216 225
216 227
217 229
218 222
219 230
220 230
221 232
222 237
223 236
223 240
224 242
225 242
226 238
227 232
227 233
227 234
228 235
228 239
228 241
229 242
230 241
231 233
232 251
233 250
233 253
234 245
235 249
236 243
236 248
237 252
238 251
239 253
240 247
240 249
241 244
241 246
242 251
1 2 3 4 5 6 7 8 9 10 11 
12 13 14 15 16 17 18 19 20 21 22 
23 24 25 26 27 28 29 30 31 32 33 
34 35 36 37 38 39 40 41 42 43 44 
45 46 47 48 49 50 51 52 53 54 55 
56 57 58 59 60 61 62 63 64 65 66 
67 68 69 70 71 72 73 74 75 76 77 
78 79 80 81 82 83 84 85 86 87 88 
89 90 91 92 93 94 95 96 97 98 99 
100 101 102 103 104 105 106 107 108 109 110 
111 112 113 114 115 116 117 118 119 120 121 
122 123 124 125 126 127 128 129 130 131 132 
133 134 135 136 137 138 139 140 141 142 143 
144 145 146 147 148 149 150 151 152 153 154 
155 156 157 158 159 160 161 162 163 164 165 
166 167 168 169 170 171 172 173 174 175 176 
177 178 179 180 181 182 183 184 185 186 187 
188 189 190 191 192 193 194 195 196 197 198 
199 200 201 202 203 204 205 206 207 208 209 
210 211 212 213 214 215 216 217 218 219 220 
221 222 223 224 225 226 227 228 229 230 231 
232 233 234 235 236 237 238 239 240 241 242 
243 244 245 246 247 248 249 250 251 252 253 
21 31 41 53 
38 51 57 
195 199 214 
61 67 84 
174 185 193 
4 19 25 42 
125 137 154 
50 59 70 82 
189 205 220 
143 146 157 
228 235 249 
226 238 251 
222 237 252 
89 105 119 
86 92 106 117 
149 164 166 178 
72 78 95 
56 69 79 
151 162 173 
96 108 111 
167 179 192 
130 135 148 
115 132 138 
168 177 191 
197 207 216 
158 170 181 
102 114 124 134 
26 36 47 
190 209 215 229 
3 13 33 
29 37 54 
81 97 109 
43 45 62 
22 32 35 
73 80 99 
202 219 230 
196 201 210 
127 140 147 
110 121 129 
227 234 245 
212 231 233 
68 83 98 
213 221 232 
75 85 90 
112 123 141 
