372 495 31 68
1 20
2 22
3 16
4 22
5 20
6 15
6 17
6 21
7 14
7 24
8 23
9 18
9 19
9 23
10 13
11 23
12 13
13 35
14 28
15 32
15 33
16 30
17 25
18 25
19 36
20 31
21 26
22 29
23 27
24 34
24 30
25 46
26 45
26 46
27 41
28 38
28 47
29 42
30 48
31 44
32 42
33 39
34 40
34 48
35 43
36 37
36 48
37 54
38 53
38 59
39 51
40 53
41 56
41 57
42 49
42 51
43 50
44 55
45 54
46 52
46 58
47 54
48 60
49 70
50 61
51 65
51 62
52 64
52 63
53 66
54 68
55 61
56 68
57 72
58 69
59 66
60 67
60 71
61 74
62 79
63 76
64 77
64 78
65 80
66 75
66 83
66 84
67 77
68 73
68 82
69 74
70 83
71 76
72 74
72 81
73 92
74 94
75 92
76 88
76 92
76 93
76 95
77 86
77 87
78 89
79 90
80 96
81 85
81 91
82 91
83 92
84 90
85 102
86 105
87 100
88 100
89 108
90 97
90 101
91 97
91 98
92 106
93 103
94 107
95 99
95 102
96 104
97 113
98 118
99 109
99 116
100 113
101 119
102 114
103 116
104 117
104 118
105 113
105 120
106 112
106 119
107 110
107 115
108 111
109 130
109 123
110 127
111 122
112 130
113 128
113 132
114 132
115 129
115 125
115 126
116 129
117 131
118 122
119 132
119 124
120 121
121 133
121 134
122 135
122 144
123 141
123 142
124 144
125 138
126 137
126 140
127 143
128 141
129 136
129 141
130 143
131 138
132 139
132 140
133 147
134 149
135 152
136 155
137 145
137 150
138 146
139 154
140 153
141 151
142 155
142 156
143 148
144 152
145 168
145 159
146 162
146 159
147 164
148 161
149 163
149 157
150 160
150 166
151 161
152 161
153 158
154 164
154 165
155 160
156 167
157 175
158 180
159 174
160 173
160 179
161 172
161 175
161 176
162 180
163 170
163 174
163 175
164 171
164 173
165 176
166 169
166 178
167 177
167 178
168 175
169 191
170 181
171 185
172 188
173 187
174 182
175 184
175 189
176 182
177 192
177 183
177 186
178 186
179 187
179 190
180 189
181 199
181 204
182 202
183 195
184 201
185 193
185 194
186 201
187 203
188 197
189 200
190 196
191 200
192 198
193 210
193 215
193 216
194 207
194 209
194 212
195 208
195 211
196 212
197 205
198 212
199 216
200 213
201 210
202 205
202 214
203 212
204 206
205 221
206 227
207 225
208 217
209 217
209 218
210 220
211 226
211 219
211 220
212 222
213 228
213 223
214 222
215 224
216 217
217 233
218 235
219 235
220 229
220 237
221 231
222 236
223 240
224 238
225 234
226 231
227 230
227 239
228 232
229 250
229 251
230 247
231 242
231 246
232 249
233 243
234 244
235 241
235 248
236 249
236 252
237 248
238 245
238 248
239 244
240 244
241 261
242 264
243 262
243 263
244 256
245 260
245 262
246 257
246 255
247 259
248 258
248 254
249 256
250 254
251 262
252 253
253 269
254 265
254 266
255 276
256 272
256 273
257 267
257 271
258 275
258 276
259 276
260 271
261 265
262 270
262 274
263 265
264 268
265 284
265 286
266 279
266 285
267 277
267 287
268 280
268 282
269 282
270 283
271 281
272 283
273 277
273 278
274 288
275 281
276 281
277 296
278 295
278 298
279 290
279 295
280 292
281 300
282 294
282 295
283 293
284 293
285 299
286 289
287 291
288 297
289 301
290 307
291 307
292 306
292 308
293 303
293 307
293 311
294 303
295 310
296 302
297 312
298 305
298 309
299 304
300 301
301 324
301 317
302 320
302 316
302 317
303 320
303 322
304 314
304 317
305 317
306 313
307 313
308 323
309 321
309 317
310 313
311 323
311 313
311 315
311 319
312 323
312 318
313 327
313 336
314 334
315 328
315 332
316 335
317 330
318 325
319 329
319 331
320 325
321 328
322 334
323 325
324 326
324 333
325 341
326 338
326 341
327 339
327 341
328 341
329 347
330 340
331 346
332 340
333 344
333 348
334 342
334 345
335 337
336 343
337 355
338 351
339 353
339 359
340 352
341 354
342 356
342 358
343 349
344 357
344 359
344 350
345 352
346 351
347 357
348 358
348 360
349 366
350 362
350 371
351 361
352 364
353 361
353 367
354 365
355 361
356 368
356 369
357 365
357 370
358 363
358 366
358 369
359 372
360 369
1 2 3 4 5 6 7 8 9 10 11 12 
13 14 15 16 17 18 19 20 21 22 23 24 
25 26 27 28 29 30 31 32 33 34 35 36 
37 38 39 40 41 42 43 44 45 46 47 48 
49 50 51 52 53 54 55 56 57 58 59 60 
61 62 63 64 65 66 67 68 69 70 71 72 
73 74 75 76 77 78 79 80 81 82 83 84 
85 86 87 88 89 90 91 92 93 94 95 96 
97 98 99 100 101 102 103 104 105 106 107 108 
109 110 111 112 113 114 115 116 117 118 119 120 
121 122 123 124 125 126 127 128 129 130 131 132 
133 134 135 136 137 138 139 140 141 142 143 144 
145 146 147 148 149 150 151 152 153 154 155 156 
157 158 159 160 161 162 163 164 165 166 167 168 
169 170 171 172 173 174 175 176 177 178 179 180 
181 182 183 184 185 186 187 188 189 190 191 192 
193 194 195 196 197 198 199 200 201 202 203 204 
205 206 207 208 209 210 211 212 213 214 215 216 
217 218 219 220 221 222 223 224 225 226 227 228 
229 230 231 232 233 234 235 236 237 238 239 240 
241 242 243 244 245 246 247 248 249 250 251 252 
253 254 255 256 257 258 259 260 261 262 263 264 
265 266 267 268 269 270 271 272 273 274 275 276 
277 278 279 280 281 282 283 284 285 286 287 288 
289 290 291 292 293 294 295 296 297 298 299 300 
301 302 303 304 305 306 307 308 309 310 311 312 
313 314 315 316 317 318 319 320 321 322 323 324 
325 326 327 328 329 330 331 332 333 334 335 336 
337 338 339 340 341 342 343 344 345 346 347 348 
349 350 351 352 353 354 355 356 357 358 359 360 
361 362 363 364 365 366 367 368 369 370 371 372 
211 219 235 
252 253 269 282 
28 47 54 
285 299 304 
33 39 51 
193 215 224 238 
230 247 259 276 
141 151 161 
164 171 185 
78 89 108 111 122 
267 287 291 307 
38 59 66 
102 114 132 
117 131 138 
23 27 41 
105 120 121 
292 306 313 
163 170 181 
62 79 90 
217 233 243 
76 93 103 116 
145 168 175 
77 87 100 
140 153 158 180 
245 260 271 
20 31 44 55 61 
312 318 325 
106 112 130 
231 242 264 268 
188 197 205 
241 261 265 
68 73 92 
192 198 212 
303 322 334 
229 251 262 
129 136 155 
46 58 69 74 
228 232 249 
258 275 281 
204 206 227 
15 32 42 
207 225 234 244 
80 96 104 
34 40 53 
166 169 191 200 
3 16 30 
319 331 346 351 
202 214 222 
277 296 302 
309 321 328 
317 330 340 
177 183 195 
9 19 36 
341 354 365 
142 156 167 
154 165 176 
220 237 248 
343 349 366 
6 17 25 
91 98 118 
348 360 369 
335 337 355 361 
110 127 143 
286 289 301 
49 70 83 
329 347 357 
256 272 283 
119 124 144 
