280 390 14 45
1 32
2 38
3 25
4 22
5 35
6 23
7 23
8 40
9 25
9 27
10 21
11 30
11 37
12 29
12 33
13 21
13 36
14 39
15 30
16 26
16 31
16 35
17 21
18 32
19 28
19 34
20 24
21 48
21 49
22 52
23 51
24 44
24 56
25 47
26 43
26 55
27 50
28 45
28 54
29 44
30 41
31 43
32 41
33 46
33 47
34 52
34 57
35 58
36 52
36 53
37 49
38 42
38 59
38 60
39 44
40 44
41 70
42 62
42 72
43 72
44 78
44 79
45 72
45 75
46 61
46 68
46 76
46 77
47 67
48 76
48 80
49 75
50 62
51 66
52 75
53 66
53 71
54 63
54 65
54 68
55 74
56 68
56 73
57 69
58 67
58 76
59 67
59 69
60 64
60 74
60 76
61 89
61 92
62 88
63 81
64 94
65 81
66 81
67 85
68 82
68 95
69 96
69 97
70 86
71 84
72 98
73 85
74 83
74 87
75 84
76 93
76 99
77 85
78 90
79 91
79 100
80 84
81 120
82 102
82 116
83 112
83 118
84 105
84 109
85 118
86 119
87 101
88 104
88 106
88 107
88 108
88 120
89 104
89 115
90 102
91 112
92 117
92 120
93 103
93 105
94 110
94 111
94 117
95 113
96 116
97 101
98 113
98 120
99 114
99 115
100 112
101 121
102 133
102 125
103 128
104 134
104 125
105 121
105 124
105 125
106 123
107 140
108 137
108 140
109 135
110 121
111 122
112 126
113 126
114 129
114 131
114 140
115 126
116 130
116 132
116 136
117 128
117 138
118 123
119 129
120 136
120 139
120 140
120 127
121 141
122 145
122 151
123 155
124 148
124 160
125 147
125 160
126 157
127 151
128 154
129 151
130 142
130 158
131 146
131 149
132 153
132 156
132 159
133 150
133 152
134 160
135 144
135 152
136 141
137 141
138 141
139 143
140 152
141 176
142 162
142 171
143 171
144 173
145 163
145 170
146 161
147 169
147 174
148 164
148 178
149 166
150 172
151 179
152 178
153 179
154 179
155 167
156 165
156 180
157 168
157 178
158 174
159 165
159 175
160 177
161 195
161 196
162 189
162 190
163 183
163 194
164 189
165 195
166 183
167 188
168 189
169 184
169 186
169 197
170 200
171 188
172 181
172 188
173 195
174 184
174 198
175 199
176 185
176 200
177 187
178 186
178 192
179 182
179 193
180 189
180 191
181 204
182 203
182 205
183 202
183 208
183 216
184 213
185 216
186 205
186 212
187 216
188 215
188 218
189 215
189 219
190 204
190 207
190 211
191 213
192 208
193 211
193 216
194 216
195 211
196 213
196 220
197 217
198 205
198 209
198 214
198 217
199 203
199 206
199 210
200 201
200 215
201 237
202 224
203 231
204 232
205 225
206 229
207 229
207 232
207 239
208 222
209 221
210 227
210 238
211 230
211 237
212 234
213 225
214 226
214 235
214 240
215 229
216 236
217 223
218 229
219 233
220 228
221 259
221 243
221 251
222 246
223 249
224 246
225 254
226 246
227 251
228 260
229 258
230 248
230 253
231 255
232 243
233 257
234 241
235 256
235 241
235 247
236 244
237 252
238 250
239 245
240 242
241 276
241 278
242 265
242 274
243 261
243 280
244 269
245 273
246 263
246 270
247 267
248 272
249 267
250 267
251 268
251 271
252 264
252 280
253 266
253 274
253 280
254 275
254 278
255 274
256 262
256 273
257 269
258 276
258 277
259 269
259 279
260 272
1 2 3 4 5 6 7 8 9 10 11 12 13 14 15 16 17 18 19 20 
21 22 23 24 25 26 27 28 29 30 31 32 33 34 35 36 37 38 39 40 
41 42 43 44 45 46 47 48 49 50 51 52 53 54 55 56 57 58 59 60 
61 62 63 64 65 66 67 68 69 70 71 72 73 74 75 76 77 78 79 80 
81 82 83 84 85 86 87 88 89 90 91 92 93 94 95 96 97 98 99 100 
101 102 103 104 105 106 107 108 109 110 111 112 113 114 115 116 117 118 119 120 
121 122 123 124 125 126 127 128 129 130 131 132 133 134 135 136 137 138 139 140 
141 142 143 144 145 146 147 148 149 150 151 152 153 154 155 156 157 158 159 160 
161 162 163 164 165 166 167 168 169 170 171 172 173 174 175 176 177 178 179 180 
181 182 183 184 185 186 187 188 189 190 191 192 193 194 195 196 197 198 199 200 
201 202 203 204 205 206 207 208 209 210 211 212 213 214 215 216 217 218 219 220 
221 222 223 224 225 226 227 228 229 230 231 232 233 234 235 236 237 238 239 240 
241 242 243 244 245 246 247 248 249 250 251 252 253 254 255 256 257 258 259 260 
261 262 263 264 265 266 267 268 269 270 271 272 273 274 275 276 277 278 279 280 
231 255 274 
46 77 85 
132 153 179 
48 80 84 
130 158 174 
12 29 44 
214 240 242 
133 150 172 
236 244 269 
131 146 161 
88 106 123 
120 139 143 171 
238 250 267 
11 37 49 
198 209 221 
94 110 121 
41 70 86 119 129 
178 192 208 
108 137 141 
4 22 52 
239 245 273 
188 218 229 
149 166 183 
34 57 69 
163 194 216 
210 227 251 
23 51 66 
220 228 260 272 
9 27 50 62 
144 173 195 
79 100 112 
54 63 81 
212 234 241 
93 103 128 
68 95 113 
159 175 199 
104 134 160 
148 164 189 
202 224 246 
200 201 237 
78 90 102 
74 87 101 
16 31 43 
169 197 217 
180 191 213 
