432 622 16 73
1 40
1 51
2 43
2 46
3 28
3 49
4 32
4 37
4 43
5 50
6 44
7 54
8 47
9 45
10 43
11 48
11 49
12 38
13 52
14 48
15 35
15 36
15 49
16 36
17 38
17 39
17 44
18 42
18 51
19 46
19 53
20 29
21 41
21 42
21 45
22 30
22 31
22 49
23 40
24 33
25 34
26 34
26 43
26 51
27 47
28 71
29 63
30 59
31 77
31 79
32 66
32 73
32 74
33 68
34 69
35 60
36 67
36 68
37 72
37 75
38 59
39 74
40 64
40 81
41 62
42 62
43 62
44 56
45 57
46 61
46 65
46 68
47 70
47 80
48 64
48 76
48 79
48 80
49 69
50 71
51 68
52 55
52 64
53 58
53 63
54 64
54 78
55 90
55 97
56 97
57 82
57 92
58 96
59 95
60 98
61 89
61 92
62 89
63 90
63 101
64 97
64 103
64 106
65 84
65 86
66 85
66 87
67 101
67 105
68 100
68 107
69 103
69 104
69 105
70 98
71 104
72 108
73 101
74 83
74 84
74 108
75 91
75 94
76 98
76 105
77 91
78 101
79 87
79 88
79 108
80 99
80 102
81 85
81 93
81 94
82 114
82 123
83 110
84 114
85 126
86 134
86 124
87 131
87 109
88 127
89 135
89 113
89 114
90 129
90 116
91 133
92 130
92 120
92 124
92 127
93 120
94 114
95 132
96 121
97 128
98 120
99 110
100 112
100 113
100 122
101 117
102 110
103 118
103 126
104 111
105 119
106 132
107 125
107 127
108 115
109 143
110 147
110 154
111 145
112 138
112 154
113 143
113 146
114 156
115 148
116 159
117 147
118 160
119 139
120 136
120 154
121 153
122 152
123 160
123 162
124 142
124 150
125 147
125 155
125 158
126 143
127 145
128 149
128 161
129 149
130 137
130 152
130 161
131 144
131 145
131 151
132 141
132 145
133 147
134 140
134 157
135 146
136 179
137 163
137 185
138 164
139 175
140 165
141 179
142 176
143 175
143 178
144 169
145 171
146 174
146 184
147 168
147 186
148 188
149 181
150 183
151 172
152 166
152 189
153 185
154 170
155 171
156 177
156 189
157 173
157 182
158 187
159 167
160 180
161 176
162 165
163 202
164 190
164 195
165 202
166 203
166 213
167 208
168 212
169 204
169 214
170 192
171 202
172 215
173 216
174 205
174 214
175 201
175 207
176 195
177 191
177 194
178 210
179 193
179 198
180 199
181 213
182 200
183 196
184 210
185 209
186 199
187 212
188 197
188 207
189 206
189 211
190 217
191 234
191 241
191 242
192 223
192 232
193 219
194 226
195 230
196 243
197 243
198 217
199 224
199 228
200 221
201 242
202 220
202 239
202 243
203 218
204 219
204 238
205 229
206 218
207 221
208 234
209 227
209 229
209 234
209 236
210 225
210 229
210 235
211 237
212 220
213 242
214 226
215 222
215 231
215 240
216 233
217 261
218 259
218 268
219 266
220 261
221 267
221 269
222 255
223 244
224 251
225 258
225 261
226 264
227 246
228 247
228 248
229 255
230 259
230 253
231 257
232 262
232 254
233 245
234 266
235 250
236 260
236 249
237 259
238 259
239 264
239 265
239 270
240 256
240 255
241 263
241 264
242 252
243 266
244 289
245 276
245 287
246 277
246 291
247 288
247 294
248 284
249 271
249 273
249 278
250 280
250 295
251 278
252 275
252 293
253 293
253 297
254 279
255 272
255 297
256 286
257 289
257 290
257 292
258 271
259 279
260 285
260 290
261 279
261 282
262 278
262 293
263 274
264 297
265 283
265 296
266 297
267 276
267 282
268 276
268 282
269 281
269 286
270 295
271 301
272 316
273 300
273 308
274 310
275 322
275 324
276 301
277 317
278 304
278 307
279 301
279 306
279 314
279 320
280 299
280 302
280 316
281 323
282 298
282 303
283 313
284 316
285 304
285 311
286 309
287 307
287 318
287 322
288 313
289 305
290 304
290 317
291 316
292 310
293 306
294 304
295 310
296 315
296 319
296 321
297 312
297 324
298 341
299 334
299 347
300 342
301 337
302 328
302 342
303 340
304 330
305 329
305 346
306 336
306 345
307 325
307 335
308 332
308 338
308 341
309 326
310 327
310 340
310 348
311 337
312 336
312 349
313 344
314 336
315 331
315 333
316 325
317 342
318 339
319 331
320 341
320 351
321 326
322 343
323 350
324 326
325 367
326 361
326 370
326 375
327 354
327 355
327 377
328 364
328 369
329 353
329 366
330 365
330 371
330 376
331 353
331 354
331 373
332 368
332 373
333 354
334 374
335 365
336 357
336 377
337 377
338 359
339 352
339 374
340 374
341 369
342 367
342 368
343 358
343 360
343 368
343 372
344 377
345 357
345 369
346 363
346 374
346 378
347 356
347 363
347 374
348 366
348 376
349 372
350 357
351 362
351 373
352 396
352 405
353 391
354 390
355 386
356 383
357 402
358 385
358 397
359 401
360 404
361 402
362 394
363 381
364 380
365 379
366 387
367 388
368 398
369 405
370 392
371 379
372 393
373 392
374 389
374 399
374 382
375 384
375 387
376 403
377 395
378 400
379 417
379 423
380 429
381 422
382 411
382 424
383 410
383 415
383 421
383 425
384 418
384 429
385 416
385 428
385 430
386 408
386 412
387 426
388 426
389 420
390 428
390 432
391 426
392 419
392 427
393 406
394 427
395 421
395 428
396 408
397 414
397 427
398 422
398 427
398 430
399 421
400 407
400 409
401 430
402 431
403 426
403 427
403 429
404 425
405 413
405 414
1 2 3 4 5 6 7 8 9 10 11 12 13 14 15 16 17 18 19 20 21 22 23 24 25 26 27 
28 29 30 31 32 33 34 35 36 37 38 39 40 41 42 43 44 45 46 47 48 49 50 51 52 53 54 
55 56 57 58 59 60 61 62 63 64 65 66 67 68 69 70 71 72 73 74 75 76 77 78 79 80 81 
82 83 84 85 86 87 88 89 90 91 92 93 94 95 96 97 98 99 100 101 102 103 104 105 106 107 108 
109 110 111 112 113 114 115 116 117 118 119 120 121 122 123 124 125 126 127 128 129 130 131 132 133 134 135 
136 137 138 139 140 141 142 143 144 145 146 147 148 149 150 151 152 153 154 155 156 157 158 159 160 161 162 
163 164 165 166 167 168 169 170 171 172 173 174 175 176 177 178 179 180 181 182 183 184 185 186 187 188 189 
190 191 192 193 194 195 196 197 198 199 200 201 202 203 204 205 206 207 208 209 210 211 212 213 214 215 216 
217 218 219 220 221 222 223 224 225 226 227 228 229 230 231 232 233 234 235 236 237 238 239 240 241 242 243 
244 245 246 247 248 249 250 251 252 253 254 255 256 257 258 259 260 261 262 263 264 265 266 267 268 269 270 
271 272 273 274 275 276 277 278 279 280 281 282 283 284 285 286 287 288 289 290 291 292 293 294 295 296 297 
298 299 300 301 302 303 304 305 306 307 308 309 310 311 312 313 314 315 316 317 318 319 320 321 322 323 324 
325 326 327 328 329 330 331 332 333 334 335 336 337 338 339 340 341 342 343 344 345 346 347 348 349 350 351 
352 353 354 355 356 357 358 359 360 361 362 363 364 365 366 367 368 369 370 371 372 373 374 375 376 377 378 
379 380 381 382 383 384 385 386 387 388 389 390 391 392 393 394 395 396 397 398 399 400 401 402 403 404 405 
406 407 408 409 410 411 412 413 414 415 416 417 418 419 420 421 422 423 424 425 426 427 428 429 430 431 432 
131 144 169 
326 370 392 
240 256 286 
124 142 176 
147 168 212 
215 231 257 
15 35 60 98 
22 30 59 
308 338 359 401 430 
44 56 97 
132 141 179 
307 335 365 
287 318 339 
299 334 374 
166 203 218 
3 28 71 
285 311 337 
115 148 188 
164 190 217 
204 238 259 
269 281 323 350 357 
346 378 400 
74 83 110 
282 298 341 
157 173 216 233 245 
192 223 244 289 
363 381 422 
87 109 143 
343 360 404 425 
241 263 274 310 
228 248 284 316 
364 380 429 
21 41 62 
160 180 199 
149 181 213 
247 294 304 
58 96 121 153 185 
353 391 426 
239 270 295 
100 122 152 
31 77 91 
362 394 427 
279 314 336 
24 33 68 
327 355 386 
119 139 175 
313 344 377 
90 116 159 167 208 234 
352 396 408 
246 277 317 
81 93 120 
137 163 202 
79 88 127 
347 356 383 
315 333 354 
210 235 250 
32 73 101 
89 135 146 
123 162 165 
296 319 331 
273 300 342 
312 349 372 
125 155 171 
224 251 278 
182 200 221 
150 183 196 243 
177 194 226 
37 72 108 
20 29 63 
174 205 229 
104 111 145 
330 371 379 
225 258 271 
