140 239 10 25
1 28 
1 16 
1 19
2 21
2 25
3 16
3 20
3 23
3 26
3 28
4 28
4 18
4 23
5 16
5 28
6 16
6 23
6 26
7 23
7 16
7 25
8 16
8 22
8 27
9 15
9 23
9 26
10 24
10 25
10 27
11 25
11 26
12 16
12 25
12 27
13 25
13 26
13 27
14 17
15 30
16 31
17 37
18 34
19 33
20 32
21 35
22 40
23 29
23 32
23 39
23 40
24 38
25 39
25 41
26 40
26 42
27 39
27 40
28 29
28 32
28 36
28 40
29 44
29 55
29 47
29 52
30 52
31 51
32 44
32 56
33 44
34 45
35 48
36 43
36 44
37 54
38 50
39 46
39 47
39 49
39 50
39 52
40 47
40 50
40 53
41 46
41 53
42 46
43 68
44 60
44 61
44 64
44 65
45 61
46 58
46 59
47 65
47 70
47 69
47 57
48 60
49 67
50 57
50 59
50 69
51 64
52 58
52 69
52 70
53 57
53 59
53 62
53 63
54 63
55 70
56 68
56 60
56 66
56 70
57 82
58 72
58 79
59 71
59 72
60 80
60 81
61 76
61 78
61 80
62 74
62 75
63 79
64 72
64 78
65 80
66 76
67 77
68 73
68 81
68 83
69 78
69 84
70 72
70 73
70 79
71 90
72 92
72 95
72 96
73 85
74 89
74 97
75 97
76 94
76 95
77 93
78 98
79 87
80 94
80 95
80 96
81 91
81 94
82 92
83 88
84 86
85 106
86 105
87 102
88 104
89 111
90 112
91 101
92 108
93 109
94 107
95 100
95 108
96 103
97 109
97 110
97 111
98 99
99 113
100 124
101 122
102 120
103 116
103 120
103 124
103 125
104 121
105 124
106 117
107 115
108 114
108 118
108 120
108 124
109 125
110 120
110 125
110 123
110 126
111 123
111 125
111 126
112 119
113 131
114 132
114 137
115 130
116 134
116 128
116 140
117 129
117 136
117 135
118 132
118 136
119 140
120 128
120 137
120 140
121 130
121 135
122 129
122 127
122 132
122 135
123 128
123 133
123 140
124 128
124 136
125 139
125 138
126 133
126 138
1 2 3 4 5 6 7 8 9 10 11 12 13 14 
15 16 17 18 19 20 21 22 23 24 25 26 27 28 
29 30 31 32 33 34 35 36 37 38 39 40 41 42 
43 44 45 46 47 48 49 50 51 52 53 54 55 56 
57 58 59 60 61 62 63 64 65 66 67 68 69 70 
71 72 73 74 75 76 77 78 79 80 81 82 83 84 
85 86 87 88 89 90 91 92 93 94 95 96 97 98 
99 100 101 102 103 104 105 106 107 108 109 110 111 112 
113 114 115 116 117 118 119 120 121 122 123 124 125 126 
127 128 129 130 131 132 133 134 135 136 137 138 139 140
36 43 68
88 104 121
2 21 35 48 60
81 91 101 122
3 20 32
56 66 76 
94 107 115 130 
4 18 34 45 61 
73 85 106 117
1 19 33 44
29 55 70
78 98 99 113 131
16 31 51 64
8 22 40
69 84 86 105 124
9 15 30 52
57 82 92
10 24 38 50
79 87 102 120
26 42 46
59 71 90 112 119 140
39 49 67 77 93 109
62 75 97
14 17 37 54 63
74 89 111
