144 192 12 19
1 15
1 18
2 14
2 16
3 19
3 21
3 23
4 13
5 15
5 19
5 22
5 24
6 16
6 18
7 14
7 16
7 21
8 18
8 21
9 14
9 24
10 15
10 17
11 14
11 18
12 14
12 20
13 25
13 30
13 31
14 29
14 34
15 26
15 30
16 28
16 29
17 27
18 26
18 28
18 30
19 30
19 31
20 35
21 28
21 31 
22 36
23 33
24 26
24 32
25 45
26 42
26 46
27 37
28 38
29 47
30 42
31 40
31 42
32 41
33 39
34 48
35 44
36 43
37 55
38 50
38 53
39 51
40 54
41 58
42 57
42 58
43 50
44 59
45 52
46 56
47 53
47 49
48 60
49 64
50 61
50 62
50 63
51 71
52 67
53 66
54 65
55 72
56 68
57 69
58 61
59 70
60 63
61 84
62 75
62 81
63 82
64 73
65 78
66 80
66 76
67 77
68 76
69 74
70 83
71 79
72 82
73 85
74 90
75 91
76 94
77 93
78 88
79 93
79 95
80 88
80 89
80 93
81 86
81 87
81 92
82 94
83 94
84 96
85 102
86 100
87 101
88 102
88 105
89 104
90 103
91 97
92 97
92 107
93 105
93 106
94 99
95 108
96 98
97 114
97 118
98 112
99 115
99 120
100 113
101 115
101 116
102 114
103 109
104 110
105 119
106 114
106 120
107 117
108 111
109 123
110 132
111 121
112 125
113 129
114 132
114 128
115 125
115 126
116 121
116 131
117 126
118 127
118 128
119 124
120 122
120 123
120 130
121 138
121 144
122 143
123 138
123 140
124 144
125 135
125 137
126 140
127 133
127 136
128 134
128 142
129 135
130 133
131 139
131 140
132 141
132 142
132 144
1 2 3 4 5 6 7 8 9 10 11 12 
13 14 15 16 17 18 19 20 21 22 23 24 
25 26 27 28 29 30 31 32 33 34 35 36 
37 38 39 40 41 42 43 44 45 46 47 48 
49 50 51 52 53 54 55 56 57 58 59 60 
61 62 63 64 65 66 67 68 69 70 71 72 
73 74 75 76 77 78 79 80 81 82 83 84 
85 86 87 88 89 90 91 92 93 94 95 96 
97 98 99 100 101 102 103 104 105 106 107 108 
109 110 111 112 113 114 115 116 117 118 119 120 
121 122 123 124 125 126 127 128 129 130 131 132
133 134 135 136 137 138 139 140 141 142 143 144
13 25 45 52 67 77 93
105 119 124 144
80 89 104 110 132
3 23 33 39 51 71 79
95 108 111 121
31 40 54 65 78 88
49 64 73 85 102
42 57 69 74 90 103 109 123
5 22 36 43 50
62 75 91 97
120 130 133
26 46 56 68 76
92 107 117 126
14 34 48 60 63
81 86 100 113 129 135
10 17 27 37 55 72 82
12 20 35 44 59 70 83
24 32 41 58
61 84 96 98 112 125
