50 65 5 10
1 19
1 20
2 17
3 16
4 13
4 17
5 12
5 17
6 11
7 15
8 14
9 18
10 17
10 19
11 23
12 26
13 28
14 22
15 29
16 25
17 24
17 27
18 27
19 27
19 30
20 21
21 40
22 31
22 32
22 37
23 31
23 37
24 31
25 34
26 36
27 34
27 35
28 33
29 33
29 34
29 36
29 38
30 38
31 43
32 46
33 44
33 46
34 41
34 46
35 44
35 47
36 45
36 46
36 48
37 42
37 44
37 45
38 41
38 47
38 50
39 42
39 43
39 47
40 49
40 50
1 2 3 4 5 6 7 8 9 10
11 12 13 14 15 16 17 18 19 20
21 22 23 24 25 26 27 28 29 30
31 32 33 34 35 36 37 38 39 40
41 42 43 44 45 46 47 48 49 50
4 13 28 33
17 24 31
6 11 23
8 14 22
5 12 26 36
3 16 25 34
7 15 29
1 20 21 40
19 30 38
9 18 27


