120 154 10 17
1 17
2 14
2 16
3 15
3 16
4 14
4 20
5 13
5 14
6 18
7 19
8 14
8 16
8 23
9 20
9 21
10 20
10 22
11 23
12 20
12 24
13 34
14 35
15 29
16 28
17 33
18 27
19 31
20 25
20 26
20 27
20 29
20 32
21 30
22 36
23 26
23 27
24 25
24 27
25 38
25 39
26 38
27 41
27 44
28 40
28 45
29 40
30 42
31 37
32 47
33 44
34 43
35 48
36 46
37 55
38 59
39 58
40 51
41 49
41 52
41 53
42 57
43 54
44 50
45 52
46 50
46 56
46 57
47 56
48 60
49 66
50 63
50 64
50 72
51 63
52 64
53 65
54 61
55 67
56 64
56 68
56 70
57 69
58 69
58 71
59 70
59 71
60 62
61 79
61 80
62 82
63 79
64 78
64 83
65 78
66 74
67 81
68 77
69 73
69 76
69 81
70 73
70 76
70 84
71 76
72 75
73 92
74 90
75 93
76 89
77 86
78 95
79 94
80 85
80 88
81 96
82 91
83 85
83 94
84 87
85 106
86 105
87 102
88 104
89 97
90 99
90 108
91 101
92 103
93 98
94 106
94 107
95 99
95 100
96 108
97 111
97 119
97 120
98 111
99 114
100 118
101 110
102 120
103 109
103 116
103 120
104 112
105 109
106 118
107 110
107 115
107 117
108 113
108 114
1 2 3 4 5 6 7 8 9 10 11 12  
13 14 15 16 17 18 19 20 21 22 23 24  
25 26 27 28 29 30 31 32 33 34 35 36  
37 38 39 40 41 42 43 44 45 46 47 48  
49 50 51 52 53 54 55 56 57 58 59 60  
61 62 63 64 65 66 67 68 69 70 71 72  
73 74 75 76 77 78 79 80 81 82 83 84  
85 86 87 88 89 90 91 92 93 94 95 96  
97 98 99 100 101 102 103 104 105 106 107 108  
109 110 111 112 113 114 115 116 117 118 119 120
5 13 34 43 54 61
88 104 112
14 35 48 60
62 82 91 101 110
3 15 29
40 51 63
28 45 52
1 17 33 44
6 18 27
41 49 66 74 90
7 19 31 37 55 67 81
32 47 56
68 77 86 105 109
9 21 30 42 57
10 22 36
70 84 87 102 120
50 72 75 93 98 111
