49 72 7 6
1 8
1 9
1 12
2 10
3 8
3 13
3 14
4 9
4 10
5 9
5 10
6 11
6 14
7 8
7 10
8 18
8 20
9 21
10 16
10 19
10 21
11 17
12 18
13 15
14 16
14 18
15 24
16 22
16 28
17 27
18 22
18 25
19 23
20 25
20 26
21 22
21 25
21 28
22 29
22 32
23 35
24 30
25 34
26 33
27 31
28 32
28 34
29 37
30 41
31 38
32 39
32 41
32 42
33 36
34 40
34 42
35 42
36 48
37 47
38 44
39 44
39 47
40 44
40 45
40 49
41 43
41 46
41 49
42 43
42 45
42 48
42 49
1 2 3 4 5 6 7
8 9 10 11 12 13 14
15 16 17 18 19 20 21
22 23 24 25 26 27 28
29 30 31 32 33 34 35
36 37 38 39 40 41 42
43 44 45 46 47 48 49
20 26 33 36 48
6 11 17 27 31 38 44
10 19 23 35 42
1 12 18
22 29 37 47 
3 13 15 24 30 41
