48 72 6 9
1 9
1 12
2 10
2 13
3 9
3 13
3 16
4 10
4 11
5 9
5 10
6 13
6 14
7 16
7 15
8 10
8 16
9 21
10 18
10 19
10 21
11 17
12 18
13 22
13 21
14 20
15 24
16 18
16 22
16 20
16 23
17 27
18 26
18 25
19 26
20 28
20 32
21 25
21 28
22 25
22 29
22 32
23 31
24 30
25 34
25 35
25 36
26 34
27 33
28 34
29 37
30 40
31 39
32 39
32 38
32 36
33 41
33 43
34 43
34 42
34 46
35 42
36 43
36 46
36 48
37 47
38 44
39 44
39 47
39 48
40 44
40 45
1 2 3 4 5 6 7 8
9 10 11 12 13 14 15 16
17 18 19 20 21 22 23 24
25 26 27 28 29 30 31 32
33 34 35 36 37 38 39 40
41 42 43 44 45 46 47 48
4 11 17 27 33
10 19 26 34 43
25 35 42
1 12 18
22 29 37 47 
32 38 44
6 14 20 
16 23 31 39
7 15 24 30 40



