50 62 10 10
1 8
2 9
3 6
3 8
3 10
4 6
4 7
5 10
6 12
6 15
7 14
8 12
8 13
9 15
10 11
11 16
12 17
12 20
13 19
14 18
15 18
15 20
16 23
17 22
18 22
18 24
18 25
19 21
20 24
20 25
21 26
22 29
22 30
23 30
24 28
25 27
25 29
26 35
27 33
28 34
29 31
29 35
30 32
30 35
31 36
32 38
32 39
33 40
34 37
35 39
36 43
37 42
38 41
39 43
39 44
40 45
41 49
42 47
43 46
43 48
44 50
45 48
1 2 3 4 5
6 7 8 9 10
11 12 13 14 15
16 17 19 18 20
21 22 23 24 25
26 27 28 29 30
31 32 33 34 35
36 37 38 39 40
41 42 43 44 45
46 48 47 49 50
4 7 14 18 
25 27 33 40 45 48
12 17 22
29 31 36 43
8 13 19 21 26 35
39 44 50
2 9 15
24 28 34 37 42 47
10 11 16 23 30
32 38 41 49
