64 110 8 10
1 9
1 12
4 12
4 10
2 12
2 10
7 10
7 11
5 10
5 13
5 14
6 14
8 14
8 16
3 16
3 15
9 18
12 17
12 20
10 17
10 20
11 19
13 21
14 20
14 24
14 23
16 24
16 23
15 22
18 28
17 32
17 27
20 32
20 26
20 27
20 29
20 25
19 27
21 29
24 27
24 25
23 27
23 30
23 31
22 31
28 35
28 37
32 35
32 36
32 34
26 34
27 35
27 34
29 36
29 34
29 33
29 38
25 33
25 38
30 38
31 40
31 39
35 43
35 44
36 45
36 46
34 46
34 44
33 46
33 44
37 44
37 47
37 42
40 42
40 41
38 41
39 42
39 48
43 49
45 51
46 50
46 56
44 50
44 56
47 55
42 56
42 54
42 53
41 54
41 52
41 53
48 53
49 57
51 59
50 57
50 59
50 63
50 64
56 63
56 64
56 61
55 61
54 61
54 62
54 60
52 60
52 58
53 61
53 60
53 58
1 4 2 7 5 6 8 3
9 12 10 11 13 14 16 15
18 17 20 19 21 24 23 22
28 32 26 27 29 25 30 31
35 36 34 33 37 40 38 39
43 45 46 44 47 42 41 48
49 51 50 56 55 54 52 53
57 59 63 64 61 62 60 58
1 9 18 28
35 43 49 57
36 45 51 59
20 26 34
7 11 19 27
5 13 21 29
37 47 55 61
23 30 38
3 15 22 31
39 48 53
